INT	INT	STRING	INT	INT	INT	INT	STRING	INT	INT	INT	INT	STRING	INT
id	wave	mid	x	y	count	side	road	delay	times	money	DieTime	coordinate	RefreshTime
1	1	13:10000	23	22	1	0	-1	-1	-1	0	-1	-1	-1
2	1	20:10000	103	26	1	0	-1	-1	-1	0	-1	-1	-1
3	1	21:10000	105	101	1	0	-1	-1	-1	0	-1	-1	-1
4	1	9005:10000	87	86	1	0	-1	-1	-1	0	-1	-1	-1
5	1	9006:10000	74	79	1	0	-1	-1	-1	0	-1	-1	-1
6	1	9007:10000	64	72	1	0	-1	-1	-1	0	-1	-1	-1
7	1	2021:10000	83	30	1	0	-1	-1	-1	0	-1	-1	-1
8	1	2022:10000	92	22	1	0	-1	-1	-1	0	-1	-1	-1
9	1	2023:10000	83	30	1	0	-1	-1	-1	0	-1	-1	-1
10	1	2024:10000	92	22	1	0	-1	-1	-1	0	-1	-1	-1
11	1	2025:10000	83	30	1	0	-1	-1	-1	0	-1	-1	-1
12	1	2026:10000	92	22	1	0	-1	-1	-1	0	-1	-1	-1
13	1	9020:10000	32	10	1	0	-1	-1	-1	0	-1	-1	-1
14	1	9021:10000	40	14	1	0	-1	-1	-1	0	-1	-1	-1
15	1	9022:10000	35	19	1	0	-1	-1	-1	0	-1	-1	-1
16	1	9023:10000	44	27	1	0	-1	-1	-1	0	-1	-1	-1
17	1	9024:10000	41	23	1	0	-1	-1	-1	0	-1	-1	-1
18	1	9025:10000	51	30	1	0	-1	-1	-1	0	-1	-1	-1
19	1	9026:10000	49	37	1	0	-1	-1	-1	0	-1	-1	-1
20	1	9027:10000	56	38	1	0	-1	-1	-1	0	-1	-1	-1
21	1	2031:10000	83	30	1	0	-1	-1	-1	0	-1	-1	-1
22	1	2032:10000	92	22	1	0	-1	-1	-1	0	-1	-1	-1
101	1	20001:10000	27	35	1	0	-1	-1	-1	0	-1	-1	-1
102	1	20001:804|20002:841|20003:969|20004:951|20005:914|20006:877|20007:841|20008:804|20009:768|20010:731|20011:658|20012:622|20022:110|20023:110	27	35	1	0	-1	-1	-1	0	-1	-1	-1
103	1	20006:1136|20007:1193|20008:1250|20009:1193|20010:1136|20011:1023|20012:966|20013:909|20014:852|20022:171|20023:171	27	35	1	0	-1	-1	-1	0	-1	-1	-1
104	1	20008:979|20009:1046|20010:1111|20011:1176|20012:1111|20013:1046|20014:980|20015:850|20016:719|20017:588|20022:197|20023:197	27	35	1	0	-1	-1	-1	0	-1	-1	-1
105	1	20009:592|20010:724|20011:855|20012:1118|20013:1052|20014:987|20015:855|20016:724|20017:592|20018:526|20019:526|20020:526|20021:527|20022:198|20023:198	27	35	1	0	-1	-1	-1	0	-1	-1	-1
106	1	20015:1414|20016:1362|20017:1311|20018:1285|20019:1285|20020:1285|20021:1286|20022:386|20023:386	27	35	1	0	-1	-1	-1	0	-1	-1	-1
107	1	20007:10000	27	35	1	0	-1	-1	-1	0	-1	-1	-1
108	1	20008:10000	27	35	1	0	-1	-1	-1	0	-1	-1	-1
109	1	20009:10000	27	35	1	0	-1	-1	-1	0	-1	-1	-1
110	1	20010:10000	27	35	1	0	-1	-1	-1	0	-1	-1	-1
111	1	20011:10000	27	35	1	0	-1	-1	-1	0	-1	-1	-1
112	1	20012:10000	27	35	1	0	-1	-1	-1	0	-1	-1	-1
113	1	20013:10000	27	35	1	0	-1	-1	-1	0	-1	-1	-1
114	1	20014:10000	27	35	1	0	-1	-1	-1	0	-1	-1	-1
115	1	20015:10000	27	35	1	0	-1	-1	-1	0	-1	-1	-1
116	1	20016:10000	27	35	1	0	-1	-1	-1	0	-1	-1	-1
117	1	20017:10000	27	35	1	0	-1	-1	-1	0	-1	-1	-1
118	1	20018:10000	27	35	1	0	-1	-1	-1	0	-1	-1	-1
119	1	20019:10000	27	35	1	0	-1	-1	-1	0	-1	-1	-1
120	1	20020:10000	27	35	1	0	-1	-1	-1	0	-1	-1	-1
121	1	20021:10000	27	35	1	0	-1	-1	-1	0	-1	-1	-1
122	1	20022:10000	27	35	1	0	-1	-1	-1	0	-1	-1	-1
123	1	20023:10000	27	35	1	0	-1	-1	-1	0	-1	-1	-1
124	1	40001:10000	31	19	10	0	-1	-1	-1	0	-1	31:19|38:21|42:25|42:30|39:35|31:37|26:35|19:30|19:25|22:21	-1
125	2	40002:10000	31	23	1	0	-1	-1	-1	0	-1	-1	3
126	3	40003:10000	31	19	10	0	-1	-1	-1	0	-1	31:19|38:21|42:25|42:30|39:35|31:37|26:35|19:30|19:25|22:21	3
127	4	40004:10000	31	23	1	0	-1	-1	-1	0	-1	-1	3
128	5	40005:10000	31	19	10	0	-1	-1	-1	0	-1	31:19|38:21|42:25|42:30|39:35|31:37|26:35|19:30|19:25|22:21	3
129	6	40006:10000	31	23	1	0	-1	-1	-1	0	-1	-1	3
130	7	40007:10000	31	19	10	0	-1	-1	-1	0	-1	31:19|38:21|42:25|42:30|39:35|31:37|26:35|19:30|19:25|22:21	3
131	8	40008:10000	31	23	1	0	-1	-1	-1	0	-1	-1	3
132	9	40009:10000	31	19	10	0	-1	-1	-1	0	-1	31:19|38:21|42:25|42:30|39:35|31:37|26:35|19:30|19:25|22:21	3
133	10	40010:10000	31	23	1	0	-1	-1	-1	0	-1	-1	3
134	11	40011:10000	31	19	10	0	-1	-1	-1	0	-1	31:19|38:21|42:25|42:30|39:35|31:37|26:35|19:30|19:25|22:21	3
135	12	40012:10000	31	23	1	0	-1	-1	-1	0	-1	-1	3
136	13	40013:10000	31	19	10	0	-1	-1	-1	0	-1	31:19|38:21|42:25|42:30|39:35|31:37|26:35|19:30|19:25|22:21	3
137	14	40014:10000	31	23	1	0	-1	-1	-1	0	-1	-1	3
138	15	40015:10000	31	19	10	0	-1	-1	-1	0	-1	31:19|38:21|42:25|42:30|39:35|31:37|26:35|19:30|19:25|22:21	3
139	16	40016:10000	31	23	1	0	-1	-1	-1	0	-1	-1	3
140	17	40017:10000	31	19	10	0	-1	-1	-1	0	-1	31:19|38:21|42:25|42:30|39:35|31:37|26:35|19:30|19:25|22:21	3
141	18	40018:10000	31	23	1	0	-1	-1	-1	0	-1	-1	3
142	19	40019:10000	31	19	10	0	-1	-1	-1	0	-1	31:19|38:21|42:25|42:30|39:35|31:37|26:35|19:30|19:25|22:21	3
143	20	40020:10000	31	23	1	0	-1	-1	-1	0	-1	-1	3
144	0	40021:10000	31	19	1	1	-1	-1	-1	0	-1	-1	-1
201	1	37100:10000	34	34	1	0	-1	-1	-1	0	-1	-1	-1
1001	1	51001:10000	15	117	64	0	-1	-1	-1	0	-1	15:117|17:115|19:113|22:116|20:118|18:120|39:95|42:98|43:91|46:94|45:89|48:92|47:87|50:90|51:82|54:85|10:73|11:69|15:68|19:69|20:74|17:77|13:77|54:108|62:103|60:110|62:108|62:112|64:110|54:78|58:81|57:75|61:78|62:65|64:63|66:61|65:68|67:66|69:64|68:59|71:62|41:35|45:37|46:42|42:45|38:43|37:39|100:80|108:80|114:84|114:90|108:95|100:95|94:91|94:84|83:54|83:58|87:54|87:58|81:40|87:45|25:106|30:109|22:120	-1
1002	1	52001:10000	38	98	1	0	-1	-1	-1	0	-1	-1	3
1003	1	52001:10000	50	49	1	0	-1	-1	-1	0	-1	-1	3
1004	1	52001:10000	90	79	1	0	-1	-1	-1	0	-1	-1	3
1005	1	52001:10000	84	43	1	0	-1	-1	-1	0	-1	-1	3
1006	1	53001:10000	15	73	1	0	-1	-1	-1	0	-1	-1	5
1007	1	54001:10000	67	114	1	0	-1	-1	-1	0	-1	-1	5
1008	1	55001:10000	103	87	1	0	-1	-1	-1	0	-1	-1	5
1009	1	56001:10000	42	40	1	0	-1	-1	-1	0	-1	-1	5
1010	2	52001:10000	88	31	6	0	-1	-1	-1	0	-1	88:31|92:26|96:22|105:30|101:34|96:38	-1
1011	2	57001:10000	96	30	1	0	-1	-1	-1	0	-1	-1	-1
2001	1	51002:10000	15	117	64	0	-1	-1	-1	0	-1	15:117|17:115|19:113|22:116|20:118|18:120|39:95|42:98|43:91|46:94|45:89|48:92|47:87|50:90|51:82|54:85|10:73|11:69|15:68|19:69|20:74|17:77|13:77|54:108|62:103|60:110|62:108|62:112|64:110|54:78|58:81|57:75|61:78|62:65|64:63|66:61|65:68|67:66|69:64|68:59|71:62|41:35|45:37|46:42|42:45|38:43|37:39|100:80|108:80|114:84|114:90|108:95|100:95|94:91|94:84|83:54|83:58|87:54|87:58|81:40|87:45|25:106|30:109|22:120	-1
2002	1	52002:10000	38	98	1	0	-1	-1	-1	0	-1	-1	3
2003	1	52002:10000	50	49	1	0	-1	-1	-1	0	-1	-1	3
2004	1	52002:10000	90	79	1	0	-1	-1	-1	0	-1	-1	3
2005	1	52002:10000	84	43	1	0	-1	-1	-1	0	-1	-1	3
2006	1	53002:10000	15	73	1	0	-1	-1	-1	0	-1	-1	5
2007	1	54002:10000	67	114	1	0	-1	-1	-1	0	-1	-1	5
2008	1	55002:10000	103	87	1	0	-1	-1	-1	0	-1	-1	5
2009	1	56002:10000	42	40	1	0	-1	-1	-1	0	-1	-1	5
2010	2	52002:10000	88	31	6	0	-1	-1	-1	0	-1	88:31|92:26|96:22|105:30|101:34|96:38	-1
2011	2	57002:10000	96	30	1	0	-1	-1	-1	0	-1	-1	-1
3001	1	51003:10000	15	117	64	0	-1	-1	-1	0	-1	15:117|17:115|19:113|22:116|20:118|18:120|39:95|42:98|43:91|46:94|45:89|48:92|47:87|50:90|51:82|54:85|10:73|11:69|15:68|19:69|20:74|17:77|13:77|54:108|62:103|60:110|62:108|62:112|64:110|54:78|58:81|57:75|61:78|62:65|64:63|66:61|65:68|67:66|69:64|68:59|71:62|41:35|45:37|46:42|42:45|38:43|37:39|100:80|108:80|114:84|114:90|108:95|100:95|94:91|94:84|83:54|83:58|87:54|87:58|81:40|87:45|25:106|30:109|22:120	-1
3002	1	52003:10000	38	98	1	0	-1	-1	-1	0	-1	-1	3
3003	1	52003:10000	50	49	1	0	-1	-1	-1	0	-1	-1	3
3004	1	52003:10000	90	79	1	0	-1	-1	-1	0	-1	-1	3
3005	1	52003:10000	84	43	1	0	-1	-1	-1	0	-1	-1	3
3006	1	53003:10000	15	73	1	0	-1	-1	-1	0	-1	-1	5
3007	1	54003:10000	67	114	1	0	-1	-1	-1	0	-1	-1	5
3008	1	55003:10000	103	87	1	0	-1	-1	-1	0	-1	-1	5
3009	1	56003:10000	42	40	1	0	-1	-1	-1	0	-1	-1	5
3010	2	52003:10000	88	31	6	0	-1	-1	-1	0	-1	88:31|92:26|96:22|105:30|101:34|96:38	-1
3011	2	57003:10000	96	30	1	0	-1	-1	-1	0	-1	-1	-1
4001	1	51004:10000	15	117	64	0	-1	-1	-1	0	-1	15:117|17:115|19:113|22:116|20:118|18:120|39:95|42:98|43:91|46:94|45:89|48:92|47:87|50:90|51:82|54:85|10:73|11:69|15:68|19:69|20:74|17:77|13:77|54:108|62:103|60:110|62:108|62:112|64:110|54:78|58:81|57:75|61:78|62:65|64:63|66:61|65:68|67:66|69:64|68:59|71:62|41:35|45:37|46:42|42:45|38:43|37:39|100:80|108:80|114:84|114:90|108:95|100:95|94:91|94:84|83:54|83:58|87:54|87:58|81:40|87:45|25:106|30:109|22:120	-1
4002	1	52004:10000	38	98	1	0	-1	-1	-1	0	-1	-1	3
4003	1	52004:10000	50	49	1	0	-1	-1	-1	0	-1	-1	3
4004	1	52004:10000	90	79	1	0	-1	-1	-1	0	-1	-1	3
4005	1	52004:10000	84	43	1	0	-1	-1	-1	0	-1	-1	3
4006	1	53004:10000	15	73	1	0	-1	-1	-1	0	-1	-1	5
4007	1	54004:10000	67	114	1	0	-1	-1	-1	0	-1	-1	5
4008	1	55004:10000	103	87	1	0	-1	-1	-1	0	-1	-1	5
4009	1	56004:10000	42	40	1	0	-1	-1	-1	0	-1	-1	5
4010	2	52004:10000	88	31	6	0	-1	-1	-1	0	-1	88:31|92:26|96:22|105:30|101:34|96:38	-1
4011	2	57004:10000	96	30	1	0	-1	-1	-1	0	-1	-1	-1
5001	1	51005:10000	15	117	64	0	-1	-1	-1	0	-1	15:117|17:115|19:113|22:116|20:118|18:120|39:95|42:98|43:91|46:94|45:89|48:92|47:87|50:90|51:82|54:85|10:73|11:69|15:68|19:69|20:74|17:77|13:77|54:108|62:103|60:110|62:108|62:112|64:110|54:78|58:81|57:75|61:78|62:65|64:63|66:61|65:68|67:66|69:64|68:59|71:62|41:35|45:37|46:42|42:45|38:43|37:39|100:80|108:80|114:84|114:90|108:95|100:95|94:91|94:84|83:54|83:58|87:54|87:58|81:40|87:45|25:106|30:109|22:120	-1
5002	1	52005:10000	38	98	1	0	-1	-1	-1	0	-1	-1	3
5003	1	52005:10000	50	49	1	0	-1	-1	-1	0	-1	-1	3
5004	1	52005:10000	90	79	1	0	-1	-1	-1	0	-1	-1	3
5005	1	52005:10000	84	43	1	0	-1	-1	-1	0	-1	-1	3
5006	1	53005:10000	15	73	1	0	-1	-1	-1	0	-1	-1	5
5007	1	54005:10000	67	114	1	0	-1	-1	-1	0	-1	-1	5
5008	1	55005:10000	103	87	1	0	-1	-1	-1	0	-1	-1	5
5009	1	56005:10000	42	40	1	0	-1	-1	-1	0	-1	-1	5
5010	2	52005:10000	88	31	6	0	-1	-1	-1	0	-1	88:31|92:26|96:22|105:30|101:34|96:38	-1
5011	2	57005:10000	96	30	1	0	-1	-1	-1	0	-1	-1	-1
7001	1	16001:10000	30	26	1	0	-1	-1	-1	0	-1	-1	-1
7002	1	16002:10000	30	26	1	0	-1	-1	-1	0	-1	-1	-1
7003	1	16003:10000	30	26	1	0	-1	-1	-1	0	-1	-1	-1
7004	1	16004:10000	30	26	1	0	-1	-1	-1	0	-1	-1	-1
7005	1	16005:10000	30	26	1	0	-1	-1	-1	0	-1	-1	-1
7006	1	16006:10000	30	26	1	0	-1	-1	-1	0	-1	-1	-1
