INT	STRING	INT	INT	INT	INT	INT	INT	INT	INT	INT	INT	INT	INT	INT	INT	INT	INT	INT	INT	STRING	INT	INT	INT	INT	INT	INT	INT	INT	STRING	INT	INT	INT	INT	STRING	INT	INT	INT	INT	INT	STRING	INT	INT	INT	INT	INT	INT	INT	INT	INT	INT	INT	INT	STRING	INT	INT	INT	INT	INT	INT	INT	INT	INT	INT	INT	STRING
id	name	type	param	width	height	revive	pk_mode	anti_protect	mount	fly	viceGeneral	player_level	player_level_max	team_member	hide_mini	showMini	miniFlag	miniWidth	miniHeight	sound	image_folder	image_hint	kingdom	ui_index	map_icon_frame	world_map_icon_x	world_map_icon_y	LoaderSort	tips	Jump	Feixie	ShowGroupIcon	GongGao	MapItem	reiveTime	pvp	GuaJi	KuaFu	Clear	image_rd	Model	MaskX	MaskY	from_x	from_y	Mapname	MapDrop	XingMaiLevel	SuitID	JueWei	VipLevel	AutoFightPet	Random	DropKeJian	PetCanAtk	OfflineLeave	petSwitchAttackType	Rdx	ShowNpcList	RefreshModify	UseRandomBook	limitDay	QiQing	IsRecovery	LinkRand
50001	比奇城	1	0	10176	8092	20001	0	0	0	0	1	1	9999	0	0	1	1	475	333	1002	50001	50001	3	0	2	0	230	3	-1	1	1	1	0	1:1	-1	0	1	1	1	50001	2	0	0	97	121	1002	10000	0	-1	0	0	0	-1	1	1	0	-1	50001	1	1	1	-1	-1	1	-1
50002	荒古血路	1	0	10464	5100	20001	0	0	0	0	1	1	9999	0	0	1	1	475	333	1002	50002	50002	3	0	2	0	230	3	-1	1	1	1	0	1:1	-1	0	1	1	1	50002	2	0	0	24	110	1002	10000	0	-1	0	0	0	-1	1	1	0	-1	50002	1	1	1	-1	-1	1	-1
50009	第二大陆	1	0	2400	2074	20001	1	0	0	0	1	300	9999	0	0	1	1	475	333	1002	50009	50009	3	0	2	0	230	3	-1	1	1	1	0	1:1	-1	0	1	1	1	50009	2	0	0	30	31	1002	10000	0	-1	0	0	1	-1	1	1	0	-1	50009	1	1	1	-1	-1	1	-1
50017	地下宫殿二层	1	0	6000	4488	20001	1	0	0	0	1	200	9999	0	0	1	1	475	333	1002	50095	50095	3	0	2	0	230	1	-1	1	1	1	0	1:1	-1	0	1	1	1	50095	2	0	0	73	67	1002	10000	0	-1	0	0	1	73:66|106:34|68:122|20:119|15:64|18:11|65:13	1	1	0	0	50017	0	1	1	-1	-1	1	73:66|106:34|68:122|20:119|15:64|18:11|65:13
50018	地下宫殿三层	1	0	6000	4488	20001	1	0	0	0	1	300	9999	0	0	1	1	475	333	1002	50095	50095	3	0	2	0	230	1	-1	1	1	1	0	1:1	-1	0	1	1	1	50095	2	0	0	73	67	1002	10000	0	-1	0	0	1	73:66|106:34|68:122|20:119|15:64|18:11|65:13	1	1	0	0	50018	0	1	1	-1	-1	1	73:66|106:34|68:122|20:119|15:64|18:11|65:13
50019	地下宫殿四层	1	0	6000	4488	20001	1	0	0	0	1	400	9999	0	0	1	1	475	333	1002	50095	50095	3	0	2	0	230	1	-1	1	1	1	0	1:1	-1	0	1	1	1	50095	2	0	0	73	67	1002	10000	0	-1	0	0	1	73:66|106:34|68:122|20:119|15:64|18:11|65:13	1	1	0	0	50019	0	1	1	-1	-1	1	73:66|106:34|68:122|20:119|15:64|18:11|65:13
50020	地下宫殿五层	1	0	6000	4488	20001	1	0	0	0	1	500	9999	0	0	1	1	475	333	1002	50095	50095	3	0	2	0	230	1	-1	1	1	1	0	1:1	-1	0	1	1	1	50095	2	0	0	73	67	1002	10000	0	-1	0	0	1	73:66|106:34|68:122|20:119|15:64|18:11|65:13	1	1	0	0	50020	0	1	1	-1	-1	1	73:66|106:34|68:122|20:119|15:64|18:11|65:13
50021	地下宫殿六层	1	0	6000	4488	20001	1	0	0	0	1	600	9999	0	0	1	1	475	333	1002	50095	50095	3	0	2	0	230	1	-1	1	1	1	0	1:1	-1	0	1	1	1	50095	2	0	0	73	67	1002	10000	0	-1	0	0	1	73:66|106:34|68:122|20:119|15:64|18:11|65:13	1	1	0	0	50021	0	1	1	-1	-1	1	73:66|106:34|68:122|20:119|15:64|18:11|65:13
50022	地下宫殿七层	1	0	6000	4488	20001	1	0	0	0	1	600	9999	0	0	1	1	475	333	1002	50095	50095	3	0	2	0	230	1	-1	1	1	1	0	1:1	-1	0	1	1	1	50095	2	0	0	73	67	1002	10000	0	-1	0	0	1	73:66|106:34|68:122|20:119|15:64|18:11|65:13	1	1	0	0	50022	0	1	1	-1	-1	1	73:66|106:34|68:122|20:119|15:64|18:11|65:13
50024	星脉5重地图	1	0	6000	4182	20001	0	0	0	0	1	1	9999	0	0	1	1	475	333	1002	50024	50024	3	0	2	0	230	1	-1	1	1	1	1003	1:1	-1	0	1	1	1	50024	2	0	0	74	52	1002	10000	5	-1	0	0	1	-1	1	1	0	-1	50024	0	1	1	-1	-1	1	18:91|93:31|114:51|65:16|59:39|89:60
50025	星脉10重地图	1	0	6000	4182	20001	0	0	0	0	1	1	9999	0	0	1	1	475	333	1002	50024	50024	3	0	2	0	230	1	-1	1	1	1	1003	1:1	-1	0	1	1	1	50024	2	0	0	74	52	1002	10000	10	-1	0	0	1	-1	1	1	0	-1	50025	0	1	1	-1	-1	1	18:91|93:31|114:51|65:16|59:39|89:60
50026	星脉15重地图	1	0	6000	4182	20001	0	0	0	0	1	300	9999	0	0	1	1	475	333	1002	50024	50024	3	0	2	0	230	1	-1	1	1	1	1003	1:1	-1	0	1	1	1	50024	2	0	0	74	52	1002	10000	15	-1	0	0	1	-1	1	1	0	-1	50026	0	1	1	-1	-1	1	18:91|93:31|114:51|65:16|59:39|89:60
50027	星脉20重地图	1	0	6000	4182	20001	0	0	0	0	1	300	9999	0	0	1	1	475	333	1002	50024	50024	3	0	2	0	230	1	-1	1	1	1	1003	1:1	-1	0	1	1	1	50024	2	0	0	74	52	1002	10000	20	-1	0	0	1	-1	1	1	0	-1	50027	0	1	1	-1	-1	1	18:91|93:31|114:51|65:16|59:39|89:60
50028	星脉25重地图	1	0	6000	4182	20001	0	0	0	0	1	400	9999	0	0	1	1	475	333	1002	50024	50024	3	0	2	0	230	1	-1	1	1	1	1003	1:1	-1	0	1	1	1	50024	2	0	0	74	52	1002	10000	25	-1	0	0	1	-1	1	1	0	-1	50028	0	1	0	-1	-1	1	18:91|93:31|114:51|65:16|59:39|89:60
50029	星脉30重地图	1	0	6000	4182	20001	0	0	0	0	1	400	9999	0	0	1	1	475	333	1002	50024	50024	3	0	2	0	230	1	-1	1	1	1	1003	1:1	-1	0	1	1	1	50024	2	0	0	74	52	1002	10000	30	-1	0	0	1	-1	1	1	0	-1	50029	0	1	0	-1	-1	1	18:91|93:31|114:51|65:16|59:39|89:60
50030	星脉35重地图	1	0	6000	4182	20001	0	0	0	0	1	500	9999	0	0	1	1	475	333	1002	50024	50024	3	0	2	0	230	1	-1	1	1	1	1003	1:1	-1	0	1	1	1	50024	2	0	0	74	52	1002	10000	35	-1	0	0	1	-1	1	1	0	-1	50030	0	1	0	-1	-1	1	18:91|93:31|114:51|65:16|59:39|89:60
50031	星脉40重地图	1	0	6000	4182	20001	0	0	0	0	1	500	9999	0	0	1	1	475	333	1002	50024	50024	3	0	2	0	230	1	-1	1	1	1	1003	1:1	-1	0	1	1	1	50024	2	0	0	74	52	1002	10000	40	-1	0	0	1	-1	1	1	0	-1	50031	0	1	0	-1	-1	1	18:91|93:31|114:51|65:16|59:39|89:60
50032	星脉45重地图	1	0	6000	4182	20001	0	0	0	0	1	500	9999	0	0	1	1	475	333	1002	50024	50024	3	0	2	0	230	1	-1	1	1	1	1003	1:1	-1	0	1	1	1	50024	2	0	0	74	52	1002	10000	99	-1	0	0	1	-1	1	1	0	-1	50032	0	1	0	-1	-1	1	18:91|93:31|114:51|65:16|59:39|89:60
50033	星脉50重地图	1	0	6000	4182	20001	0	0	0	0	1	500	9999	0	0	1	1	475	333	1002	50024	50024	3	0	2	0	230	1	-1	1	1	1	1003	1:1	-1	0	1	1	1	50024	2	0	0	74	52	1002	10000	99	-1	0	0	1	-1	1	1	0	-1	50033	0	1	0	-1	-1	1	18:91|93:31|114:51|65:16|59:39|89:60
50034	荒谷血路	1	0	10464	5100	20001	1	0	0	0	1	1	9999	0	0	1	1	475	333	1002	50034	50034	3	0	2	0	230	0	-1	1	1	1	0	1:1	-1	0	1	1	1	50034	2	0	0	26	120	1002	10000	0	-1	0	0	1	-1	1	1	0	-1	50034	0	1	1	-1	-1	1	-1
50035	守护秘境	1	0	5088	3876	20001	0	0	0	0	1	1	9999	0	0	1	1	475	333	1002	50035	50035	3	0	2	0	230	1	-1	1	1	1	1003	1:1	-1	0	1	1	1	50035	2	0	0	37	41	1002	10000	0	301	0	0	1	-1	1	1	0	-1	50035	0	1	1	-1	-1	1	84:14|21:21|23:86|82:94|12:55|77:51|49:11|16:111
50036	守护秘境【妖】	1	0	5088	3876	20001	0	0	0	0	1	300	9999	0	0	1	1	475	333	1002	50035	50035	3	0	2	0	230	1	-1	1	1	1	1003	1:1	-1	0	1	1	1	50035	2	0	0	37	41	1002	10000	0	303	0	0	1	-1	1	1	0	-1	50036	0	1	1	-1	-1	1	84:14|21:21|23:86|82:94|12:55|77:51|49:11|16:111
50037	守护秘境【魔】	1	0	5088	3876	20001	0	0	0	0	1	400	9999	0	0	1	1	475	333	1002	50035	50035	3	0	2	0	230	1	-1	1	1	1	1003	1:1	-1	0	1	1	1	50035	2	0	0	37	41	1002	10000	0	305	0	0	1	-1	1	1	0	-1	50037	0	1	0	-1	-1	1	84:14|21:21|23:86|82:94|12:55|77:51|49:11|16:111
50038	守护秘境【仙】	1	0	5088	3876	20001	0	0	0	0	1	500	9999	0	0	1	1	475	333	1002	50035	50035	3	0	2	0	230	1	-1	1	1	1	1003	1:1	-1	0	1	1	1	50035	2	0	0	37	41	1002	10000	0	307	0	0	1	-1	1	1	0	-1	50038	0	1	0	-1	-1	1	84:14|21:21|23:86|82:94|12:55|77:51|49:11|16:111
50039	魅影魔窟	1	0	6288	4794	20001	0	0	0	0	1	1	300	0	0	1	1	475	333	1002	50039	50039	3	0	2	0	230	0	-1	1	1	1	0	1:1	-1	0	1	1	1	50039	2	4096	2048	88	87	1002	10000	0	-1	0	0	1	-1	0	1	0	-1	50039	0	1	1	-1	-1	1	-1
50040	九幽领地	1	0	6000	4488	20001	0	0	0	0	1	1	9999	0	0	1	1	475	333	1002	50200	50200	3	0	2	0	230	0	-1	1	1	1	0	1:1	-1	0	1	1	1	50200	2	0	0	70	58	1002	10000	0	-1	0	0	1	-1	0	1	0	-1	50200	0	1	1	-1	-1	1	-1
50041	极限挑战1层	4	5	8400	4182	20001	6	0	0	0	1	1	9999	0	0	1	1	475	333	1002	50041	50041	3	0	2	0	230	2	-1	1	1	0	1003	1:1	-1	1	1	1	1	50041	2	0	0	77	71	1002	20000	0	-1	0	0	1	-1	1	1	0	-1	50041	0	1	1	-1	-1	1	-1
50042	困惑魔殿1层	1	0	7200	4794	20001	0	0	0	0	1	100	9999	0	0	1	1	475	333	1002	50042	50042	3	0	2	0	230	1	-1	1	1	0	0	1:1	-1	0	1	1	1	50042	2	0	0	23	23	1002	10000	0	-1	0	0	1	71:80|86:104|123:79|119:45|91:27|57:24|20:54|39:103	1	1	0	-1	50042	0	1	1	-1	-1	1	71:80|86:104|123:79|119:45|91:27|57:24|20:54|39:103
50043	极限挑战2层	4	5	8400	4182	20001	6	0	0	0	1	1	9999	0	0	1	1	475	333	1002	50041	50041	3	0	2	0	230	2	-1	1	1	0	0	1:1	-1	1	1	1	1	50041	2	0	0	77	71	1002	20000	0	-1	0	0	1	-1	1	1	0	-1	50043	0	1	0	-1	-1	1	-1
50044	极限挑战3层	4	5	8400	4182	20001	6	0	0	0	1	1	9999	0	0	1	1	475	333	1002	50041	50041	3	0	2	0	230	2	-1	1	1	0	0	1:1	-1	1	1	1	1	50041	2	0	0	77	71	1002	20000	0	-1	0	0	1	-1	1	1	0	-1	50044	0	1	0	-1	-1	1	-1
50045	极限挑战4层	4	5	8400	4182	20001	6	0	0	0	1	1	9999	0	0	1	1	475	333	1002	50041	50041	3	0	2	0	230	2	-1	1	1	0	0	1:1	-1	1	1	1	1	50041	2	0	0	77	71	1002	20000	0	-1	0	0	1	-1	1	1	0	-1	50045	0	1	0	-1	-1	1	-1
50046	极限挑战5层	4	5	8400	4182	20001	6	0	0	0	1	1	9999	0	0	1	1	475	333	1002	50041	50041	3	0	2	0	230	2	-1	1	1	0	0	1:1	-1	1	1	1	1	50041	2	0	0	77	71	1002	20000	0	-1	0	0	1	-1	1	1	0	-1	50046	0	1	0	-1	-1	1	-1
50047	极限挑战6层	4	5	8400	4182	20001	6	0	0	0	1	1	9999	0	0	1	1	475	333	1002	50041	50041	3	0	2	0	230	2	-1	1	1	0	0	1:1	-1	1	1	1	1	50041	2	0	0	77	71	1002	20000	0	-1	0	0	1	-1	1	1	0	-1	50047	0	1	0	-1	-1	1	-1
50048	极限挑战7层	4	5	8400	4182	20001	6	0	0	0	1	1	9999	0	0	1	1	475	333	1002	50041	50041	3	0	2	0	230	2	-1	1	1	0	0	1:1	-1	1	1	1	1	50041	2	0	0	77	71	1002	20000	0	-1	0	0	1	-1	1	1	0	-1	50048	0	1	0	-1	-1	1	-1
50049	极限挑战8层	4	5	8400	4182	20001	6	0	0	0	1	1	9999	0	0	1	1	475	333	1002	50041	50041	3	0	2	0	230	2	-1	1	1	0	0	1:1	-1	1	1	1	1	50041	2	0	0	77	71	1002	20000	0	-1	0	0	1	-1	1	1	0	-1	50049	0	1	0	-1	-1	1	-1
50050	极限挑战9层	4	5	8400	4182	20001	6	0	0	0	1	1	9999	0	0	1	1	475	333	1002	50041	50041	3	0	2	0	230	2	-1	1	1	0	0	1:1	-1	1	1	1	1	50041	2	0	0	77	71	1002	20000	0	-1	0	0	1	-1	1	1	0	-1	50050	0	1	0	-1	-1	1	-1
50051	极限挑战10层	4	5	8400	4182	20001	6	0	0	0	1	1	9999	0	0	1	1	475	333	1002	50041	50041	3	0	2	0	230	2	-1	1	1	0	0	1:1	-1	1	1	1	1	50041	2	0	0	77	71	1002	20000	0	-1	0	0	1	-1	1	1	0	-1	50051	0	1	0	-1	-1	1	-1
50052	万毒鬼窟1层	1	0	6000	4488	20001	0	0	0	0	1	450	9999	0	0	1	1	475	333	1002	50052	50052	3	0	2	0	230	1	-1	1	1	0	0	1:1	-1	0	1	1	1	50052	2	0	0	78	68	1002	10000	0	-1	0	0	1	-1	1	1	0	-1	50052	0	1	0	-1	-1	1	78:68|14:110|114:94|118:38|74:11|10:74|10:16
50053	风云碑	4	8	5088	3298	20001	7	0	0	0	1	1	9999	0	0	1	1	475	333	1002	50053	50053	3	0	2	0	230	2	-1	1	1	0	1003	1:1	10	1	1	1	1	50053	2	0	0	51	47	1002	10000	0	-1	0	0	0	-1	1	0	0	-1	50053	0	1	0	-1	-1	1	-1
50054	天下第一	4	9	5088	2992	20001	6	0	0	0	1	1	9999	0	0	1	1	475	333	1002	50054	50054	3	0	2	0	230	2	-1	1	1	0	1003	1:1	10	1	1	1	1	50054	2	0	0	36	52	1002	10000	0	-1	0	0	0	-1	1	0	0	-1	50054	0	1	0	-1	-1	1	-1
50056	第四大陆	1	0	2400	2074	20001	1	0	0	0	1	500	9999	0	0	1	1	475	333	1002	50009	50009	3	0	2	0	230	3	-1	1	1	1	0	1:1	-1	0	1	1	1	50009	2	0	0	30	31	1002	10000	0	-1	0	0	0	-1	1	1	0	-1	50056	0	1	1	-1	-1	1	-1
50057	第五大陆	1	0	2400	2074	20001	1	0	0	0	1	600	9999	0	0	1	1	475	333	1002	50009	50009	3	0	2	0	230	3	-1	1	1	1	0	1:1	-1	0	1	1	1	50009	2	0	0	30	31	1002	10000	0	-1	0	0	0	-1	1	1	0	-1	50057	0	1	1	-1	-1	1	-1
50063	魔鬼沙漠2层	1	0	8064	5984	20001	0	0	0	0	1	430	9999	0	0	1	1	475	333	1002	50063	50063	3	0	2	0	230	1	-1	1	1	1	0	1:1	-1	0	1	1	1	50063	2	0	0	67	51	1002	10000	0	-1	0	0	1	-1	1	1	0	-1	50063	0	1	0	-1	-1	1	-1
50066	500级地图	1	0	7200	5100	20001	0	0	0	0	1	500	9999	0	0	1	1	475	333	1002	50042	50042	3	0	2	0	230	1	-1	1	1	1	0	1:1	-1	0	1	1	1	50042	2	0	0	73	80	1002	10000	0	-1	0	0	1	-1	1	1	0	-1	50066	0	1	0	-1	-1	1	-1
50067	530级地图	1	0	7200	5100	20001	0	0	0	0	1	530	9999	0	0	1	1	475	333	1002	50042	50042	3	0	2	0	230	1	-1	1	1	1	0	1:1	-1	0	1	1	1	50042	2	0	0	73	80	1002	10000	0	-1	0	0	1	-1	1	1	0	-1	50067	0	1	0	-1	-1	1	-1
50068	流放之路1层	1	0	7200	5100	20001	0	0	0	0	1	550	9999	0	0	1	1	475	333	1002	50042	50042	3	0	2	0	230	1	-1	1	1	1	0	1:1	-1	0	1	1	1	50042	2	0	0	73	80	1002	10000	0	-1	0	0	1	-1	1	1	0	-1	50068	0	1	0	-1	-1	1	-1
50069	流放之路2层	1	0	7200	5100	20001	0	0	0	0	1	580	9999	0	0	1	1	475	333	1002	50042	50042	3	0	2	0	230	1	-1	1	1	1	0	1:1	-1	0	1	1	1	50042	2	0	0	73	80	1002	10000	0	-1	0	0	1	-1	1	1	0	-1	50069	0	1	0	-1	-1	1	-1
50070	雷霆广场1层	1	0	6864	5100	20001	0	0	0	0	1	600	9999	0	0	1	1	475	333	1002	50070	50070	3	0	2	0	230	1	-1	1	1	1	0	1:1	-1	0	1	1	1	50070	2	0	0	64	77	1002	10000	0	-1	0	0	1	-1	1	1	0	-1	50070	0	1	0	-1	-1	1	27:40|99:107|81:43|110:64|28:91|56:117
50071	雷霆广场2层	1	0	6864	5100	20001	0	0	0	0	1	630	9999	0	0	1	1	475	333	1002	50071	50071	3	0	2	0	230	1	-1	1	1	1	0	1:1	-1	0	1	1	1	50071	2	0	0	58	72	1002	10000	0	-1	0	0	1	-1	1	1	0	-1	50071	0	1	0	-1	-1	1	23:77|85:27|68:117|118:70|114:111|38:43
50072	炼狱回廊1层	1	0	6000	4182	20001	0	0	0	0	1	650	9999	0	0	1	1	475	333	1002	50072	50072	3	0	2	0	230	1	-1	1	1	1	0	1:1	-1	0	1	1	1	50072	2	0	0	61	90	1002	10000	0	-1	0	0	1	-1	1	1	0	-1	50072	0	1	0	-1	-1	1	16:48|99:91|96:41|41:35
50073	炼狱回廊2层	1	0	6576	4794	20001	0	0	0	0	1	680	9999	0	0	1	1	475	333	1002	50073	50073	3	0	2	0	230	1	-1	1	1	1	0	1:1	-1	0	1	1	1	50073	2	0	0	45	87	1002	10000	0	-1	0	0	1	-1	1	1	0	-1	50073	0	1	0	-1	-1	1	110:41|29:39|28:110|112:103
50074	力拔山河	1	0	8976	5678	20001	0	0	0	0	1	1	9999	0	0	1	1	475	333	1002	50074	50074	3	0	2	0	230	1	-1	1	1	1	1003	1:1	-1	0	1	1	1	50074	2	0	0	93	80	1002	10000	0	-1	1	0	1	-1	1	1	0	-1	50074	0	1	1	-1	-1	1	93:80|33:36|155:38|160:123|42:123
50075	举世闻名	1	0	8976	5678	20001	0	0	0	0	1	1	9999	0	0	1	1	475	333	1002	50074	50074	3	0	2	0	230	1	-1	1	1	1	1003	1:1	-1	0	1	1	1	50074	2	0	0	93	80	1002	10000	0	-1	2	0	1	-1	1	1	0	-1	50075	0	1	1	-1	-1	1	93:80|33:36|155:38|160:123|42:123
50076	傲视群雄	1	0	8976	5678	20001	0	0	0	0	1	1	9999	0	0	1	1	475	333	1002	50074	50074	3	0	2	0	230	1	-1	1	1	1	1003	1:1	-1	0	1	1	1	50074	2	0	0	93	80	1002	10000	0	-1	3	0	1	-1	1	1	0	-1	50076	0	1	1	-1	-1	1	93:80|33:36|155:38|160:123|42:123
50077	纵横八方	1	0	8976	5678	20001	0	0	0	0	1	1	9999	0	0	1	1	475	333	1002	50074	50074	3	0	2	0	230	1	-1	1	1	1	1003	1:1	-1	0	1	1	1	50074	2	0	0	93	80	1002	10000	0	-1	4	0	1	-1	1	1	0	-1	50077	0	1	1	-1	-1	1	93:80|33:36|155:38|160:123|42:123
50078	威震天下	1	0	8976	5678	20001	0	0	0	0	1	1	9999	0	0	1	1	475	333	1002	50074	50074	3	0	2	0	230	1	-1	1	1	1	1003	1:1	-1	0	1	1	1	50074	2	0	0	93	80	1002	10000	0	-1	5	0	1	-1	1	1	0	-1	50078	0	1	1	-1	-1	1	93:80|33:36|155:38|160:123|42:123
50079	撼天动地	1	0	8976	5678	20001	0	0	0	0	1	1	9999	0	0	1	1	475	333	1002	50074	50074	3	0	2	0	230	1	-1	1	1	1	1003	1:1	-1	0	1	1	1	50074	2	0	0	93	80	1002	10000	0	-1	6	0	1	-1	1	1	0	-1	50079	0	1	1	-1	-1	1	93:80|33:36|155:38|160:123|42:123
50080	龙腾九州	1	0	8976	5678	20001	0	0	0	0	1	1	9999	0	0	1	1	475	333	1002	50074	50074	3	0	2	0	230	1	-1	1	1	1	1003	1:1	-1	0	1	1	1	50074	2	0	0	93	80	1002	10000	0	-1	7	0	1	-1	1	1	0	-1	50080	0	1	1	-1	-1	1	93:80|33:36|155:38|160:123|42:123
50081	天人合一	1	0	8976	5678	20001	0	0	0	0	1	1	9999	0	0	1	1	475	333	1002	50074	50074	3	0	2	0	230	1	-1	1	1	1	1003	1:1	-1	0	1	1	1	50074	2	0	0	93	80	1002	10000	0	-1	8	0	1	-1	1	1	0	-1	50081	0	1	1	-1	-1	1	93:80|33:36|155:38|160:123|42:123
50082	出神入化	1	0	8976	5678	20001	0	0	0	0	1	1	9999	0	0	1	1	475	333	1002	50074	50074	3	0	2	0	230	1	-1	1	1	1	1003	1:1	-1	0	1	1	1	50074	2	0	0	93	80	1002	10000	0	-1	9	0	1	-1	1	1	0	-1	50082	0	1	1	-1	-1	1	93:80|33:36|155:38|160:123|42:123
50083	君临天下·皇	1	0	8976	5678	20001	0	0	0	0	1	1	9999	0	0	1	1	475	333	1002	50074	50074	3	0	2	0	230	1	-1	1	1	1	1003	1:1	-1	0	1	1	1	50074	2	0	0	93	80	1002	10000	0	-1	10	0	1	-1	1	1	0	-1	50083	0	1	0	-1	-1	1	93:80|33:36|155:38|160:123|42:123
50084	超凡入圣·仙	1	0	8976	5678	20001	0	0	0	0	1	1	9999	0	0	1	1	475	333	1002	50074	50074	3	0	2	0	230	1	-1	1	1	1	1003	1:1	-1	0	1	1	1	50074	2	0	0	93	80	1002	10000	0	-1	11	0	1	-1	1	1	0	-1	50084	0	1	0	-1	-1	1	93:80|33:36|155:38|160:123|42:123
50085	摧星撼月·神	1	0	8976	5678	20001	0	0	0	0	1	1	9999	0	0	1	1	475	333	1002	50074	50074	3	0	2	0	230	1	-1	1	1	1	1003	1:1	-1	0	1	1	1	50074	2	0	0	93	80	1002	10000	0	-1	12	0	1	-1	1	1	0	-1	50085	0	1	0	-1	-1	1	93:80|33:36|155:38|160:123|42:123
50086	星罗万象·天极	1	0	8976	5678	20001	0	0	0	0	1	1	9999	0	0	1	1	475	333	1002	50074	50074	3	0	2	0	230	1	-1	1	1	1	1003	1:1	-1	0	1	1	1	50074	2	0	0	93	80	1002	10000	0	-1	13	0	1	-1	1	1	0	-1	50086	0	1	0	-1	-1	1	93:80|33:36|155:38|160:123|42:123
50087	风云化鳞·苍龙	1	0	8976	5678	20001	0	0	0	0	1	1	9999	0	0	1	1	475	333	1002	50074	50074	3	0	2	0	230	1	-1	1	1	1	1003	1:1	-1	0	1	1	1	50074	2	0	0	93	80	1002	10000	0	-1	14	0	1	-1	1	1	0	-1	50087	0	1	0	-1	-1	1	93:80|33:36|155:38|160:123|42:123
50088	焚心淬骨·魔尊	1	0	8976	5678	20001	0	0	0	0	1	1	9999	0	0	1	1	475	333	1002	50074	50074	3	0	2	0	230	1	-1	1	1	1	1003	1:1	-1	0	1	1	1	50074	2	0	0	93	80	1002	10000	0	-1	15	0	1	-1	1	1	0	-1	50088	0	1	0	-1	-1	1	93:80|33:36|155:38|160:123|42:123
50089	万劫不灭·斗神	1	0	8976	5678	20001	0	0	0	0	1	1	9999	0	0	1	1	475	333	1002	50074	50074	3	0	2	0	230	1	-1	1	1	1	1003	1:1	-1	0	1	1	1	50074	2	0	0	93	80	1002	10000	0	-1	16	0	1	-1	1	1	0	-1	50089	0	1	0	-1	-1	1	93:80|33:36|155:38|160:123|42:123
50090	普度八荒·圣尊	1	0	8976	5678	20001	0	0	0	0	1	1	9999	0	0	1	1	475	333	1002	50074	50074	3	0	2	0	230	1	-1	1	1	1	1003	1:1	-1	0	1	1	1	50074	2	0	0	93	80	1002	10000	0	-1	17	0	1	-1	1	1	0	-1	50090	0	1	0	-1	-1	1	93:80|33:36|155:38|160:123|42:123
50091	浩瀚擎天·虚祖	1	0	8976	5678	20001	0	0	0	0	1	1	9999	0	0	1	1	475	333	1002	50074	50074	3	0	2	0	230	1	-1	1	1	1	1003	1:1	-1	0	1	1	1	50074	2	0	0	93	80	1002	10000	0	-1	18	0	1	-1	1	1	0	-1	50091	0	1	0	-1	-1	1	93:80|33:36|155:38|160:123|42:123
50092	落日峡谷1层	1	0	6000	4488	20001	0	0	0	0	1	350	9999	0	0	1	1	475	333	1002	50092	50092	3	0	2	0	230	1	-1	1	1	1	0	1:1	-1	0	1	1	1	50092	2	0	0	57	62	1002	10000	0	-1	0	0	1	-1	1	1	0	-1	50092	0	1	1	-1	-1	1	12:113|87:99|114:92|63:64|113:16|34:16
50093	万毒鬼窟2层	1	0	6000	4488	20001	0	0	0	0	1	480	9999	0	0	1	1	475	333	1002	50093	50093	3	0	2	0	230	1	-1	1	1	1	0	1:1	-1	0	1	1	1	50093	2	0	0	67	53	1002	10000	0	-1	0	0	1	-1	1	1	0	-1	50093	0	1	0	-1	-1	1	67:53|104:30|26:31|107:83|11:96
50094	落日峡谷2层	1	0	6000	4488	20001	0	0	0	0	1	380	9999	0	0	1	1	475	333	1002	50094	50094	3	0	2	0	230	1	-1	1	1	1	0	1:1	-1	0	1	1	1	50094	2	0	0	40	97	1002	10000	0	-1	0	0	1	-1	1	1	0	-1	50094	0	1	1	-1	-1	1	20:107|37:96|19:36|97:51|111:104|108:21|67:27
50095	地下宫殿一层	1	0	6000	4488	20001	1	0	0	0	1	100	9999	0	0	1	1	475	333	1002	50095	50095	3	0	2	0	230	1	-1	1	1	1	0	1:1	-1	0	1	1	1	50095	2	0	0	73	67	1002	10000	0	-1	0	0	1	-1	1	1	0	-1	50095	0	1	1	-1	-1	1	-1
50096	第二大陆(落日)	1	0	3600	2380	20001	1	0	0	0	1	300	9999	0	0	1	1	475	333	1002	50096	50096	3	0	2	0	230	3	-1	1	1	1	0	1:1	-1	0	1	1	1	50096	2	0	0	40	24	1002	10000	0	-1	0	0	0	-1	1	1	0	-1	50096	1	1	1	-1	-1	1	-1
50097	第三大陆(沙漠)	1	0	3600	2380	20001	1	0	0	0	1	400	9999	0	0	1	1	475	333	1002	50097	50097	3	0	2	0	230	3	-1	1	1	1	0	1:1	-1	0	1	1	1	50097	2	0	0	41	37	1002	10000	0	-1	0	0	0	-1	1	1	0	-1	50097	1	1	1	-1	-1	1	-1
50101	幽冥地宫1层	1	0	8976	5848	20001	0	0	0	0	1	250	9999	0	0	1	1	475	333	1002	50101	50101	3	0	2	0	230	1	-1	1	1	1	0	1:1	-1	0	1	1	1	50101	2	0	0	85	88	1002	10000	0	-1	0	0	1	85:88|96:102|151:122|117:70|146:46|43:44|44:123	1	1	0	-1	50101	0	1	1	-1	-1	1	90:82|150:121|39:122|153:42|34:38
50102	极寒之地1层	1	0	8976	5848	20001	0	0	0	0	1	300	9999	0	0	1	1	475	333	1002	50102	50102	3	0	2	0	230	1	-1	1	1	1	0	1:1	-1	0	1	1	1	50102	2	0	0	96	92	1002	10000	0	-1	0	0	1	-1	1	1	0	-1	50102	0	1	1	-1	-1	1	13:99|6:41|71:103|102:88|14:18|102:64|60:10|95:19
50103	极寒之地2层	1	0	5088	3876	20001	0	0	0	0	1	330	9999	0	0	1	1	475	333	1002	50103	50103	3	0	2	0	230	1	-1	1	1	1	0	1:1	-1	0	1	1	1	50103	2	0	0	13	99	1002	10000	0	-1	0	0	1	-1	1	1	0	-1	50103	0	1	1	-1	-1	1	13:99|6:41|71:103|102:88|14:18|102:64|60:10|95:19
50105	失落高原	1	0	11968	8976	20001	0	0	0	0	1	100	9999	0	0	1	1	475	333	1002	50105	50105	3	0	2	0	230	1	-1	1	1	1	0	1:1	-1	0	1	1	1	50105	2	0	0	131	134	1002	10000	0	-1	0	0	1	-1	1	1	0	-1	50105	0	1	1	-1	-1	1	-1
50106	烈焰战场	1	0	11968	8976	20001	0	0	0	0	1	100	9999	0	0	1	1	475	333	1002	50106	50106	3	0	2	0	230	1	-1	1	1	1	1003	1:1	-1	0	1	1	1	50106	2	0	0	117	140	1002	8000	0	-1	0	0	1	115:146|116:17|217:96|40:26|236:189|214:218|47:200|105:251	1	1	0	-1	50106	0	1	1	-1	-1	1	-1
50107	魔源峰谷1层	1	0	9600	8092	20001	0	0	0	0	1	150	9999	0	0	1	1	475	333	1002	51107	51107	3	0	2	0	230	1	-1	1	1	1	0	1:1	-1	0	1	1	1	51107	2	0	0	37	181	1002	10000	0	-1	0	0	1	71:80|86:104|123:79|119:45|91:27|57:24|20:54|39:103	1	1	0	-1	51107	0	1	1	-1	-1	1	71:80|86:104|123:79|119:45|91:27|57:24|20:54|39:103
50109	魔鬼沙漠	1	0	8064	5984	20001	0	0	0	0	1	400	9999	0	0	1	1	475	333	1002	50109	50109	3	0	2	0	230	1	-1	1	1	1	0	1:1	-1	0	1	1	1	50109	2	0	0	62	89	1002	10000	0	-1	0	0	1	-1	1	1	0	-1	50109	0	1	0	-1	-1	1	30:200|85:200|80:150|35:80|100:100|130:150|100:50|161:54
50110	主城体验	1	0	8064	5984	20001	0	0	0	0	1	1	9999	0	0	1	1	475	333	1002	50110	50110	3	0	2	0	230	1	-1	1	1	1	0	1:1	-1	0	1	1	1	50110	2	0	0	72	80	1002	10000	0	-1	0	0	1	-1	1	1	0	-1	50110	0	1	1	-1	-1	1	-1
50111	绝情海岛1层	1	0	5376	3876	20001	0	0	0	0	1	200	9999	0	0	1	1	475	333	1002	50111	50111	3	0	2	0	230	1	-1	1	1	1	0	1:1	-1	0	1	1	1	50111	2	0	0	59	44	1002	10000	0	-1	0	0	1	59:44|71:58|47:94|72:30|26:60|29:28|94:78|41:48	1	1	0	-1	50111	0	1	1	-1	-1	1	11:23|81:21|96:89|8:79|50:53|8:46|94:46|50:19|54:104
50112	守护秘境【神】	1	0	5088	3876	20001	0	0	0	0	1	600	9999	0	0	1	1	475	333	1002	50035	50035	3	0	2	0	230	1	-1	1	1	1	1003	1:1	-1	0	1	1	1	50035	2	0	0	37	41	1002	10000	0	309	0	0	1	-1	1	1	0	-1	50112	0	1	0	-1	-1	1	84:14|21:21|23:86|82:94|12:55|77:51|49:11|16:111
50113	困惑魔殿2层	1	0	7200	4794	20001	0	0	0	0	1	100	9999	0	0	1	1	475	333	1002	50042	50042	3	0	2	0	230	1	-1	1	1	1	0	1:1	-1	0	1	1	1	50042	2	0	0	23	23	1002	10000	0	-1	0	0	1	71:80|86:104|123:79|119:45|91:27|57:24|20:54|39:103	1	1	0	-1	50113	0	1	1	-1	-1	1	71:80|86:104|123:79|119:45|91:27|57:24|20:54|39:103
50114	困惑魔殿3层	1	0	7200	4794	20001	0	0	0	0	1	100	9999	0	0	1	1	475	333	1002	50042	50042	3	0	2	0	230	1	-1	1	1	1	0	1:1	-1	0	1	1	1	50042	2	0	0	23	23	1002	10000	0	-1	0	0	1	71:80|86:104|123:79|119:45|91:27|57:24|20:54|39:103	1	1	0	-1	50114	0	1	1	-1	-1	1	71:80|86:104|123:79|119:45|91:27|57:24|20:54|39:103
50115	困惑魔殿4层	1	0	7200	4794	20001	0	0	0	0	1	100	9999	0	0	1	1	475	333	1002	50042	50042	3	0	2	0	230	1	-1	1	1	1	0	1:1	-1	0	1	1	1	50042	2	0	0	23	23	1002	10000	0	-1	0	0	1	71:80|86:104|123:79|119:45|91:27|57:24|20:54|39:103	1	1	0	-1	50115	0	1	1	-1	-1	1	71:80|86:104|123:79|119:45|91:27|57:24|20:54|39:103
50116	魔源峰谷2层	1	0	9600	8092	20001	0	0	0	0	1	150	9999	0	0	1	1	475	333	1002	51107	51107	3	0	2	0	230	1	-1	1	1	1	0	1:1	-1	0	1	1	1	51107	2	0	0	37	181	1002	10000	0	-1	0	0	1	30:200|85:200|80:150|35:80|100:100|130:150|100:50|161:54	1	1	0	-1	51107	0	1	1	-1	-1	1	30:200|85:200|80:150|35:80|100:100|130:150|100:50|161:54
50117	魔源峰谷3层	1	0	9600	8092	20001	0	0	0	0	1	150	9999	0	0	1	1	475	333	1002	51107	51107	3	0	2	0	230	1	-1	1	1	1	0	1:1	-1	0	1	1	1	51107	2	0	0	37	181	1002	10000	0	-1	0	0	1	30:200|85:200|80:150|35:80|100:100|130:150|100:50|161:54	1	1	0	-1	51107	0	1	1	-1	-1	1	30:200|85:200|80:150|35:80|100:100|130:150|100:50|161:54
50118	魔源峰谷4层	1	0	9600	8092	20001	0	0	0	0	1	150	9999	0	0	1	1	475	333	1002	51107	51107	3	0	2	0	230	1	-1	1	1	1	0	1:1	-1	0	1	1	1	51107	2	0	0	37	181	1002	10000	0	-1	0	0	1	30:200|85:200|80:150|35:80|100:100|130:150|100:50|161:54	1	1	0	-1	51107	0	1	1	-1	-1	1	30:200|85:200|80:150|35:80|100:100|130:150|100:50|161:54
50119	绝情海岛2层	1	0	5376	3876	20001	0	0	0	0	1	200	9999	0	0	1	1	475	333	1002	50111	50111	3	0	2	0	230	1	-1	1	1	1	0	1:1	-1	0	1	1	1	50111	2	0	0	59	44	1002	10000	0	-1	0	0	1	59:44|71:58|47:94|72:30|26:60|29:28|94:78|41:48	1	1	0	-1	50119	0	1	1	-1	-1	1	11:23|81:21|96:89|8:79|50:53|8:46|94:46|50:19|54:104
50120	绝情海岛3层	1	0	5376	3876	20001	0	0	0	0	1	200	9999	0	0	1	1	475	333	1002	50111	50111	3	0	2	0	230	1	-1	1	1	1	0	1:1	-1	0	1	1	1	50111	2	0	0	59	44	1002	10000	0	-1	0	0	1	59:44|71:58|47:94|72:30|26:60|29:28|94:78|41:48	1	1	0	-1	50120	0	1	1	-1	-1	1	11:23|81:21|96:89|8:79|50:53|8:46|94:46|50:19|54:104
50121	绝情海岛4层	1	0	5376	3876	20001	0	0	0	0	1	200	9999	0	0	1	1	475	333	1002	50111	50111	3	0	2	0	230	1	-1	1	1	1	0	1:1	-1	0	1	1	1	50111	2	0	0	59	44	1002	10000	0	-1	0	0	1	59:44|71:58|47:94|72:30|26:60|29:28|94:78|41:48	1	1	0	-1	50121	0	1	1	-1	-1	1	11:23|81:21|96:89|8:79|50:53|8:46|94:46|50:19|54:104
50122	幽冥地宫2层	1	0	8976	5848	20001	0	0	0	0	1	250	9999	0	0	1	1	475	333	1002	50101	50101	3	0	2	0	230	1	-1	1	1	1	0	1:1	-1	0	1	1	1	50101	2	0	0	85	88	1002	10000	0	-1	0	0	1	85:88|96:102|151:122|117:70|146:46|43:44|44:123	1	1	0	-1	50122	0	1	1	-1	-1	1	90:82|150:121|39:122|153:42|34:38
50123	幽冥地宫3层	1	0	8976	5848	20001	0	0	0	0	1	250	9999	0	0	1	1	475	333	1002	50101	50101	3	0	2	0	230	1	-1	1	1	1	0	1:1	-1	0	1	1	1	50101	2	0	0	85	88	1002	10000	0	-1	0	0	1	85:88|96:102|151:122|117:70|146:46|43:44|44:123	1	1	0	-1	50123	0	1	1	-1	-1	1	90:82|150:121|39:122|153:42|34:38
50124	幽冥地宫4层	1	0	8976	5848	20001	0	0	0	0	1	250	9999	0	0	1	1	475	333	1002	50101	50101	3	0	2	0	230	1	-1	1	1	1	0	1:1	-1	0	1	1	1	50101	2	0	0	85	88	1002	10000	0	-1	0	0	1	85:88|96:102|151:122|117:70|146:46|43:44|44:123	1	1	0	-1	50124	0	1	1	-1	-1	1	90:82|150:121|39:122|153:42|34:38
50125	魔界一层	1	0	6000	4488	20001	0	0	0	0	1	1	9999	0	0	1	1	475	333	1002	50040	50040	3	0	2	0	230	1	-1	1	1	1	1003	1:1	-1	0	1	1	1	50040	2	0	0	70	58	1002	11000	0	-1	0	5	1	-1	1	1	0	-1	50125	0	1	1	-1	-1	1	96:11|108:63|108:107|29:106|27:21
50126	魔界二层	1	0	6000	4488	20001	0	0	0	0	1	1	9999	0	0	1	1	475	333	1002	50040	50040	3	0	2	0	230	1	-1	1	1	1	1003	1:1	-1	0	1	1	1	50040	2	0	0	70	58	1002	12000	0	-1	0	7	1	-1	1	1	0	-1	50126	0	1	1	-1	-1	1	96:11|108:63|108:107|29:106|27:21
50127	魔界三层	1	0	6000	4488	20001	0	0	0	0	1	1	9999	0	0	1	1	475	333	1002	50040	50040	3	0	2	0	230	1	-1	1	1	1	1003	1:1	-1	0	1	1	1	50040	2	0	0	70	58	1002	13000	0	-1	0	9	1	-1	1	1	0	-1	50127	0	1	0	-1	-1	1	96:11|108:63|108:107|29:106|27:21
50128	魔界四层	1	0	6000	4488	20001	0	0	0	0	1	1	9999	0	0	1	1	475	333	1002	50040	50040	3	0	2	0	230	1	-1	1	1	1	1003	1:1	-1	0	1	1	1	50040	2	0	0	70	58	1002	14000	0	-1	0	11	1	-1	1	1	0	-1	50128	0	1	0	-1	-1	1	96:11|108:63|108:107|29:106|27:21
50129	圣域皇城	4	12	8064	4794	20001	7	0	0	0	1	1	9999	0	0	1	1	475	333	1002	50129	50129	3	0	2	0	230	2	-1	1	1	0	0	1:1	10	0	1	1	1	50129	2	0	0	70	58	1002	10000	0	-1	0	0	0	-1	1	0	0	-1	50129	0	1	1	-1	-1	1	-1
50130	圣域皇宫	4	12	2976	1768	20001	7	0	0	0	1	1	9999	0	0	1	1	475	333	1002	50130	50130	3	0	2	0	230	2	-1	1	1	0	1003	1:1	10	0	1	1	1	50130	2	0	0	43	27	1002	10000	0	-1	0	0	0	-1	1	0	1	-1	50130	0	1	1	-1	-1	1	-1
50131	沙漠圣地1层	1	0	6000	4488	20001	0	0	0	0	1	400	9999	0	0	1	1	475	333	1002	50131	50131	3	0	2	0	230	1	-1	1	1	1	0	1:1	-1	0	1	1	1	50131	2	0	0	51	82	1002	10000	0	-1	0	0	1	-1	1	1	0	-1	50131	0	1	0	-1	-1	1	24:17|62:56|103:32|104:107|21:114
50132	沙漠圣地2层	1	0	6000	4488	20001	0	0	0	0	1	430	9999	0	0	1	1	475	333	1002	50132	50132	3	0	2	0	230	1	-1	1	1	1	0	1:1	-1	0	1	1	1	50132	2	0	0	62	56	1002	10000	0	-1	0	0	1	-1	1	1	0	-1	50132	0	1	0	-1	-1	1	24:17|62:56|103:32|104:107|21:114
50133	圣域皇城	1	0	8064	4794	20001	0	0	0	0	1	1	9999	0	0	1	1	475	333	1002	50129	50129	3	0	2	0	230	2	-1	1	1	1	0	1:1	-1	0	1	1	1	50129	2	0	0	70	58	1002	10000	0	-1	0	0	1	-1	1	0	0	-1	50133	0	1	1	-1	-1	1	-1
50134	圣域战场	1	0	8064	4794	20001	0	0	0	0	1	1	9999	0	0	1	1	475	333	1002	50129	50129	3	0	2	0	230	2	-1	1	1	1	1003	1:1	-1	0	1	1	1	50129	2	0	0	70	58	1002	10000	0	-1	0	0	0	-1	1	1	1	-1	50134	0	1	1	-1	-1	1	-1
50135	极限挑战11层	4	5	8400	4182	20001	6	0	0	0	1	1	9999	0	0	1	1	475	333	1002	50041	50041	3	0	2	0	230	2	-1	1	1	0	1003	1:1	-1	1	1	1	1	50041	2	0	0	77	71	1002	20000	0	-1	0	0	1	-1	1	1	0	-1	50135	0	1	0	-1	-1	1	-1
50136	极限挑战12层	4	5	8400	4182	20001	6	0	0	0	1	1	9999	0	0	1	1	475	333	1002	50041	50041	3	0	2	0	230	2	-1	1	1	0	1003	1:1	-1	1	1	1	1	50041	2	0	0	77	71	1002	20000	0	-1	0	0	1	-1	1	1	0	-1	50136	0	1	0	-1	-1	1	-1
50137	极限挑战13层	4	5	8400	4182	20001	6	0	0	0	1	1	9999	0	0	1	1	475	333	1002	50041	50041	3	0	2	0	230	2	-1	1	1	0	1003	1:1	-1	1	1	1	1	50041	2	0	0	77	71	1002	20000	0	-1	0	0	1	-1	1	1	0	-1	50137	0	1	0	-1	-1	1	-1
50139	星空回廊1层	1	0	6000	4488	20001	0	0	0	0	1	500	9999	0	0	1	1	475	333	1002	50139	50139	3	0	2	0	230	1	-1	1	1	1	0	1:1	-1	0	1	1	1	50139	2	0	0	68	60	1002	10000	0	-1	0	0	1	-1	1	1	0	-1	50139	0	1	0	-1	-1	1	67:110|68:62|12:50|81:11
50140	冰峰雪域	1	0	12000	8976	20001	0	0	0	0	1	150	9999	0	0	1	1	475	333	1002	50140	50140	3	0	2	0	230	1	-1	1	1	1	1003	1:1	-1	0	1	1	1	50140	2	0	0	16	33	1002	8000	0	-1	0	0	1	16:33|23:248|214:36|229:226|216:96|8:159|82:48|108:12|19:181	1	1	0	-1	50140	0	1	1	-1	-1	1	-1
50141	罪恶之地	1	0	6000	4488	20001	0	0	0	0	1	20	101	0	0	1	1	475	333	1002	50040	50040	3	0	2	0	230	1	-1	1	1	1	0	1:1	-1	0	1	1	1	50040	2	0	0	70	58	1002	10000	0	-1	0	0	1	28:98|25:57|31:27|64:84|95:97|105:69|67:54|92:21	1	1	0	-1	50141	0	1	1	-1	-1	1	-1
50142	罪恶之地2	1	0	6000	4488	20001	0	0	0	0	1	20	101	0	0	1	1	475	333	1002	50040	50040	3	0	2	0	230	1	-1	1	1	1	0	1:1	-1	0	1	1	1	50040	2	0	0	70	58	1002	10000	0	-1	0	0	1	28:98|25:57|31:27|64:84|95:97|105:69|67:54|92:21	1	1	0	-1	50142	0	1	1	-1	-1	1	-1
50143	罪恶之地3	1	0	6000	4488	20001	0	0	0	0	1	20	101	0	0	1	1	475	333	1002	50040	50040	3	0	2	0	230	1	-1	1	1	1	0	1:1	-1	0	1	1	1	50040	2	0	0	70	58	1002	10000	0	-1	0	0	1	28:98|25:57|31:27|64:84|95:97|105:69|67:54|92:21	1	1	0	-1	50143	0	1	1	-1	-1	1	-1
50144	罪恶之地4	1	0	6000	4488	20001	0	0	0	0	1	20	101	0	0	1	1	475	333	1002	50040	50040	3	0	2	0	230	1	-1	1	1	1	0	1:1	-1	0	1	1	1	50040	2	0	0	70	58	1002	10000	0	-1	0	0	1	28:98|25:57|31:27|64:84|95:97|105:69|67:54|92:21	1	1	0	-1	50144	0	1	1	-1	-1	1	-1
50145	罪恶之地5	1	0	6000	4488	20001	0	0	0	0	1	20	101	0	0	1	1	475	333	1002	50040	50040	3	0	2	0	230	1	-1	1	1	1	0	1:1	-1	0	1	1	1	50040	2	0	0	70	58	1002	10000	0	-1	0	0	1	28:98|25:57|31:27|64:84|95:97|105:69|67:54|92:21	1	1	0	-1	50145	0	1	1	-1	-1	1	-1
50146	罪恶之地6	1	0	6000	4488	20001	0	0	0	0	1	20	101	0	0	1	1	475	333	1002	50040	50040	3	0	2	0	230	1	-1	1	1	1	0	1:1	-1	0	1	1	1	50040	2	0	0	70	58	1002	10000	0	-1	0	0	1	28:98|25:57|31:27|64:84|95:97|105:69|67:54|92:21	1	1	0	-1	50146	0	1	1	-1	-1	1	-1
50147	罪恶之地7	1	0	6000	4488	20001	0	0	0	0	1	20	101	0	0	1	1	475	333	1002	50040	50040	3	0	2	0	230	1	-1	1	1	1	0	1:1	-1	0	1	1	1	50040	2	0	0	70	58	1002	10000	0	-1	0	0	1	28:98|25:57|31:27|64:84|95:97|105:69|67:54|92:21	1	1	0	-1	50147	0	1	1	-1	-1	1	-1
50148	罪恶之地8	1	0	6000	4488	20001	0	0	0	0	1	20	101	0	0	1	1	475	333	1002	50040	50040	3	0	2	0	230	1	-1	1	1	1	0	1:1	-1	0	1	1	1	50040	2	0	0	70	58	1002	10000	0	-1	0	0	1	28:98|25:57|31:27|64:84|95:97|105:69|67:54|92:21	1	1	0	-1	50148	0	1	1	-1	-1	1	-1
50149	罪恶之地9	1	0	6000	4488	20001	0	0	0	0	1	20	101	0	0	1	1	475	333	1002	50040	50040	3	0	2	0	230	1	-1	1	1	1	0	1:1	-1	0	1	1	1	50040	2	0	0	70	58	1002	10000	0	-1	0	0	1	28:98|25:57|31:27|64:84|95:97|105:69|67:54|92:21	1	1	0	-1	50149	0	1	1	-1	-1	1	-1
50150	罪恶之地10	1	0	6000	4488	20001	0	0	0	0	1	20	101	0	0	1	1	475	333	1002	50040	50040	3	0	2	0	230	1	-1	1	1	1	0	1:1	-1	0	1	1	1	50040	2	0	0	70	58	1002	10000	0	-1	0	0	1	28:98|25:57|31:27|64:84|95:97|105:69|67:54|92:21	1	1	0	-1	50150	0	1	1	-1	-1	1	-1
50151	血战皇城	1	0	2976	1768	20001	1	0	0	0	1	1	9999	0	0	1	1	475	333	1002	50130	50130	3	0	2	0	230	1	-1	1	1	1	0	1:1	10	0	1	1	1	50130	2	0	0	43	27	1002	10000	0	-1	0	0	0	-1	1	1	0	-1	50151	0	1	1	-1	-1	1	-1
50152	神威之力	1	0	2400	2686	20001	1	0	0	0	1	1	9999	0	0	1	1	475	333	1002	50152	50152	3	0	2	0	230	1	-1	1	1	1	0	1:1	5	0	1	1	1	50152	2	0	0	21	43	1002	10000	0	-1	0	0	1	-1	1	1	0	-1	50152	0	1	1	-1	-1	1	-1
50153	激情战场	4	0	2976	2074	20001	0	0	0	0	1	100	9999	0	0	1	1	475	333	1002	50153	50153	3	0	2	0	230	2	-1	1	1	0	0	1:1	10	0	1	1	1	50153	2	0	0	30	30	1002	10000	0	-1	0	0	0	-1	1	0	0	-1	50153	0	1	0	-1	-1	1	-1
50154	魔界议会大厅·二	1	13	3888	2992	20001	0	0	0	0	1	300	9999	0	0	1	1	475	333	1002	50154	50154	3	0	2	0	230	1	-1	1	1	1	1003	1:1	-1	0	1	1	1	50154	2	0	0	18	78	1002	10000	0	-1	0	0	1	18:78	1	1	1	-1	50154	0	1	0	-1	-1	1	-1
50155	星空回廊2层	1	0	6000	4488	20001	0	0	0	0	1	530	9999	0	0	1	1	475	333	1002	50155	50155	3	0	2	0	230	1	-1	1	1	1	0	1:1	-1	0	1	1	1	50155	2	0	0	27	97	1002	10000	0	-1	0	0	1	-1	1	1	0	-1	50155	0	1	0	-1	-1	1	30:19|27:97|105:116|97:21
50156	第四大陆(星空)	1	0	3600	2380	20001	1	0	0	0	1	500	9999	0	0	1	1	475	333	1002	50156	50156	3	0	2	0	230	3	-1	1	1	1	0	1:1	-1	0	1	1	1	50156	2	0	0	34	32	1002	10000	0	-1	0	0	0	-1	1	1	0	-1	50156	1	1	1	-1	-1	1	-1
50157	魔界议会大厅·三	1	13	3888	2992	20001	0	0	0	0	1	400	9999	0	0	1	1	475	333	1002	50154	50154	3	0	2	0	230	1	-1	1	1	1	1003	1:1	-1	0	1	1	1	50154	2	0	0	18	78	1002	10000	0	-1	0	0	1	18:78	1	1	1	-1	50157	0	1	0	-1	-1	1	-1
50158	魔界议会大厅·四	1	13	3888	2992	20001	0	0	0	0	1	500	9999	0	0	1	1	475	333	1002	50154	50154	3	0	2	0	230	1	-1	1	1	1	1003	1:1	-1	0	1	1	1	50154	2	0	0	18	78	1002	10000	0	-1	0	0	1	18:78	1	1	1	-1	50158	0	1	0	-1	-1	1	-1
50159	秦皇地宫1层	1	0	6864	4794	20001	0	0	0	0	1	550	9999	0	0	1	1	475	333	1002	50159	50159	3	0	2	0	230	1	-1	1	1	1	0	1:1	-1	0	1	1	1	50159	2	0	0	100	37	1002	10000	0	-1	0	0	1	-1	1	1	0	-1	50159	0	1	0	-1	-1	1	36:120|130:41|76:7|25:31
50160	秦皇地宫2层	1	0	6864	4794	20001	0	0	0	0	1	580	9999	0	0	1	1	475	333	1002	50159	50159	3	0	2	0	230	1	-1	1	1	1	0	1:1	-1	0	1	1	1	50159	2	0	0	100	37	1002	10000	0	-1	0	0	1	-1	1	1	0	-1	50160	0	1	0	-1	-1	1	36:120|130:41|76:7|25:31
50161	虚空圣地	4	14	4464	2992	20001	0	0	0	0	1	100	9999	0	0	1	1	475	333	1002	50161	50161	3	0	2	0	230	1	-1	1	1	0	1003	1:1	10	0	1	1	1	50161	2	0	0	45	43	1002	10000	0	-1	0	0	1	23:49|26:51|29:54|25:54|21:54|17:52|27:58|27:54	1	0	1	-1	50161	0	1	1	-1	-1	1	-1
50162	魔灵幻狱一层	1	15	2976	2380	20001	0	0	0	0	1	300	9999	0	0	1	1	475	333	1002	50162	50162	3	0	2	0	230	1	-1	1	1	1	1003	1:1	10	0	1	1	1	50162	2	0	0	31	34	1002	10000	0	-1	0	0	1	13:27	1	1	1	-1	50162	0	1	0	-1	-1	1	-1
50163	魔灵幻狱二层	1	15	2976	2380	20001	0	0	0	0	1	300	9999	0	0	1	1	475	333	1002	50162	50162	3	0	2	0	230	1	-1	1	1	1	0	1:1	10	0	1	1	1	50162	2	0	0	31	34	1002	10000	0	-1	0	0	1	29:30	1	1	1	-1	50163	0	1	0	-1	-1	1	-1
50164	魔灵幻狱三层	1	15	2976	2380	20001	0	0	0	0	1	300	9999	0	0	1	1	475	333	1002	50162	50162	3	0	2	0	230	1	-1	1	1	1	0	1:1	10	0	1	1	1	50162	2	0	0	31	34	1002	10000	0	-1	0	0	1	29:30	1	1	1	-1	50164	0	1	0	-1	-1	1	-1
50165	魔灵幻狱四层	1	15	2976	2380	20001	0	0	0	0	1	300	9999	0	0	1	1	475	333	1002	50162	50162	3	0	2	0	230	1	-1	1	1	1	0	1:1	10	0	1	1	1	50162	2	0	0	31	34	1002	10000	0	-1	0	0	1	29:30	1	1	1	-1	50165	0	1	0	-1	-1	1	-1
50166	魔灵幻狱五层	1	15	2976	2380	20001	0	0	0	0	1	300	9999	0	0	1	1	475	333	1002	50162	50162	3	0	2	0	230	1	-1	1	1	1	0	1:1	10	0	1	1	1	50162	2	0	0	31	34	1002	10000	0	-1	0	0	1	29:30	1	1	1	-1	50166	0	1	0	-1	-1	1	-1
50167	典狱长宿舍	1	15	2976	2074	20001	0	0	0	0	1	300	9999	0	0	1	1	475	333	1002	50167	50167	3	0	2	0	230	1	-1	1	1	1	0	1:1	10	0	1	1	1	50167	2	0	0	31	33	1002	10000	0	-1	0	0	1	32:47	1	1	1	-1	50167	0	1	0	-1	-1	1	-1
50168	第五大陆(宫殿)	1	0	3600	2380	20001	1	0	0	0	1	600	9999	0	0	1	1	475	333	1002	50168	50168	3	0	2	0	230	3	-1	1	1	1	0	1:1	-1	0	1	1	1	50168	2	0	0	34	32	1002	10000	0	-1	0	0	0	-1	1	1	0	-1	50168	1	1	1	-1	-1	1	-1
50169	虚无之地1层	1	19	7200	5372	20001	0	0	0	0	1	300	9999	0	0	1	1	475	333	1002	50169	50169	3	0	2	0	230	1	-1	1	1	1	0	1:1	-1	0	1	1	1	50169	2	0	0	69	71	1002	10000	0	-1	0	0	1	-1	1	1	0	-1	50169	0	1	0	-1	-1	1	-1
50170	虚无之地2层	1	19	6000	7174	20001	0	0	0	0	1	400	9999	0	0	1	1	475	333	1002	50170	50170	3	0	2	0	230	1	-1	1	1	1	0	1:1	-1	0	1	1	1	50170	2	0	0	37	89	1002	10000	0	-1	0	0	1	-1	1	1	0	-1	50170	0	1	0	-1	-1	1	-1
50171	虚无之地3层	1	19	6000	4488	20001	0	0	0	0	1	500	9999	0	0	1	1	475	333	1002	50171	50171	3	0	2	0	230	1	-1	1	1	1	0	1:1	-1	0	1	1	1	50171	2	0	0	47	58	1002	10000	0	-1	0	0	1	-1	1	1	0	-1	50171	0	1	0	-1	-1	1	-1
50172	魔界议会大厅·五	1	13	3888	2992	20001	0	0	0	0	1	600	9999	0	0	1	1	475	333	1002	50154	50154	3	0	2	0	230	1	-1	1	1	1	1003	1:1	-1	0	1	1	1	50154	2	0	0	18	78	1002	10000	0	-1	0	0	1	18:78	1	1	1	-1	50158	0	1	0	-1	-1	1	-1
50173	兽神殿	1	22	8064	6596	20001	0	0	0	0	1	500	9999	0	0	1	1	475	333	1002	50173	50173	3	0	2	0	230	1	-1	1	1	1	0	1:1	-1	0	1	1	1	50173	2	0	0	93	66	1002	10000	0	-1	0	0	1	-1	1	1	0	-1	50173	0	1	0	-1	-1	1	-1
50174	魔界封印之地	4	7	2976	2380	50001	0	0	0	0	1	350	9999	0	0	1	1	475	333	1002	50174	50174	3	0	2	0	230	2	-1	1	1	0	0	1:1	5	0	1	2	1	50174	2	0	0	30	30	1002	10000	0	-1	0	0	0	-1	1	0	1	-1	50174	0	1	0	-1	-1	0	-1
50175	深渊魔窟	2	4	6000	4488	40003	3	0	0	0	1	300	9999	0	0	1	1	475	333	1002	50175	50175	3	0	2	0	230	1	-1	1	1	1	0	1:1	5	0	0	1	1	50175	2	0	0	30	30	1002	10000	0	-1	0	0	0	-1	1	0	1	-1	50175	0	1	0	-1	-1	1	-1
50176	深渊宝库	2	21	2976	2380	50001	0	0	0	0	1	300	9999	0	0	1	1	475	333	1002	50176	50176	3	0	2	0	230	1	-1	1	1	1	0	1:1	5	0	0	1	1	50176	2	0	0	30	30	1002	10000	0	-1	0	0	0	-1	1	0	0	-1	50176	0	1	0	-1	-1	1	-1
50177	兽神祭坛	2	23	3264	2176	50001	0	0	0	0	1	300	9999	0	0	1	1	475	333	1002	50177	50177	3	0	2	0	230	1	-1	1	1	1	0	1:1	5	0	1	1	1	50177	2	0	0	30	30	1002	10000	0	-1	0	0	1	-1	1	1	0	-1	50177	0	1	0	-1	-1	1	-1
50178	日月星辰·主宰	1	0	8976	5678	20001	0	0	0	0	1	600	9999	0	0	1	1	475	333	1002	50074	50074	3	0	2	0	230	1	-1	1	1	1	1003	1:1	-1	0	1	1	1	50074	2	0	0	93	80	1002	10000	0	-1	19	0	1	-1	1	1	0	-1	50178	0	1	0	-1	-1	1	93:80|33:36|155:38|160:123|42:123
50179	唯我独尊·天下	1	0	8976	5678	20001	0	0	0	0	1	600	9999	0	0	1	1	475	333	1002	50074	50074	3	0	2	0	230	1	-1	1	1	1	1003	1:1	-1	0	1	1	1	50074	2	0	0	93	80	1002	10000	0	-1	20	0	1	-1	1	1	0	-1	50179	0	1	0	-1	-1	1	93:80|33:36|155:38|160:123|42:123
50180	天下无敌·修神	1	0	8976	5678	20001	0	0	0	0	1	600	9999	0	0	1	1	475	333	1002	50074	50074	3	0	2	0	230	1	-1	1	1	1	1003	1:1	-1	0	1	1	1	50074	2	0	0	93	80	1002	10000	0	-1	21	0	1	-1	1	1	0	-1	50180	0	1	0	-1	-1	1	93:80|33:36|155:38|160:123|42:123
50181	心魔村	1	24	4176	2380	20001	1	0	0	0	1	500	9999	0	0	1	1	475	333	1002	50181	50181	3	0	2	0	230	3	-1	1	1	1	0	1:1	-1	0	0	1	1	50181	2	4096	4096	34	32	1002	10000	0	-1	0	0	0	-1	1	1	0	-1	50181	0	1	1	-1	0	1	-1
50182	心魔·困惑	1	25	7200	5100	20003	0	0	0	0	1	500	9999	0	0	1	1	475	333	1002	50182	50182	3	0	2	0	230	1	-1	1	1	0	0	1:1	-1	0	0	1	1	50182	2	1024	1024	73	80	1002	10000	0	-1	0	0	1	23:75|127:116|67:125|75:38|37:115|24:28|125:25|120:118	1	1	0	-1	50182	0	1	0	-1	0	1	-1
50183	怒心魔·疾风	1	25	8064	5984	20003	0	0	0	0	1	500	9999	0	0	1	1	475	333	1002	50183	50183	3	0	2	0	230	1	-1	1	1	0	0	1:1	-1	0	0	1	1	50183	2	1024	1024	126	130	1002	10000	0	-1	0	0	1	125:129|148:60|109:122|87:104|78:156|117:148|147:29	1	1	0	-1	50183	0	1	0	-1	2	1	-1
50184	思心魔·落日	1	25	6000	4488	20003	0	0	0	0	1	500	9999	0	0	1	1	475	333	1002	50184	50184	3	0	2	0	230	1	-1	1	1	0	0	1:1	-1	0	0	1	1	50184	2	1024	1024	40	97	1002	10000	0	-1	0	0	1	-1	1	1	0	-1	50184	0	1	0	-1	4	1	-1
50185	恐心魔·万毒	1	25	6000	4488	20003	0	0	0	0	1	500	9999	0	0	1	1	475	333	1002	50185	50185	3	0	2	0	230	1	-1	1	1	0	0	1:1	-1	0	0	1	1	50185	2	1024	1024	78	68	1002	10000	0	-1	0	0	1	-1	1	1	0	-1	50185	0	1	0	-1	6	1	-1
50186	喜心魔·困惑	1	25	7200	5100	20003	0	0	0	0	1	500	9999	0	0	1	1	475	333	1002	50182	50182	3	0	2	0	230	1	-1	1	1	0	0	1:1	-1	0	0	1	1	50182	2	1024	1024	73	80	1002	10000	0	-1	0	0	1	23:75|127:116|67:125|75:38|37:115|24:28|125:25|120:118	1	1	0	-1	50186	0	1	0	-1	1	1	-1
50187	忧心魔·疾风	1	25	8064	5984	20003	0	0	0	0	1	500	9999	0	0	1	1	475	333	1002	50183	50183	3	0	2	0	230	1	-1	1	1	0	0	1:1	-1	0	0	1	1	50183	2	1024	1024	126	130	1002	10000	0	-1	0	0	1	125:129|148:60|109:122|87:104|78:156|117:148|147:29	1	1	0	-1	50187	0	1	0	-1	3	1	-1
50188	悲心魔·落日	1	25	6000	4488	20003	0	0	0	0	1	500	9999	0	0	1	1	475	333	1002	50184	50184	3	0	2	0	230	1	-1	1	1	0	0	1:1	-1	0	0	1	1	50184	2	1024	1024	40	97	1002	10000	0	-1	0	0	1	-1	1	1	0	-1	50188	0	1	0	-1	5	1	-1
50189	惊心魔·万毒	1	25	6000	4488	20003	0	0	0	0	1	500	9999	0	0	1	1	475	333	1002	50185	50185	3	0	2	0	230	1	-1	1	1	0	0	1:1	-1	0	0	1	1	50185	2	1024	1024	78	68	1002	10000	0	-1	0	0	1	-1	1	1	0	-1	50189	0	1	0	-1	7	1	-1
51000	轮回塔	1	16	2976	2400	20001	0	0	0	0	1	305	9999	0	0	1	1	475	333	1002	51000	51000	3	0	2	0	230	1	-1	1	1	1	1003	1:1	-1	0	1	1	1	51000	2	0	0	24	39	1002	10000	0	-1	0	0	1	24:39	1	1	0	-1	51000	0	1	0	-1	-1	1	-1
51001	轮回塔1层	1	16	2976	2400	20001	0	0	0	0	1	305	9999	0	0	1	1	475	333	1002	51000	51000	3	0	2	0	230	1	-1	1	1	1	0	1:1	-1	0	1	1	1	51000	2	0	0	24	39	1002	10000	0	-1	0	0	1	24:39	1	1	0	-1	51000	0	1	0	-1	-1	1	-1
51002	轮回塔2层	1	16	2976	2400	20001	0	0	0	0	1	305	9999	0	0	1	1	475	333	1002	51000	51000	3	0	2	0	230	1	-1	1	1	1	0	1:1	-1	0	1	1	1	51000	2	0	0	24	39	1002	10000	0	-1	0	0	1	24:39	1	1	0	-1	51000	0	1	0	-1	-1	1	-1
51003	轮回塔3层	1	16	2976	2400	20001	0	0	0	0	1	305	9999	0	0	1	1	475	333	1002	51000	51000	3	0	2	0	230	1	-1	1	1	1	0	1:1	-1	0	1	1	1	51000	2	0	0	24	39	1002	10000	0	-1	0	0	1	24:39	1	1	0	-1	51000	0	1	0	-1	-1	1	-1
51004	轮回塔4层	1	16	2976	2400	20001	0	0	0	0	1	305	9999	0	0	1	1	475	333	1002	51000	51000	3	0	2	0	230	1	-1	1	1	1	0	1:1	-1	0	1	1	1	51000	2	0	0	24	39	1002	10000	0	-1	0	0	1	24:39	1	1	0	-1	51000	0	1	0	-1	-1	1	-1
51005	轮回塔5层	1	16	2976	2400	20001	0	0	0	0	1	305	9999	0	0	1	1	475	333	1002	51000	51000	3	0	2	0	230	1	-1	1	1	1	0	1:1	-1	0	1	1	1	51000	2	0	0	24	39	1002	10000	0	-1	0	0	1	24:39	1	1	0	-1	51000	0	1	0	-1	-1	1	-1
51006	轮回塔6层	1	16	2976	2400	20001	0	0	0	0	1	305	9999	0	0	1	1	475	333	1002	51000	51000	3	0	2	0	230	1	-1	1	1	1	0	1:1	-1	0	1	1	1	51000	2	0	0	24	39	1002	10000	0	-1	0	0	1	24:39	1	1	0	-1	51000	0	1	0	-1	-1	1	-1
51007	轮回塔7层	1	16	2976	2400	20001	0	0	0	0	1	305	9999	0	0	1	1	475	333	1002	51000	51000	3	0	2	0	230	1	-1	1	1	1	0	1:1	-1	0	1	1	1	51000	2	0	0	24	39	1002	10000	0	-1	0	0	1	24:39	1	1	0	-1	51000	0	1	0	-1	-1	1	-1
51008	轮回塔8层	1	16	2976	2400	20001	0	0	0	0	1	305	9999	0	0	1	1	475	333	1002	51000	51000	3	0	2	0	230	1	-1	1	1	1	0	1:1	-1	0	1	1	1	51000	2	0	0	24	39	1002	10000	0	-1	0	0	1	24:39	1	1	0	-1	51000	0	1	0	-1	-1	1	-1
51009	轮回塔9层	1	16	2976	2400	20001	0	0	0	0	1	305	9999	0	0	1	1	475	333	1002	51000	51000	3	0	2	0	230	1	-1	1	1	1	0	1:1	-1	0	1	1	1	51000	2	0	0	24	39	1002	10000	0	-1	0	0	1	24:39	1	1	0	-1	51000	0	1	0	-1	-1	1	-1
51010	轮回塔10层	1	16	2976	2400	20001	0	0	0	0	1	305	9999	0	0	1	1	475	333	1002	51000	51000	3	0	2	0	230	1	-1	1	1	1	0	1:1	-1	0	1	1	1	51000	2	0	0	24	39	1002	10000	0	-1	0	0	1	24:39	1	1	0	-1	51000	0	1	0	-1	-1	1	-1
51011	轮回塔11层	1	16	2976	2400	20001	0	0	0	0	1	305	9999	0	0	1	1	475	333	1002	51000	51000	3	0	2	0	230	1	-1	1	1	1	0	1:1	-1	0	1	1	1	51000	2	0	0	24	39	1002	10000	0	-1	0	0	1	24:39	1	1	0	-1	51000	0	1	0	-1	-1	1	-1
51012	轮回塔12层	1	16	2976	2400	20001	0	0	0	0	1	305	9999	0	0	1	1	475	333	1002	51000	51000	3	0	2	0	230	1	-1	1	1	1	0	1:1	-1	0	1	1	1	51000	2	0	0	24	39	1002	10000	0	-1	0	0	1	24:39	1	1	0	-1	51000	0	1	0	-1	-1	1	-1
51013	轮回塔13层	1	16	2976	2400	20001	0	0	0	0	1	305	9999	0	0	1	1	475	333	1002	51000	51000	3	0	2	0	230	1	-1	1	1	1	0	1:1	-1	0	1	1	1	51000	2	0	0	24	39	1002	10000	0	-1	0	0	1	24:39	1	1	0	-1	51000	0	1	0	-1	-1	1	-1
51014	轮回塔14层	1	16	2976	2400	20001	0	0	0	0	1	305	9999	0	0	1	1	475	333	1002	51000	51000	3	0	2	0	230	1	-1	1	1	1	0	1:1	-1	0	1	1	1	51000	2	0	0	24	39	1002	10000	0	-1	0	0	1	24:39	1	1	0	-1	51000	0	1	0	-1	-1	1	-1
51015	轮回塔15层	1	16	2976	2400	20001	0	0	0	0	1	305	9999	0	0	1	1	475	333	1002	51000	51000	3	0	2	0	230	1	-1	1	1	1	0	1:1	-1	0	1	1	1	51000	2	0	0	24	39	1002	10000	0	-1	0	0	1	24:39	1	1	0	-1	51000	0	1	0	-1	-1	1	-1
51016	轮回塔16层	1	16	2976	2400	20001	0	0	0	0	1	305	9999	0	0	1	1	475	333	1002	51000	51000	3	0	2	0	230	1	-1	1	1	1	0	1:1	-1	0	1	1	1	51000	2	0	0	24	39	1002	10000	0	-1	0	0	1	24:39	1	1	0	-1	51000	0	1	0	-1	-1	1	-1
51017	轮回塔17层	1	16	2976	2400	20001	0	0	0	0	1	305	9999	0	0	1	1	475	333	1002	51000	51000	3	0	2	0	230	1	-1	1	1	1	0	1:1	-1	0	1	1	1	51000	2	0	0	24	39	1002	10000	0	-1	0	0	1	24:39	1	1	0	-1	51000	0	1	0	-1	-1	1	-1
51018	轮回塔18层	1	16	2976	2400	20001	0	0	0	0	1	305	9999	0	0	1	1	475	333	1002	51000	51000	3	0	2	0	230	1	-1	1	1	1	0	1:1	-1	0	1	1	1	51000	2	0	0	24	39	1002	10000	0	-1	0	0	1	24:39	1	1	0	-1	51000	0	1	0	-1	-1	1	-1
51019	轮回塔19层	1	16	2976	2400	20001	0	0	0	0	1	305	9999	0	0	1	1	475	333	1002	51000	51000	3	0	2	0	230	1	-1	1	1	1	0	1:1	-1	0	1	1	1	51000	2	0	0	24	39	1002	10000	0	-1	0	0	1	24:39	1	1	0	-1	51000	0	1	0	-1	-1	1	-1
51020	轮回塔20层	1	16	2976	2400	20001	0	0	0	0	1	305	9999	0	0	1	1	475	333	1002	51000	51000	3	0	2	0	230	1	-1	1	1	1	0	1:1	-1	0	1	1	1	51000	2	0	0	24	39	1002	10000	0	-1	0	0	1	24:39	1	1	0	-1	51000	0	1	0	-1	-1	1	-1
51021	轮回塔21层	1	16	2976	2400	20001	0	0	0	0	1	305	9999	0	0	1	1	475	333	1002	51000	51000	3	0	2	0	230	1	-1	1	1	1	0	1:1	-1	0	1	1	1	51000	2	0	0	24	39	1002	10000	0	-1	0	0	1	24:39	1	1	0	-1	51000	0	1	0	-1	-1	1	-1
51022	轮回塔22层	1	16	2976	2400	20001	0	0	0	0	1	305	9999	0	0	1	1	475	333	1002	51000	51000	3	0	2	0	230	1	-1	1	1	1	0	1:1	-1	0	1	1	1	51000	2	0	0	24	39	1002	10000	0	-1	0	0	1	24:39	1	1	0	-1	51000	0	1	0	-1	-1	1	-1
51023	轮回塔23层	1	16	2976	2400	20001	0	0	0	0	1	305	9999	0	0	1	1	475	333	1002	51000	51000	3	0	2	0	230	1	-1	1	1	1	0	1:1	-1	0	1	1	1	51000	2	0	0	24	39	1002	10000	0	-1	0	0	1	24:39	1	1	0	-1	51000	0	1	0	-1	-1	1	-1
51024	轮回塔24层	1	16	2976	2400	20001	0	0	0	0	1	305	9999	0	0	1	1	475	333	1002	51000	51000	3	0	2	0	230	1	-1	1	1	1	0	1:1	-1	0	1	1	1	51000	2	0	0	24	39	1002	10000	0	-1	0	0	1	24:39	1	1	0	-1	51000	0	1	0	-1	-1	1	-1
51025	轮回塔25层	1	16	2976	2400	20001	0	0	0	0	1	305	9999	0	0	1	1	475	333	1002	51000	51000	3	0	2	0	230	1	-1	1	1	1	0	1:1	-1	0	1	1	1	51000	2	0	0	24	39	1002	10000	0	-1	0	0	1	24:39	1	1	0	-1	51000	0	1	0	-1	-1	1	-1
51026	轮回塔26层	1	16	2976	2400	20001	0	0	0	0	1	305	9999	0	0	1	1	475	333	1002	51000	51000	3	0	2	0	230	1	-1	1	1	1	0	1:1	-1	0	1	1	1	51000	2	0	0	24	39	1002	10000	0	-1	0	0	1	24:39	1	1	0	-1	51000	0	1	0	-1	-1	1	-1
51027	轮回塔27层	1	16	2976	2400	20001	0	0	0	0	1	305	9999	0	0	1	1	475	333	1002	51000	51000	3	0	2	0	230	1	-1	1	1	1	0	1:1	-1	0	1	1	1	51000	2	0	0	24	39	1002	10000	0	-1	0	0	1	24:39	1	1	0	-1	51000	0	1	0	-1	-1	1	-1
51028	轮回塔28层	1	16	2976	2400	20001	0	0	0	0	1	305	9999	0	0	1	1	475	333	1002	51000	51000	3	0	2	0	230	1	-1	1	1	1	0	1:1	-1	0	1	1	1	51000	2	0	0	24	39	1002	10000	0	-1	0	0	1	24:39	1	1	0	-1	51000	0	1	0	-1	-1	1	-1
51029	轮回塔29层	1	16	2976	2400	20001	0	0	0	0	1	305	9999	0	0	1	1	475	333	1002	51000	51000	3	0	2	0	230	1	-1	1	1	1	0	1:1	-1	0	1	1	1	51000	2	0	0	24	39	1002	10000	0	-1	0	0	1	24:39	1	1	0	-1	51000	0	1	0	-1	-1	1	-1
51030	轮回塔30层	1	16	2976	2400	20001	0	0	0	0	1	305	9999	0	0	1	1	475	333	1002	51000	51000	3	0	2	0	230	1	-1	1	1	1	0	1:1	-1	0	1	1	1	51000	2	0	0	24	39	1002	10000	0	-1	0	0	1	24:39	1	1	0	-1	51000	0	1	0	-1	-1	1	-1
51031	轮回塔31层	1	16	2976	2400	20001	0	0	0	0	1	305	9999	0	0	1	1	475	333	1002	51000	51000	3	0	2	0	230	1	-1	1	1	1	0	1:1	-1	0	1	1	1	51000	2	0	0	24	39	1002	10000	0	-1	0	0	1	24:39	1	1	0	-1	51000	0	1	0	-1	-1	1	-1
51032	轮回塔32层	1	16	2976	2400	20001	0	0	0	0	1	305	9999	0	0	1	1	475	333	1002	51000	51000	3	0	2	0	230	1	-1	1	1	1	0	1:1	-1	0	1	1	1	51000	2	0	0	24	39	1002	10000	0	-1	0	0	1	24:39	1	1	0	-1	51000	0	1	0	-1	-1	1	-1
51033	轮回塔33层	1	16	2976	2400	20001	0	0	0	0	1	305	9999	0	0	1	1	475	333	1002	51000	51000	3	0	2	0	230	1	-1	1	1	1	0	1:1	-1	0	1	1	1	51000	2	0	0	24	39	1002	10000	0	-1	0	0	1	24:39	1	1	0	-1	51000	0	1	0	-1	-1	1	-1
51034	轮回塔34层	1	16	2976	2400	20001	0	0	0	0	1	305	9999	0	0	1	1	475	333	1002	51000	51000	3	0	2	0	230	1	-1	1	1	1	0	1:1	-1	0	1	1	1	51000	2	0	0	24	39	1002	10000	0	-1	0	0	1	24:39	1	1	0	-1	51000	0	1	0	-1	-1	1	-1
51035	轮回塔35层	1	16	2976	2400	20001	0	0	0	0	1	305	9999	0	0	1	1	475	333	1002	51000	51000	3	0	2	0	230	1	-1	1	1	1	0	1:1	-1	0	1	1	1	51000	2	0	0	24	39	1002	10000	0	-1	0	0	1	24:39	1	1	0	-1	51000	0	1	0	-1	-1	1	-1
51036	轮回塔36层	1	16	2976	2400	20001	0	0	0	0	1	305	9999	0	0	1	1	475	333	1002	51000	51000	3	0	2	0	230	1	-1	1	1	1	0	1:1	-1	0	1	1	1	51000	2	0	0	24	39	1002	10000	0	-1	0	0	1	24:39	1	1	0	-1	51000	0	1	0	-1	-1	1	-1
51037	轮回塔37层	1	16	2976	2400	20001	0	0	0	0	1	305	9999	0	0	1	1	475	333	1002	51000	51000	3	0	2	0	230	1	-1	1	1	1	0	1:1	-1	0	1	1	1	51000	2	0	0	24	39	1002	10000	0	-1	0	0	1	24:39	1	1	0	-1	51000	0	1	0	-1	-1	1	-1
51038	轮回塔38层	1	16	2976	2400	20001	0	0	0	0	1	305	9999	0	0	1	1	475	333	1002	51000	51000	3	0	2	0	230	1	-1	1	1	1	0	1:1	-1	0	1	1	1	51000	2	0	0	24	39	1002	10000	0	-1	0	0	1	24:39	1	1	0	-1	51000	0	1	0	-1	-1	1	-1
51039	轮回塔39层	1	16	2976	2400	20001	0	0	0	0	1	305	9999	0	0	1	1	475	333	1002	51000	51000	3	0	2	0	230	1	-1	1	1	1	0	1:1	-1	0	1	1	1	51000	2	0	0	24	39	1002	10000	0	-1	0	0	1	24:39	1	1	0	-1	51000	0	1	0	-1	-1	1	-1
51040	轮回塔40层	1	16	2976	2400	20001	0	0	0	0	1	305	9999	0	0	1	1	475	333	1002	51000	51000	3	0	2	0	230	1	-1	1	1	1	0	1:1	-1	0	1	1	1	51000	2	0	0	24	39	1002	10000	0	-1	0	0	1	24:39	1	1	0	-1	51000	0	1	0	-1	-1	1	-1
51041	轮回塔41层	1	16	2976	2400	20001	0	0	0	0	1	305	9999	0	0	1	1	475	333	1002	51000	51000	3	0	2	0	230	1	-1	1	1	1	0	1:1	-1	0	1	1	1	51000	2	0	0	24	39	1002	10000	0	-1	0	0	1	24:39	1	1	0	-1	51000	0	1	0	-1	-1	1	-1
51042	轮回塔42层	1	16	2976	2400	20001	0	0	0	0	1	305	9999	0	0	1	1	475	333	1002	51000	51000	3	0	2	0	230	1	-1	1	1	1	0	1:1	-1	0	1	1	1	51000	2	0	0	24	39	1002	10000	0	-1	0	0	1	24:39	1	1	0	-1	51000	0	1	0	-1	-1	1	-1
51043	轮回塔43层	1	16	2976	2400	20001	0	0	0	0	1	305	9999	0	0	1	1	475	333	1002	51000	51000	3	0	2	0	230	1	-1	1	1	1	0	1:1	-1	0	1	1	1	51000	2	0	0	24	39	1002	10000	0	-1	0	0	1	24:39	1	1	0	-1	51000	0	1	0	-1	-1	1	-1
51044	轮回塔44层	1	16	2976	2400	20001	0	0	0	0	1	305	9999	0	0	1	1	475	333	1002	51000	51000	3	0	2	0	230	1	-1	1	1	1	0	1:1	-1	0	1	1	1	51000	2	0	0	24	39	1002	10000	0	-1	0	0	1	24:39	1	1	0	-1	51000	0	1	0	-1	-1	1	-1
51045	轮回塔45层	1	16	2976	2400	20001	0	0	0	0	1	305	9999	0	0	1	1	475	333	1002	51000	51000	3	0	2	0	230	1	-1	1	1	1	0	1:1	-1	0	1	1	1	51000	2	0	0	24	39	1002	10000	0	-1	0	0	1	24:39	1	1	0	-1	51000	0	1	0	-1	-1	1	-1
51046	轮回塔46层	1	16	2976	2400	20001	0	0	0	0	1	305	9999	0	0	1	1	475	333	1002	51000	51000	3	0	2	0	230	1	-1	1	1	1	0	1:1	-1	0	1	1	1	51000	2	0	0	24	39	1002	10000	0	-1	0	0	1	24:39	1	1	0	-1	51000	0	1	0	-1	-1	1	-1
51047	轮回塔47层	1	16	2976	2400	20001	0	0	0	0	1	305	9999	0	0	1	1	475	333	1002	51000	51000	3	0	2	0	230	1	-1	1	1	1	0	1:1	-1	0	1	1	1	51000	2	0	0	24	39	1002	10000	0	-1	0	0	1	24:39	1	1	0	-1	51000	0	1	0	-1	-1	1	-1
51048	轮回塔48层	1	16	2976	2400	20001	0	0	0	0	1	305	9999	0	0	1	1	475	333	1002	51000	51000	3	0	2	0	230	1	-1	1	1	1	0	1:1	-1	0	1	1	1	51000	2	0	0	24	39	1002	10000	0	-1	0	0	1	24:39	1	1	0	-1	51000	0	1	0	-1	-1	1	-1
51049	轮回塔49层	1	16	2976	2400	20001	0	0	0	0	1	305	9999	0	0	1	1	475	333	1002	51000	51000	3	0	2	0	230	1	-1	1	1	1	0	1:1	-1	0	1	1	1	51000	2	0	0	24	39	1002	10000	0	-1	0	0	1	24:39	1	1	0	-1	51000	0	1	0	-1	-1	1	-1
51050	轮回塔50层	1	16	2976	2400	20001	0	0	0	0	1	305	9999	0	0	1	1	475	333	1002	51000	51000	3	0	2	0	230	1	-1	1	1	1	0	1:1	-1	0	1	1	1	51000	2	0	0	24	39	1002	10000	0	-1	0	0	1	24:39	1	1	0	-1	51000	0	1	0	-1	-1	1	-1
51051	轮回塔51层	1	16	2976	2400	20001	0	0	0	0	1	305	9999	0	0	1	1	475	333	1002	51000	51000	3	0	2	0	230	1	-1	1	1	1	0	1:1	-1	0	1	1	1	51000	2	0	0	24	39	1002	10000	0	-1	0	0	1	24:39	1	1	0	-1	51000	0	1	0	-1	-1	1	-1
51052	轮回塔52层	1	16	2976	2400	20001	0	0	0	0	1	305	9999	0	0	1	1	475	333	1002	51000	51000	3	0	2	0	230	1	-1	1	1	1	0	1:1	-1	0	1	1	1	51000	2	0	0	24	39	1002	10000	0	-1	0	0	1	24:39	1	1	0	-1	51000	0	1	0	-1	-1	1	-1
51053	轮回塔53层	1	16	2976	2400	20001	0	0	0	0	1	305	9999	0	0	1	1	475	333	1002	51000	51000	3	0	2	0	230	1	-1	1	1	1	0	1:1	-1	0	1	1	1	51000	2	0	0	24	39	1002	10000	0	-1	0	0	1	24:39	1	1	0	-1	51000	0	1	0	-1	-1	1	-1
51054	轮回塔54层	1	16	2976	2400	20001	0	0	0	0	1	305	9999	0	0	1	1	475	333	1002	51000	51000	3	0	2	0	230	1	-1	1	1	1	0	1:1	-1	0	1	1	1	51000	2	0	0	24	39	1002	10000	0	-1	0	0	1	24:39	1	1	0	-1	51000	0	1	0	-1	-1	1	-1
51055	轮回塔55层	1	16	2976	2400	20001	0	0	0	0	1	305	9999	0	0	1	1	475	333	1002	51000	51000	3	0	2	0	230	1	-1	1	1	1	0	1:1	-1	0	1	1	1	51000	2	0	0	24	39	1002	10000	0	-1	0	0	1	24:39	1	1	0	-1	51000	0	1	0	-1	-1	1	-1
51056	轮回塔56层	1	16	2976	2400	20001	0	0	0	0	1	305	9999	0	0	1	1	475	333	1002	51000	51000	3	0	2	0	230	1	-1	1	1	1	0	1:1	-1	0	1	1	1	51000	2	0	0	24	39	1002	10000	0	-1	0	0	1	24:39	1	1	0	-1	51000	0	1	0	-1	-1	1	-1
51057	轮回塔57层	1	16	2976	2400	20001	0	0	0	0	1	305	9999	0	0	1	1	475	333	1002	51000	51000	3	0	2	0	230	1	-1	1	1	1	0	1:1	-1	0	1	1	1	51000	2	0	0	24	39	1002	10000	0	-1	0	0	1	24:39	1	1	0	-1	51000	0	1	0	-1	-1	1	-1
51058	轮回塔58层	1	16	2976	2400	20001	0	0	0	0	1	305	9999	0	0	1	1	475	333	1002	51000	51000	3	0	2	0	230	1	-1	1	1	1	0	1:1	-1	0	1	1	1	51000	2	0	0	24	39	1002	10000	0	-1	0	0	1	24:39	1	1	0	-1	51000	0	1	0	-1	-1	1	-1
51059	轮回塔59层	1	16	2976	2400	20001	0	0	0	0	1	305	9999	0	0	1	1	475	333	1002	51000	51000	3	0	2	0	230	1	-1	1	1	1	0	1:1	-1	0	1	1	1	51000	2	0	0	24	39	1002	10000	0	-1	0	0	1	24:39	1	1	0	-1	51000	0	1	0	-1	-1	1	-1
51060	轮回塔60层	1	16	2976	2400	20001	0	0	0	0	1	305	9999	0	0	1	1	475	333	1002	51000	51000	3	0	2	0	230	1	-1	1	1	1	0	1:1	-1	0	1	1	1	51000	2	0	0	24	39	1002	10000	0	-1	0	0	1	24:39	1	1	0	-1	51000	0	1	0	-1	-1	1	-1
51061	轮回塔61层	1	16	2976	2400	20001	0	0	0	0	1	305	9999	0	0	1	1	475	333	1002	51000	51000	3	0	2	0	230	1	-1	1	1	1	0	1:1	-1	0	1	1	1	51000	2	0	0	24	39	1002	10000	0	-1	0	0	1	24:39	1	1	0	-1	51000	0	1	0	-1	-1	1	-1
51062	轮回塔62层	1	16	2976	2400	20001	0	0	0	0	1	305	9999	0	0	1	1	475	333	1002	51000	51000	3	0	2	0	230	1	-1	1	1	1	0	1:1	-1	0	1	1	1	51000	2	0	0	24	39	1002	10000	0	-1	0	0	1	24:39	1	1	0	-1	51000	0	1	0	-1	-1	1	-1
51063	轮回塔63层	1	16	2976	2400	20001	0	0	0	0	1	305	9999	0	0	1	1	475	333	1002	51000	51000	3	0	2	0	230	1	-1	1	1	1	0	1:1	-1	0	1	1	1	51000	2	0	0	24	39	1002	10000	0	-1	0	0	1	24:39	1	1	0	-1	51000	0	1	0	-1	-1	1	-1
51064	轮回塔64层	1	16	2976	2400	20001	0	0	0	0	1	305	9999	0	0	1	1	475	333	1002	51000	51000	3	0	2	0	230	1	-1	1	1	1	0	1:1	-1	0	1	1	1	51000	2	0	0	24	39	1002	10000	0	-1	0	0	1	24:39	1	1	0	-1	51000	0	1	0	-1	-1	1	-1
51065	轮回塔65层	1	16	2976	2400	20001	0	0	0	0	1	305	9999	0	0	1	1	475	333	1002	51000	51000	3	0	2	0	230	1	-1	1	1	1	0	1:1	-1	0	1	1	1	51000	2	0	0	24	39	1002	10000	0	-1	0	0	1	24:39	1	1	0	-1	51000	0	1	0	-1	-1	1	-1
51066	轮回塔66层	1	16	2976	2400	20001	0	0	0	0	1	305	9999	0	0	1	1	475	333	1002	51000	51000	3	0	2	0	230	1	-1	1	1	1	0	1:1	-1	0	1	1	1	51000	2	0	0	24	39	1002	10000	0	-1	0	0	1	24:39	1	1	0	-1	51000	0	1	0	-1	-1	1	-1
51067	轮回塔67层	1	16	2976	2400	20001	0	0	0	0	1	305	9999	0	0	1	1	475	333	1002	51000	51000	3	0	2	0	230	1	-1	1	1	1	0	1:1	-1	0	1	1	1	51000	2	0	0	24	39	1002	10000	0	-1	0	0	1	24:39	1	1	0	-1	51000	0	1	0	-1	-1	1	-1
51068	轮回塔68层	1	16	2976	2400	20001	0	0	0	0	1	305	9999	0	0	1	1	475	333	1002	51000	51000	3	0	2	0	230	1	-1	1	1	1	0	1:1	-1	0	1	1	1	51000	2	0	0	24	39	1002	10000	0	-1	0	0	1	24:39	1	1	0	-1	51000	0	1	0	-1	-1	1	-1
51069	轮回塔69层	1	16	2976	2400	20001	0	0	0	0	1	305	9999	0	0	1	1	475	333	1002	51000	51000	3	0	2	0	230	1	-1	1	1	1	0	1:1	-1	0	1	1	1	51000	2	0	0	24	39	1002	10000	0	-1	0	0	1	24:39	1	1	0	-1	51000	0	1	0	-1	-1	1	-1
51070	轮回塔70层	1	16	2976	2400	20001	0	0	0	0	1	305	9999	0	0	1	1	475	333	1002	51000	51000	3	0	2	0	230	1	-1	1	1	1	0	1:1	-1	0	1	1	1	51000	2	0	0	24	39	1002	10000	0	-1	0	0	1	24:39	1	1	0	-1	51000	0	1	0	-1	-1	1	-1
51071	轮回塔71层	1	16	2976	2400	20001	0	0	0	0	1	305	9999	0	0	1	1	475	333	1002	51000	51000	3	0	2	0	230	1	-1	1	1	1	0	1:1	-1	0	1	1	1	51000	2	0	0	24	39	1002	10000	0	-1	0	0	1	24:39	1	1	0	-1	51000	0	1	0	-1	-1	1	-1
51072	轮回塔72层	1	16	2976	2400	20001	0	0	0	0	1	305	9999	0	0	1	1	475	333	1002	51000	51000	3	0	2	0	230	1	-1	1	1	1	0	1:1	-1	0	1	1	1	51000	2	0	0	24	39	1002	10000	0	-1	0	0	1	24:39	1	1	0	-1	51000	0	1	0	-1	-1	1	-1
51073	轮回塔73层	1	16	2976	2400	20001	0	0	0	0	1	305	9999	0	0	1	1	475	333	1002	51000	51000	3	0	2	0	230	1	-1	1	1	1	0	1:1	-1	0	1	1	1	51000	2	0	0	24	39	1002	10000	0	-1	0	0	1	24:39	1	1	0	-1	51000	0	1	0	-1	-1	1	-1
51074	轮回塔74层	1	16	2976	2400	20001	0	0	0	0	1	305	9999	0	0	1	1	475	333	1002	51000	51000	3	0	2	0	230	1	-1	1	1	1	0	1:1	-1	0	1	1	1	51000	2	0	0	24	39	1002	10000	0	-1	0	0	1	24:39	1	1	0	-1	51000	0	1	0	-1	-1	1	-1
51075	轮回塔75层	1	16	2976	2400	20001	0	0	0	0	1	305	9999	0	0	1	1	475	333	1002	51000	51000	3	0	2	0	230	1	-1	1	1	1	0	1:1	-1	0	1	1	1	51000	2	0	0	24	39	1002	10000	0	-1	0	0	1	24:39	1	1	0	-1	51000	0	1	0	-1	-1	1	-1
51076	轮回塔76层	1	16	2976	2400	20001	0	0	0	0	1	305	9999	0	0	1	1	475	333	1002	51000	51000	3	0	2	0	230	1	-1	1	1	1	0	1:1	-1	0	1	1	1	51000	2	0	0	24	39	1002	10000	0	-1	0	0	1	24:39	1	1	0	-1	51000	0	1	0	-1	-1	1	-1
51077	轮回塔77层	1	16	2976	2400	20001	0	0	0	0	1	305	9999	0	0	1	1	475	333	1002	51000	51000	3	0	2	0	230	1	-1	1	1	1	0	1:1	-1	0	1	1	1	51000	2	0	0	24	39	1002	10000	0	-1	0	0	1	24:39	1	1	0	-1	51000	0	1	0	-1	-1	1	-1
51078	轮回塔78层	1	16	2976	2400	20001	0	0	0	0	1	305	9999	0	0	1	1	475	333	1002	51000	51000	3	0	2	0	230	1	-1	1	1	1	0	1:1	-1	0	1	1	1	51000	2	0	0	24	39	1002	10000	0	-1	0	0	1	24:39	1	1	0	-1	51000	0	1	0	-1	-1	1	-1
51079	轮回塔79层	1	16	2976	2400	20001	0	0	0	0	1	305	9999	0	0	1	1	475	333	1002	51000	51000	3	0	2	0	230	1	-1	1	1	1	0	1:1	-1	0	1	1	1	51000	2	0	0	24	39	1002	10000	0	-1	0	0	1	24:39	1	1	0	-1	51000	0	1	0	-1	-1	1	-1
51080	轮回塔80层	1	16	2976	2400	20001	0	0	0	0	1	305	9999	0	0	1	1	475	333	1002	51000	51000	3	0	2	0	230	1	-1	1	1	1	0	1:1	-1	0	1	1	1	51000	2	0	0	24	39	1002	10000	0	-1	0	0	1	24:39	1	1	0	-1	51000	0	1	0	-1	-1	1	-1
51081	轮回塔81层	1	16	2976	2400	20001	0	0	0	0	1	305	9999	0	0	1	1	475	333	1002	51000	51000	3	0	2	0	230	1	-1	1	1	1	0	1:1	-1	0	1	1	1	51000	2	0	0	24	39	1002	10000	0	-1	0	0	1	24:39	1	1	0	-1	51000	0	1	0	-1	-1	1	-1
51082	轮回塔82层	1	16	2976	2400	20001	0	0	0	0	1	305	9999	0	0	1	1	475	333	1002	51000	51000	3	0	2	0	230	1	-1	1	1	1	0	1:1	-1	0	1	1	1	51000	2	0	0	24	39	1002	10000	0	-1	0	0	1	24:39	1	1	0	-1	51000	0	1	0	-1	-1	1	-1
51083	轮回塔83层	1	16	2976	2400	20001	0	0	0	0	1	305	9999	0	0	1	1	475	333	1002	51000	51000	3	0	2	0	230	1	-1	1	1	1	0	1:1	-1	0	1	1	1	51000	2	0	0	24	39	1002	10000	0	-1	0	0	1	24:39	1	1	0	-1	51000	0	1	0	-1	-1	1	-1
51084	轮回塔84层	1	16	2976	2400	20001	0	0	0	0	1	305	9999	0	0	1	1	475	333	1002	51000	51000	3	0	2	0	230	1	-1	1	1	1	0	1:1	-1	0	1	1	1	51000	2	0	0	24	39	1002	10000	0	-1	0	0	1	24:39	1	1	0	-1	51000	0	1	0	-1	-1	1	-1
51085	轮回塔85层	1	16	2976	2400	20001	0	0	0	0	1	305	9999	0	0	1	1	475	333	1002	51000	51000	3	0	2	0	230	1	-1	1	1	1	0	1:1	-1	0	1	1	1	51000	2	0	0	24	39	1002	10000	0	-1	0	0	1	24:39	1	1	0	-1	51000	0	1	0	-1	-1	1	-1
51086	轮回塔86层	1	16	2976	2400	20001	0	0	0	0	1	305	9999	0	0	1	1	475	333	1002	51000	51000	3	0	2	0	230	1	-1	1	1	1	0	1:1	-1	0	1	1	1	51000	2	0	0	24	39	1002	10000	0	-1	0	0	1	24:39	1	1	0	-1	51000	0	1	0	-1	-1	1	-1
51087	轮回塔87层	1	16	2976	2400	20001	0	0	0	0	1	305	9999	0	0	1	1	475	333	1002	51000	51000	3	0	2	0	230	1	-1	1	1	1	0	1:1	-1	0	1	1	1	51000	2	0	0	24	39	1002	10000	0	-1	0	0	1	24:39	1	1	0	-1	51000	0	1	0	-1	-1	1	-1
51088	轮回塔88层	1	16	2976	2400	20001	0	0	0	0	1	305	9999	0	0	1	1	475	333	1002	51000	51000	3	0	2	0	230	1	-1	1	1	1	0	1:1	-1	0	1	1	1	51000	2	0	0	24	39	1002	10000	0	-1	0	0	1	24:39	1	1	0	-1	51000	0	1	0	-1	-1	1	-1
51089	轮回塔89层	1	16	2976	2400	20001	0	0	0	0	1	305	9999	0	0	1	1	475	333	1002	51000	51000	3	0	2	0	230	1	-1	1	1	1	0	1:1	-1	0	1	1	1	51000	2	0	0	24	39	1002	10000	0	-1	0	0	1	24:39	1	1	0	-1	51000	0	1	0	-1	-1	1	-1
51090	轮回塔90层	1	16	2976	2400	20001	0	0	0	0	1	305	9999	0	0	1	1	475	333	1002	51000	51000	3	0	2	0	230	1	-1	1	1	1	0	1:1	-1	0	1	1	1	51000	2	0	0	24	39	1002	10000	0	-1	0	0	1	24:39	1	1	0	-1	51000	0	1	0	-1	-1	1	-1
51091	轮回塔91层	1	16	2976	2400	20001	0	0	0	0	1	305	9999	0	0	1	1	475	333	1002	51000	51000	3	0	2	0	230	1	-1	1	1	1	0	1:1	-1	0	1	1	1	51000	2	0	0	24	39	1002	10000	0	-1	0	0	1	24:39	1	1	0	-1	51000	0	1	0	-1	-1	1	-1
51092	轮回塔92层	1	16	2976	2400	20001	0	0	0	0	1	305	9999	0	0	1	1	475	333	1002	51000	51000	3	0	2	0	230	1	-1	1	1	1	0	1:1	-1	0	1	1	1	51000	2	0	0	24	39	1002	10000	0	-1	0	0	1	24:39	1	1	0	-1	51000	0	1	0	-1	-1	1	-1
51093	轮回塔93层	1	16	2976	2400	20001	0	0	0	0	1	305	9999	0	0	1	1	475	333	1002	51000	51000	3	0	2	0	230	1	-1	1	1	1	0	1:1	-1	0	1	1	1	51000	2	0	0	24	39	1002	10000	0	-1	0	0	1	24:39	1	1	0	-1	51000	0	1	0	-1	-1	1	-1
51094	轮回塔94层	1	16	2976	2400	20001	0	0	0	0	1	305	9999	0	0	1	1	475	333	1002	51000	51000	3	0	2	0	230	1	-1	1	1	1	0	1:1	-1	0	1	1	1	51000	2	0	0	24	39	1002	10000	0	-1	0	0	1	24:39	1	1	0	-1	51000	0	1	0	-1	-1	1	-1
51095	轮回塔95层	1	16	2976	2400	20001	0	0	0	0	1	305	9999	0	0	1	1	475	333	1002	51000	51000	3	0	2	0	230	1	-1	1	1	1	0	1:1	-1	0	1	1	1	51000	2	0	0	24	39	1002	10000	0	-1	0	0	1	24:39	1	1	0	-1	51000	0	1	0	-1	-1	1	-1
51096	轮回塔96层	1	16	2976	2400	20001	0	0	0	0	1	305	9999	0	0	1	1	475	333	1002	51000	51000	3	0	2	0	230	1	-1	1	1	1	0	1:1	-1	0	1	1	1	51000	2	0	0	24	39	1002	10000	0	-1	0	0	1	24:39	1	1	0	-1	51000	0	1	0	-1	-1	1	-1
51097	轮回塔97层	1	16	2976	2400	20001	0	0	0	0	1	305	9999	0	0	1	1	475	333	1002	51000	51000	3	0	2	0	230	1	-1	1	1	1	0	1:1	-1	0	1	1	1	51000	2	0	0	24	39	1002	10000	0	-1	0	0	1	24:39	1	1	0	-1	51000	0	1	0	-1	-1	1	-1
51098	轮回塔98层	1	16	2976	2400	20001	0	0	0	0	1	305	9999	0	0	1	1	475	333	1002	51000	51000	3	0	2	0	230	1	-1	1	1	1	0	1:1	-1	0	1	1	1	51000	2	0	0	24	39	1002	10000	0	-1	0	0	1	24:39	1	1	0	-1	51000	0	1	0	-1	-1	1	-1
51099	轮回塔99层	1	16	2976	2400	20001	0	0	0	0	1	305	9999	0	0	1	1	475	333	1002	51000	51000	3	0	2	0	230	1	-1	1	1	1	0	1:1	-1	0	1	1	1	51000	2	0	0	24	39	1002	10000	0	-1	0	0	1	24:39	1	1	0	-1	51000	0	1	0	-1	-1	1	-1
51100	轮回塔100层	1	16	2976	2400	20001	0	0	0	0	1	305	9999	0	0	1	1	475	333	1002	51000	51000	3	0	2	0	230	1	-1	1	1	1	0	1:1	-1	0	1	1	1	51000	2	0	0	24	39	1002	10000	0	-1	0	0	1	24:39	1	1	0	-1	51000	0	1	0	-1	-1	1	-1
60001	魅影之战	2	0	6288	4794	20001	0	0	0	0	1	1	9999	0	0	1	1	475	333	1002	50039	50039	3	0	2	0	230	1	-1	1	1	1	0	1:1	5	0	1	1	1	50039	2	4096	2048	0	0	1002	10000	0	-1	0	0	0	-1	1	1	0	-1	60001	0	1	0	-1	-1	1	-1
60002	九幽野望	2	0	6000	4488	20001	0	0	0	0	1	1	9999	0	0	1	1	475	333	1002	50200	50200	3	0	2	0	230	1	-1	1	1	1	0	1:1	5	0	1	1	1	50200	2	0	0	0	0	1002	10000	0	-1	0	0	0	-1	1	1	0	-1	60002	0	1	0	-1	-1	1	-1
60003	深藏地底的秘密	2	0	6000	4488	20001	1	0	0	0	1	1	9999	0	0	1	1	475	333	1002	50095	50095	3	0	2	0	230	1	-1	1	1	1	0	1:1	5	0	1	1	1	50095	2	0	0	0	0	1002	10000	0	-1	0	0	0	-1	1	1	0	-1	60003	0	1	0	-1	-1	1	-1
60006	圣域皇城	2	0	8064	4794	20001	0	0	0	0	1	1	9999	0	0	1	1	475	333	1002	50129	50129	3	0	2	0	230	1	-1	1	1	1	0	1:1	5	0	1	1	1	50129	2	0	0	0	0	1002	10000	0	-1	0	0	0	-1	1	1	1	-1	60006	0	1	0	-1	-1	1	-1
60007	帝国宝藏1层	2	0	2400	1768	20001	0	0	0	0	1	1	9999	0	0	1	1	475	333	1002	60007	60007	3	0	2	0	230	1	-1	1	1	1	0	1:1	5	0	1	1	1	60007	2	0	0	0	0	1002	10000	0	-1	0	0	1	-1	1	1	1	-1	60007	0	1	0	-1	-1	1	-1
60008	强盗藏匿地	2	0	6000	4488	60001	0	0	0	0	1	1	9999	0	0	1	1	475	333	1002	50040	50040	3	0	2	0	230	1	-1	1	1	1	0	1:1	5	0	1	1	1	50040	2	0	0	0	0	1002	10000	0	-1	0	0	1	-1	1	1	1	-1	60008	0	1	0	-1	-1	1	-1
60009	强盗藏匿地	2	0	6000	4488	60002	0	0	0	0	1	1	9999	0	0	1	1	475	333	1002	50040	50040	3	0	2	0	230	1	-1	1	1	1	0	1:1	5	0	1	1	1	50040	2	0	0	0	0	1002	10000	0	-1	0	0	1	-1	1	1	1	-1	60009	0	1	0	-1	-1	1	-1
60010	强盗藏匿地	2	0	6000	4488	60003	0	0	0	0	1	1	9999	0	0	1	1	475	333	1002	50040	50040	3	0	2	0	230	1	-1	1	1	1	0	1:1	5	0	1	1	1	50040	2	0	0	0	0	1002	10000	0	-1	0	0	1	-1	1	1	1	-1	60010	0	1	0	-1	-1	1	-1
60014	帝国宝藏2层	2	0	2400	1768	20001	0	0	0	0	1	1	9999	0	0	1	1	475	333	1002	60007	60007	3	0	2	0	230	1	-1	1	1	1	0	1:1	5	0	1	1	1	60007	2	0	0	0	0	1002	10000	0	-1	0	0	1	-1	1	1	1	-1	60014	0	1	0	-1	-1	1	-1
60015	帝国宝藏3层	2	0	2400	1768	20001	0	0	0	0	1	1	9999	0	0	1	1	475	333	1002	60007	60007	3	0	2	0	230	1	-1	1	1	1	0	1:1	5	0	1	1	1	60007	2	0	0	0	0	1002	10000	0	-1	0	0	1	-1	1	1	1	-1	60015	0	1	0	-1	-1	1	-1
60016	异界空间	2	0	2976	2380	20001	0	0	0	0	1	1	9999	0	0	1	1	475	333	1002	60016	60016	3	0	2	0	230	1	-1	1	1	1	0	1:1	5	0	1	1	1	60016	2	0	0	0	0	1002	10000	0	-1	0	0	1	-1	1	1	1	-1	60016	0	1	0	-1	-1	1	-1
60017	魔宫试炼	2	0	2976	2074	20001	0	0	0	0	1	210	9999	0	0	1	1	476	334	1002	60017	60017	3	0	2	0	230	1	-1	1	1	1	0	1:1	5	0	1	1	1	60017	2	0	0	0	0	1002	10000	0	-1	0	0	1	-1	1	1	1	-1	60017	0	1	0	-1	-1	1	-1
60018	星脉秘境	4	17	12000	11968	20001	0	0	0	0	1	1	9999	0	0	1	1	380	380	1002	60018	60018	3	0	2	0	230	2	-1	1	1	0	0	1:1	10	0	0	2	1	60018	2	0	0	0	0	1002	10000	0	-1	0	0	1	-1	1	1	1	-1	60018	0	1	0	-1	-1	0	-1
60019	帝国宝藏·灵羽	2	0	2400	1768	20001	0	0	0	0	1	1	9999	0	0	1	1	475	333	1002	60007	60007	3	0	2	0	230	1	-1	1	1	1	0	1:1	5	0	1	1	1	60007	2	0	0	0	0	1002	10000	0	-1	0	0	1	-1	1	1	1	-1	60019	0	1	0	-1	-1	1	-1
60020	藏匿地·灵羽	2	0	6000	4488	60001	0	0	0	0	1	1	9999	0	0	1	1	475	333	1002	50040	50040	3	0	2	0	230	1	-1	1	1	1	0	1:1	5	0	1	1	1	50040	2	0	0	0	0	1002	10000	0	-1	0	0	1	-1	1	1	1	-1	60020	0	1	0	-1	-1	1	-1
60021	王权之塔一层	4	20	6000	4182	70019	1	0	0	0	1	1	9999	0	0	1	1	475	333	1002	60021	60021	3	0	2	0	230	2	-1	1	1	0	0	1:1	0	0	0	2	1	60021	2	0	0	0	0	1002	10000	0	-1	0	0	0	-1	1	0	1	-1	60021	0	1	0	-1	-1	0	-1
60022	王权之塔二层	4	20	6000	4182	70020	1	0	0	0	1	1	9999	0	0	1	1	475	333	1002	60021	60021	3	0	2	0	230	2	-1	1	1	0	0	1:1	0	0	0	2	1	60021	2	0	0	0	0	1002	10000	0	-1	0	0	0	-1	1	0	1	-1	60021	0	1	0	-1	-1	0	-1
60023	王权之塔三层	4	20	6000	4182	70021	1	0	0	0	1	1	9999	0	0	1	1	475	333	1002	60021	60021	3	0	2	0	230	2	-1	1	1	0	0	1:1	0	0	0	2	1	60021	2	0	0	0	0	1002	10000	0	-1	0	0	0	-1	1	0	1	-1	60021	0	1	0	-1	-1	0	-1
60024	王权之塔四层	4	20	6000	4182	70022	1	0	0	0	1	1	9999	0	0	1	1	475	333	1002	60021	60021	3	0	2	0	230	2	-1	1	1	0	0	1:1	0	0	0	2	1	60021	2	0	0	0	0	1002	10000	0	-1	0	0	0	-1	1	0	1	-1	60021	0	1	0	-1	-1	0	-1
60025	王权之塔五层	4	20	4800	3400	70023	1	0	0	0	1	1	9999	0	0	1	1	475	333	1002	60025	60025	3	0	2	0	230	2	-1	1	1	0	0	1:1	0	0	0	2	1	60025	2	0	0	0	0	1002	10000	0	-1	0	0	0	-1	1	0	1	-1	60025	0	1	0	-1	-1	0	-1
60026	王权之塔六层	4	20	4800	3400	70024	1	0	0	0	1	1	9999	0	0	1	1	475	333	1002	60025	60025	3	0	2	0	230	2	-1	1	1	0	0	1:1	0	0	0	2	1	60025	2	0	0	0	0	1002	10000	0	-1	0	0	0	-1	1	0	1	-1	60025	0	1	0	-1	-1	0	-1
60027	王权之塔七层	4	20	4800	3400	70025	1	0	0	0	1	1	9999	0	0	1	1	475	333	1002	60025	60025	3	0	2	0	230	2	-1	1	1	0	0	1:1	0	0	0	2	1	60025	2	0	0	0	0	1002	10000	0	-1	0	0	0	-1	1	0	1	-1	60025	0	1	0	-1	-1	0	-1
60028	王权之塔八层	4	20	4800	3400	70026	1	0	0	0	1	1	9999	0	0	1	1	475	333	1002	60025	60025	3	0	2	0	230	2	-1	1	1	0	0	1:1	0	0	0	2	1	60025	2	0	0	0	0	1002	10000	0	-1	0	0	0	-1	1	0	1	-1	60025	0	1	0	-1	-1	0	-1
60029	王权之塔九层	4	20	2976	2380	70027	1	0	0	0	1	1	9999	0	0	1	1	475	333	1002	60029	60029	3	0	2	0	230	2	-1	1	1	0	0	1:1	0	0	0	2	1	60029	2	0	0	0	0	1002	10000	0	-1	0	0	0	-1	1	0	1	-1	60029	0	1	0	-1	-1	0	-1
60031	跨服·圣域皇城	4	31	8064	4794	72001	7	0	0	0	1	350	9999	0	0	1	1	475	333	1002	60031	60031	3	0	2	0	230	2	-1	1	1	0	0	-1	10	0	1	2	1	60031	2	0	0	160	130	1002	10000	0	-1	0	0	0	-1	1	0	0	-1	60031	0	0	0	-1	-1	0	-1
60032	跨服·圣域皇宫	4	31	2976	1768	72001	7	0	0	0	1	350	9999	0	0	1	1	475	333	1002	50130	50130	3	0	2	0	230	2	-1	1	1	0	1003	-1	10	0	1	2	1	50130	2	0	0	31	31	1002	10000	0	-1	0	0	0	-1	1	0	1	-1	50130	0	0	0	-1	-1	0	-1
60100	天工熔炉	4	0	2976	2380	20001	1	0	0	0	1	305	9999	0	0	1	1	475	333	1002	60100	60100	3	0	2	0	230	3	-1	1	1	1	0	1:1	-1	0	0	1	1	60100	2	0	0	24	39	1002	10000	0	-1	0	0	0	-1	1	0	0	-1	60100	0	1	0	-1	-1	1	-1
80001	公会领地	3	0	6000	4488	70018	3	0	0	0	1	230	9999	0	0	1	1	475	333	1002	80001	80001	3	0	2	0	230	3	-1	1	1	1	0	1:1	-1	0	0	1	1	80001	2	0	0	40	53	1002	10000	0	-1	0	0	1	-1	1	0	1	-1	80001	0	1	1	-1	-1	1	-1
80002	公会矿洞	1	18	3888	2380	20001	0	0	0	0	1	230	9999	0	0	1	1	475	333	1002	80002	80002	3	0	2	0	230	2	-1	1	1	1	0	1:1	-1	0	1	1	1	80002	2	4096	2048	88	87	1002	10000	0	-1	0	0	0	31:14|24:19|27:26|19:26|14:30|19:31|26:34|19:39|21:49|25:53|14:52|34:48|38:56|42:52|46:46|50:52|54:46|61:52|65:40|66:27|59:25|61:19|67:13	0	0	1	-1	80002	0	1	0	-1	-1	1	-1
90041	跨服区域	1	0	2976	2400	20001	0	0	0	0	1	1	9999	0	0	1	1	475	333	1002	51000	51000	3	0	2	0	230	1	-1	1	1	0	0	1:1	-1	0	1	2	1	51000	2	0	0	24	39	1002	10000	0	-1	0	0	0	24:39	1	0	0	-1	51000	0	1	1	-1	-1	0	-1
70001	充值副本	2	0	6000	4488	20001	0	0	0	0	1	1	9999	0	0	1	1	475	333	1002	50040	50040	3	0	2	0	230	1	-1	1	1	1	1003	1:1	-1	0	1	1	1	50040	2	0	0	32	34	1002	10000	0	-1	0	0	1	-1	1	1	0	-1	50125	0	1	0	-1	-1	1	-1
70002	充值副本	2	0	6000	4488	20001	0	0	0	0	1	1	9999	0	0	1	1	475	333	1002	50040	50040	3	0	2	0	230	1	-1	1	1	1	1003	1:1	-1	0	1	1	1	50040	2	0	0	32	34	1002	10000	0	-1	0	0	1	-1	1	1	0	-1	50125	0	1	0	-1	-1	1	-1
70003	充值副本	2	0	6000	4488	20001	0	0	0	0	1	1	9999	0	0	1	1	475	333	1002	50040	50040	3	0	2	0	230	1	-1	1	1	1	1003	1:1	-1	0	1	1	1	50040	2	0	0	32	34	1002	10000	0	-1	0	0	1	-1	1	1	0	-1	50125	0	1	0	-1	-1	1	-1
70004	充值副本	2	0	6000	4488	20001	0	0	0	0	1	1	9999	0	0	1	1	475	333	1002	50040	50040	3	0	2	0	230	1	-1	1	1	1	1003	1:1	-1	0	1	1	1	50040	2	0	0	32	34	1002	10000	0	-1	0	0	1	-1	1	1	0	-1	50125	0	1	0	-1	-1	1	-1
70005	充值副本	2	0	6000	4488	20001	0	0	0	0	1	1	9999	0	0	1	1	475	333	1002	50040	50040	3	0	2	0	230	1	-1	1	1	1	1003	1:1	-1	0	1	1	1	50040	2	0	0	32	34	1002	10000	0	-1	0	0	1	-1	1	1	0	-1	50125	0	1	0	-1	-1	1	-1
70006	充值副本	2	0	6000	4488	20001	0	0	0	0	1	1	9999	0	0	1	1	475	333	1002	50040	50040	3	0	2	0	230	1	-1	1	1	1	1003	1:1	-1	0	1	1	1	50040	2	0	0	32	34	1002	10000	0	-1	0	0	1	-1	1	1	0	-1	50125	0	1	0	-1	-1	1	-1
50401	圣兽山一层	1	35	10176	8670	20001	0	0	0	0	1	400	9999	0	0	1	1	475	333	1002	50401	50401	3	0	2	0	230	1	-1	1	1	1	0	-1	30	0	1	1	1	50401	2	0	0	107	165	1002	8000	0	-1	0	0	1	60:60|33:173|180:120|170:190	1	1	0	-1	50401	0	1	1	-1	-1	-1	0
50402	圣兽山二层	1	35	10176	8670	20001	0	0	0	0	1	400	9999	0	0	1	1	475	333	1002	50401	50401	3	0	2	0	230	1	-1	1	1	1	0	-1	30	0	1	1	1	50401	2	0	0	107	165	1002	8000	0	-1	0	0	1	60:60|33:173|180:120|170:190	1	1	0	-1	50401	0	1	1	-1	-1	-1	0
50403	圣兽山三层	1	35	10176	8670	20001	0	0	0	0	1	400	9999	0	0	1	1	475	333	1002	50401	50401	3	0	2	0	230	1	-1	1	1	1	0	-1	30	0	1	1	1	50401	2	0	0	107	165	1002	8000	0	-1	0	0	1	60:60|33:173|180:120|170:190	1	1	0	-1	50401	0	1	1	-1	-1	-1	0
50410	圣兽秘境	2	36	6000	4794	50410	1	0	0	0	1	400	9999	0	0	1	1	475	333	1002	50410	50410	3	0	2	0	230	1	-1	1	1	1	0	-1	10	0	1	1	1	50410	2	0	0	50	38	1002	10000	0	-1	0	0	0	-1	0	0	1	-1	50410	0	0	0	-1	-1	-1	0
90042	藏宝阁1层	1	0	11968	8976	20001	0	0	0	0	1	699	9999	0	0	1	1	475	333	1002	90042	90042	3	0	2	0	230	1	-1	1	1	1	1003	1:01	-1	0	0	1	1	90042	2	0	0	117	140	1002	8000	0	-1	0	13	1	115:146|116:17|217:96|40:26|236:189|214:218|47:200|105:251	1	1	1	-1	90042	0	1	0	-1	-1	1	-1