INT	INT	INT	INT	INT	INT	INT	INT	INT	INT	INT	STRING	STRING	INT	INT
group_id	item_id	item_class	Count	bind_type	Weight	probability	cost_type	cost_value	LimitTime	DropTimes	BeginDate	EndDate	JiLu	FestivalGroupId
1	250	1	1	0	0	1000	0	0	0	0	0	0	0	0
2	251	1	1	0	0	1000	0	0	0	0	0	0	0	0
3	252	1	1	0	0	1000	0	0	0	0	0	0	0	0
4	253	1	1	0	0	1000	0	0	0	0	0	0	0	0
5	254	1	1	0	0	1000	0	0	0	0	0	0	0	0
6	255	1	1	0	0	1000	0	0	0	0	0	0	0	0
7	256	1	1	0	0	1000	0	0	0	0	0	0	0	0
8	257	1	1	0	0	1000	0	0	0	0	0	0	0	0
9	251	1	1	0	0	800	0	0	0	0	0	0	0	0
9	252	1	1	0	0	150	0	0	0	0	0	0	0	0
9	253	1	1	0	0	50	0	0	0	0	0	0	0	0
10	252	1	1	0	0	800	0	0	0	0	0	0	0	0
10	253	1	1	0	0	150	0	0	0	0	0	0	0	0
10	254	1	1	0	0	50	0	0	0	0	0	0	0	0
11	253	1	1	0	0	800	0	0	0	0	0	0	0	0
11	254	1	1	0	0	150	0	0	0	0	0	0	0	0
11	255	1	1	0	0	50	0	0	0	0	0	0	0	0
12	254	1	1	0	0	800	0	0	0	0	0	0	0	0
12	255	1	1	0	0	150	0	0	0	0	0	0	0	0
12	256	1	1	0	0	50	0	0	0	0	0	0	0	0
13	255	1	1	0	0	1000	0	0	0	0	0	0	0	0
13	256	1	1	0	0	1000	0	0	0	0	0	0	0	0
13	257	1	1	0	0	1000	0	0	0	0	0	0	0	0
14	577	1	1	0	0	1000	0	0	0	0	0	0	0	0
50	260	1	1	0	0	1000	0	0	0	0	0	0	0	0
51	261	1	1	0	0	1000	0	0	0	0	0	0	0	0
52	262	1	1	0	0	1000	0	0	0	0	0	0	0	0
53	263	1	1	0	0	1000	0	0	0	0	0	0	0	0
54	264	1	1	0	0	1000	0	0	0	0	0	0	0	0
55	10008	1	1	0	0	1000	0	0	0	0	0	0	0	0
56	10007	1	1	0	0	1000	0	0	0	0	0	0	0	0
57	10006	1	1	0	0	1000	0	0	0	0	0	0	0	0
58	10003	1	1	0	0	1000	0	0	0	0	0	0	0	0
59	10009	1	1	0	0	1000	0	0	0	0	0	0	0	0
60	260	1	1	0	0	1000	0	0	0	0	0	0	0	0
61	261	1	1	0	0	1000	0	0	0	0	0	0	0	0
62	262	1	1	0	0	1000	0	0	0	0	0	0	0	0
63	263	1	1	0	0	1000	0	0	0	0	0	0	0	0
64	264	1	1	0	0	1000	0	0	0	0	0	0	0	0
65	265	1	1	0	0	1000	0	0	0	0	0	0	0	0
66	266	1	1	0	0	1000	0	0	0	0	0	0	0	0
67	267	1	1	0	0	1000	0	0	0	0	0	0	0	0
70	10017	1	1	0	0	1000	0	0	0	0	0	0	0	0
71	10024	1	1	0	0	1000	0	0	0	0	0	0	0	0
72	10023	1	1	0	0	1000	0	0	0	0	0	0	0	0
101	270	1	1	0	0	1000	0	0	0	0	0	0	0	0
102	271	1	1	0	0	1000	0	0	0	0	0	0	0	0
103	272	1	1	0	0	1000	0	0	0	0	0	0	0	0
104	273	1	1	0	0	1000	0	0	0	0	0	0	0	0
105	274	1	1	0	0	1000	0	0	0	0	0	0	0	0
106	275	1	1	0	0	1000	0	0	0	0	0	0	0	0
201	25	9	1	0	0	1000	0	0	0	0	0	0	0	0
1001	514	1	1	0	0	0	0	0	0	0	0	0	0	0
1001	515	1	1	0	0	0	0	0	0	0	0	0	0	0
1002	516	1	1	0	0	0	0	0	0	0	0	0	0	0
1002	517	1	1	0	0	0	0	0	0	0	0	0	0	0
1003	518	1	1	0	0	0	0	0	0	0	0	0	0	0
1003	519	1	1	0	0	0	0	0	0	0	0	0	0	0
1004	520	1	1	0	0	0	0	0	0	0	0	0	0	0
1005	301	1	1	0	0	1000	0	0	0	0	0	0	0	0
1006	302	1	1	0	0	300	0	0	0	0	0	0	0	0
1007	303	1	1	0	0	300	0	0	0	0	0	0	1	0
1008	304	1	1	0	0	300	0	0	0	0	0	0	2	0
1009	501	1	1	1	0	1000	0	0	0	0	0	0	0	0
1010	504	1	1	1	0	1000	0	0	0	0	0	0	0	0
1011	575	1	1	0	0	1000	0	0	0	0	0	0	0	0
1012	300	1	1	0	0	1000	0	0	0	0	0	0	0	0
1013	575	1	1	1	0	1000	0	0	0	0	0	0	0	0
1020	300	1	1	1	0	1000	0	0	0	0	0	0	0	0
1021	501	1	1	1	0	1000	0	0	0	0	0	0	0	0
1022	504	1	1	1	0	1000	0	0	0	0	0	0	0	0
1023	308	1	1	1	0	1000	0	0	0	0	0	0	0	0
1024	502	1	1	1	0	1000	0	0	0	0	0	0	0	0
1025	300	1	1	1	0	1000	0	0	0	0	0	0	0	0
1026	99999	2	1	1	0	1000	0	0	0	0	0	0	0	0
1027	16	1	1	1	0	300	0	0	0	0	0	0	0	0
1028	601	1	1	1	0	1000	0	0	0	0	0	0	0	0
1029	638	1	1	1	0	500	0	0	0	0	0	0	195	0
1029	638	1	1	0	0	500	0	0	0	0	0	0	195	0
1030	619	1	1	0	0	300	0	0	0	0	0	0	196	0
1030	620	1	1	0	0	300	0	0	0	0	0	0	197	0
1030	621	1	1	0	0	300	0	0	0	0	0	0	198	0
1031	640	1	1	0	0	1000	0	0	0	0	0	0	209	0
1032	623	1	1	0	0	300	0	0	0	0	0	0	199	0
1032	624	1	1	0	0	300	0	0	0	0	0	0	200	0
1032	625	1	1	0	0	300	0	0	0	0	0	0	201	0
1033	641	1	1	0	0	1000	0	0	0	0	0	0	210	0
1034	627	1	1	0	0	300	0	0	0	0	0	0	202	0
1034	628	1	1	0	0	300	0	0	0	0	0	0	203	0
1034	629	1	1	0	0	300	0	0	0	0	0	0	204	0
1035	642	1	1	0	0	1000	0	0	0	0	0	0	211	0
1036	631	1	1	0	0	300	0	0	0	0	0	0	205	0
1036	632	1	1	0	0	300	0	0	0	0	0	0	206	0
1036	633	1	1	0	0	300	0	0	0	0	0	0	207	0
1037	643	1	1	0	0	1000	0	0	0	0	0	0	212	0
1038	564	1	1	1	0	1000	0	0	0	0	0	0	0	0
1039	507	1	1	1	0	1000	0	0	0	0	0	0	0	0
1040	510	1	1	1	0	1000	0	0	0	0	0	0	0	0
1041	8000	3	1	1	0	500	0	0	0	0	0	0	0	0
1041	8200	3	1	1	0	500	0	0	0	0	0	0	0	0
1042	8000	3	1	1	0	300	0	0	0	0	0	0	0	0
1042	8100	3	1	1	0	400	0	0	0	0	0	0	0	0
1042	8200	3	1	1	0	300	0	0	0	0	0	0	0	0
1043	8000	3	1	1	0	250	0	0	0	0	0	0	0	0
1043	8100	3	1	1	0	250	0	0	0	0	0	0	0	0
1043	8200	3	1	1	0	250	0	0	0	0	0	0	0	0
1043	8300	3	1	1	0	250	0	0	0	0	0	0	0	0
1044	8001	3	1	1	0	300	0	0	0	0	0	0	0	0
1044	8101	3	1	1	0	400	0	0	0	0	0	0	0	0
1044	8201	3	1	1	0	300	0	0	0	0	0	0	0	0
1045	8001	3	1	1	0	250	0	0	0	0	0	0	0	0
1045	8101	3	1	1	0	250	0	0	0	0	0	0	0	0
1045	8201	3	1	1	0	250	0	0	0	0	0	0	0	0
1045	8301	3	1	1	0	250	0	0	0	0	0	0	0	0
1046	8002	3	1	1	0	250	0	0	0	0	0	0	0	0
1046	8102	3	1	1	0	250	0	0	0	0	0	0	0	0
1046	8202	3	1	1	0	250	0	0	0	0	0	0	0	0
1046	8302	3	1	1	0	250	0	0	0	0	0	0	0	0
1047	8003	3	1	1	0	250	0	0	0	0	0	0	0	0
1047	8103	3	1	1	0	250	0	0	0	0	0	0	0	0
1047	8203	3	1	1	0	250	0	0	0	0	0	0	0	0
1047	8303	3	1	1	0	250	0	0	0	0	0	0	0	0
1048	759	1	1	0	0	1000	0	0	0	0	0	0	0	0
1049	305	1	1	0	0	1000	0	0	0	0	0	0	219	0
1050	511	1	1	1	0	1000	0	0	0	0	0	0	0	0
1051	7093	1	1	1	0	1000	0	0	0	0	0	0	0	0
1052	21	1	1	1	0	1000	0	0	0	0	0	0	0	0
2001	254	1	1	1	0	1000	0	0	0	0	0	0	0	0
2002	411	1	1	1	0	170	0	0	0	0	0	0	0	0
2002	412	1	1	1	0	170	0	0	0	0	0	0	0	0
2002	413	1	1	1	0	170	0	0	0	0	0	0	0	0
2002	414	1	1	1	0	170	0	0	0	0	0	0	0	0
2002	415	1	1	1	0	160	0	0	0	0	0	0	0	0
2002	417	1	1	1	0	160	0	0	0	0	0	0	0	0
2003	569	1	1	1	0	1000	0	0	0	0	0	0	0	0
2004	571	1	1	1	0	1000	0	0	0	0	0	0	0	0
2005	572	1	1	1	0	1000	0	0	0	0	0	0	0	0
2006	409	1	1	1	0	1000	0	0	0	0	0	0	0	0
2007	255	1	1	1	0	1000	0	0	0	0	0	0	0	0
2008	585	1	1	1	0	1000	0	0	0	0	0	0	0	0
2009	586	1	1	1	0	1000	0	0	0	0	0	0	0	0
2010	587	1	1	1	0	1000	0	0	0	0	0	0	0	0
2011	588	1	1	1	0	1000	0	0	0	0	0	0	0	0
2012	589	1	1	1	0	1000	0	0	0	0	0	0	0	0
2013	590	1	1	1	0	1000	0	0	0	0	0	0	0	0
2014	591	1	1	1	0	1000	0	0	0	0	0	0	0	0
2015	592	1	1	1	0	1000	0	0	0	0	0	0	0	0
2016	593	1	1	1	0	1000	0	0	0	0	0	0	0	0
2017	594	1	1	1	0	1000	0	0	0	0	0	0	0	0
2018	595	1	1	1	0	1000	0	0	0	0	0	0	0	0
2019	596	1	1	1	0	1000	0	0	0	0	0	0	0	0
2020	724	1	1	1	0	500	0	0	0	0	0	0	0	0
2021	724	1	1	1	0	1000	0	0	0	0	0	0	0	0
2022	725	1	1	1	0	1000	0	0	0	0	0	0	0	0
2023	726	1	1	1	0	1000	0	0	0	0	0	0	0	0
20001	10002	2	1	0	0	210	0	0	0	0	0	0	0	0
20001	10003	2	1	0	0	210	0	0	0	0	0	0	0	0
20001	10004	2	1	0	0	100	0	0	0	0	0	0	0	0
20001	10005	2	1	0	0	110	0	0	0	0	0	0	0	0
20001	10007	2	1	0	0	110	0	0	0	0	0	0	0	0
20001	10008	2	1	0	0	25	0	0	0	0	0	0	0	0
20001	10009	2	1	0	0	25	0	0	0	0	0	0	0	0
20001	10010	2	1	0	0	210	0	0	0	0	0	0	0	0
20002	10012	2	1	0	0	210	0	0	0	0	0	0	0	0
20002	10013	2	1	0	0	210	0	0	0	0	0	0	0	0
20002	10014	2	1	0	0	100	0	0	0	0	0	0	0	0
20002	10015	2	1	0	0	110	0	0	0	0	0	0	0	0
20002	10017	2	1	0	0	110	0	0	0	0	0	0	0	0
20002	10018	2	1	0	0	25	0	0	0	0	0	0	0	0
20002	10019	2	1	0	0	25	0	0	0	0	0	0	0	0
20002	10020	2	1	0	0	210	0	0	0	0	0	0	0	0
20003	10022	2	1	0	0	210	0	0	0	0	0	0	0	0
20003	10023	2	1	0	0	210	0	0	0	0	0	0	0	0
20003	10024	2	1	0	0	100	0	0	0	0	0	0	0	0
20003	10025	2	1	0	0	110	0	0	0	0	0	0	0	0
20003	10027	2	1	0	0	110	0	0	0	0	0	0	0	0
20003	10028	2	1	0	0	25	0	0	0	0	0	0	0	0
20003	10029	2	1	0	0	25	0	0	0	0	0	0	0	0
20003	10030	2	1	0	0	210	0	0	0	0	0	0	0	0
20004	10032	2	1	0	0	210	0	0	0	0	0	0	0	0
20004	10033	2	1	0	0	210	0	0	0	0	0	0	0	0
20004	10034	2	1	0	0	100	0	0	0	0	0	0	0	0
20004	10035	2	1	0	0	110	0	0	0	0	0	0	0	0
20004	10037	2	1	0	0	110	0	0	0	0	0	0	0	0
20004	10038	2	1	0	0	25	0	0	0	0	0	0	0	0
20004	10039	2	1	0	0	25	0	0	0	0	0	0	0	0
20004	10040	2	1	0	0	210	0	0	0	0	0	0	0	0
20005	10042	2	1	0	0	210	0	0	0	0	0	0	0	0
20005	10043	2	1	0	0	210	0	0	0	0	0	0	0	0
20005	10044	2	1	0	0	100	0	0	0	0	0	0	0	0
20005	10045	2	1	0	0	110	0	0	0	0	0	0	0	0
20005	10047	2	1	0	0	110	0	0	0	0	0	0	0	0
20005	10048	2	1	0	0	25	0	0	0	0	0	0	0	0
20005	10049	2	1	0	0	25	0	0	0	0	0	0	0	0
20005	10050	2	1	0	0	210	0	0	0	0	0	0	0	0
20006	10052	2	1	0	0	210	0	0	0	0	0	0	0	0
20006	10053	2	1	0	0	210	0	0	0	0	0	0	0	0
20006	10054	2	1	0	0	100	0	0	0	0	0	0	0	0
20006	10055	2	1	0	0	110	0	0	0	0	0	0	0	0
20006	10057	2	1	0	0	110	0	0	0	0	0	0	0	0
20006	10058	2	1	0	0	25	0	0	0	0	0	0	0	0
20006	10059	2	1	0	0	25	0	0	0	0	0	0	0	0
20006	10060	2	1	0	0	210	0	0	0	0	0	0	0	0
20007	10062	2	1	0	0	210	0	0	0	0	0	0	0	0
20007	10063	2	1	0	0	210	0	0	0	0	0	0	0	0
20007	10064	2	1	0	0	100	0	0	0	0	0	0	0	0
20007	10065	2	1	0	0	110	0	0	0	0	0	0	0	0
20007	10067	2	1	0	0	110	0	0	0	0	0	0	0	0
20007	10068	2	1	0	0	25	0	0	0	0	0	0	0	0
20007	10069	2	1	0	0	25	0	0	0	0	0	0	0	0
20007	10070	2	1	0	0	210	0	0	0	0	0	0	0	0
20008	10072	2	1	0	0	210	0	0	0	0	0	0	0	0
20008	10073	2	1	0	0	210	0	0	0	0	0	0	0	0
20008	10074	2	1	0	0	100	0	0	0	0	0	0	0	0
20008	10075	2	1	0	0	110	0	0	0	0	0	0	0	0
20008	10077	2	1	0	0	110	0	0	0	0	0	0	0	0
20008	10078	2	1	0	0	25	0	0	0	0	0	0	0	0
20008	10079	2	1	0	0	25	0	0	0	0	0	0	0	0
20008	10080	2	1	0	0	210	0	0	0	0	0	0	0	0
20009	10082	2	1	0	0	210	0	0	0	0	0	0	0	0
20009	10083	2	1	0	0	210	0	0	0	0	0	0	0	0
20009	10084	2	1	0	0	100	0	0	0	0	0	0	0	0
20009	10085	2	1	0	0	110	0	0	0	0	0	0	0	0
20009	10087	2	1	0	0	110	0	0	0	0	0	0	0	0
20009	10088	2	1	0	0	25	0	0	0	0	0	0	0	0
20009	10089	2	1	0	0	25	0	0	0	0	0	0	0	0
20009	10090	2	1	0	0	210	0	0	0	0	0	0	0	0
20010	10092	2	1	0	0	210	0	0	0	0	0	0	0	0
20010	10093	2	1	0	0	210	0	0	0	0	0	0	0	0
20010	10094	2	1	0	0	100	0	0	0	0	0	0	0	0
20010	10095	2	1	0	0	110	0	0	0	0	0	0	0	0
20010	10097	2	1	0	0	110	0	0	0	0	0	0	0	0
20010	10098	2	1	0	0	25	0	0	0	0	0	0	0	0
20010	10099	2	1	0	0	25	0	0	0	0	0	0	0	0
20010	10100	2	1	0	0	210	0	0	0	0	0	0	0	0
20011	10102	2	1	0	0	210	0	0	0	0	0	0	0	0
20011	10103	2	1	0	0	210	0	0	0	0	0	0	0	0
20011	10104	2	1	0	0	100	0	0	0	0	0	0	0	0
20011	10105	2	1	0	0	110	0	0	0	0	0	0	0	0
20011	10107	2	1	0	0	110	0	0	0	0	0	0	0	0
20011	10108	2	1	0	0	25	0	0	0	0	0	0	0	0
20011	10109	2	1	0	0	25	0	0	0	0	0	0	0	0
20011	10110	2	1	0	0	210	0	0	0	0	0	0	0	0
20012	10112	2	1	0	0	210	0	0	0	0	0	0	0	0
20012	10113	2	1	0	0	210	0	0	0	0	0	0	0	0
20012	10114	2	1	0	0	100	0	0	0	0	0	0	0	0
20012	10115	2	1	0	0	110	0	0	0	0	0	0	0	0
20012	10117	2	1	0	0	110	0	0	0	0	0	0	0	0
20012	10118	2	1	0	0	25	0	0	0	0	0	0	0	0
20012	10119	2	1	0	0	25	0	0	0	0	0	0	0	0
20012	10120	2	1	0	0	210	0	0	0	0	0	0	0	0
20013	10122	2	1	0	0	210	0	0	0	0	0	0	0	0
20013	10123	2	1	0	0	210	0	0	0	0	0	0	0	0
20013	10124	2	1	0	0	100	0	0	0	0	0	0	0	0
20013	10125	2	1	0	0	110	0	0	0	0	0	0	0	0
20013	10127	2	1	0	0	110	0	0	0	0	0	0	0	0
20013	10128	2	1	0	0	25	0	0	0	0	0	0	0	0
20013	10129	2	1	0	0	25	0	0	0	0	0	0	0	0
20013	10130	2	1	0	0	210	0	0	0	0	0	0	0	0
20014	10132	2	1	0	0	210	0	0	0	0	0	0	0	0
20014	10133	2	1	0	0	210	0	0	0	0	0	0	0	0
20014	10134	2	1	0	0	100	0	0	0	0	0	0	0	0
20014	10135	2	1	0	0	110	0	0	0	0	0	0	0	0
20014	10137	2	1	0	0	110	0	0	0	0	0	0	0	0
20014	10138	2	1	0	0	25	0	0	0	0	0	0	0	0
20014	10139	2	1	0	0	25	0	0	0	0	0	0	0	0
20014	10140	2	1	0	0	210	0	0	0	0	0	0	0	0
20015	10142	2	1	0	0	210	0	0	0	0	0	0	0	0
20015	10143	2	1	0	0	210	0	0	0	0	0	0	0	0
20015	10144	2	1	0	0	100	0	0	0	0	0	0	0	0
20015	10145	2	1	0	0	110	0	0	0	0	0	0	0	0
20015	10147	2	1	0	0	110	0	0	0	0	0	0	0	0
20015	10148	2	1	0	0	25	0	0	0	0	0	0	0	0
20015	10149	2	1	0	0	25	0	0	0	0	0	0	0	0
20015	10150	2	1	0	0	210	0	0	0	0	0	0	0	0
20016	10152	2	1	0	0	210	0	0	0	0	0	0	0	0
20016	10153	2	1	0	0	210	0	0	0	0	0	0	0	0
20016	10154	2	1	0	0	100	0	0	0	0	0	0	0	0
20016	10155	2	1	0	0	110	0	0	0	0	0	0	0	0
20016	10157	2	1	0	0	110	0	0	0	0	0	0	0	0
20016	10158	2	1	0	0	25	0	0	0	0	0	0	0	0
20016	10159	2	1	0	0	25	0	0	0	0	0	0	0	0
20016	10160	2	1	0	0	210	0	0	0	0	0	0	0	0
20017	10162	2	1	0	0	210	0	0	0	0	0	0	0	0
20017	10163	2	1	0	0	210	0	0	0	0	0	0	0	0
20017	10164	2	1	0	0	100	0	0	0	0	0	0	0	0
20017	10165	2	1	0	0	110	0	0	0	0	0	0	0	0
20017	10167	2	1	0	0	110	0	0	0	0	0	0	0	0
20017	10168	2	1	0	0	25	0	0	0	0	0	0	0	0
20017	10169	2	1	0	0	25	0	0	0	0	0	0	0	0
20017	10170	2	1	0	0	210	0	0	0	0	0	0	0	0
20018	10172	2	1	0	0	210	0	0	0	0	0	0	0	0
20018	10173	2	1	0	0	210	0	0	0	0	0	0	0	0
20018	10174	2	1	0	0	100	0	0	0	0	0	0	0	0
20018	10175	2	1	0	0	110	0	0	0	0	0	0	0	0
20018	10177	2	1	0	0	110	0	0	0	0	0	0	0	0
20018	10178	2	1	0	0	25	0	0	0	0	0	0	0	0
20018	10179	2	1	0	0	25	0	0	0	0	0	0	0	0
20018	10180	2	1	0	0	210	0	0	0	0	0	0	0	0
20019	10182	2	1	0	0	210	0	0	0	0	0	0	0	0
20019	10183	2	1	0	0	210	0	0	0	0	0	0	0	0
20019	10184	2	1	0	0	100	0	0	0	0	0	0	0	0
20019	10185	2	1	0	0	110	0	0	0	0	0	0	0	0
20019	10187	2	1	0	0	110	0	0	0	0	0	0	0	0
20019	10188	2	1	0	0	25	0	0	0	0	0	0	0	0
20019	10189	2	1	0	0	25	0	0	0	0	0	0	0	0
20019	10190	2	1	0	0	210	0	0	0	0	0	0	0	0
20020	10192	2	1	0	0	210	0	0	0	0	0	0	0	0
20020	10193	2	1	0	0	210	0	0	0	0	0	0	0	0
20020	10194	2	1	0	0	100	0	0	0	0	0	0	0	0
20020	10195	2	1	0	0	110	0	0	0	0	0	0	0	0
20020	10197	2	1	0	0	110	0	0	0	0	0	0	0	0
20020	10198	2	1	0	0	25	0	0	0	0	0	0	0	0
20020	10199	2	1	0	0	25	0	0	0	0	0	0	0	0
20020	10200	2	1	0	0	210	0	0	0	0	0	0	0	0
20021	10202	2	1	0	0	210	0	0	0	0	0	0	0	0
20021	10203	2	1	0	0	210	0	0	0	0	0	0	0	0
20021	10204	2	1	0	0	100	0	0	0	0	0	0	0	0
20021	10205	2	1	0	0	110	0	0	0	0	0	0	0	0
20021	10207	2	1	0	0	110	0	0	0	0	0	0	0	0
20021	10208	2	1	0	0	25	0	0	0	0	0	0	0	0
20021	10209	2	1	0	0	25	0	0	0	0	0	0	0	0
20021	10210	2	1	0	0	210	0	0	0	0	0	0	0	0
20022	10212	2	1	0	0	210	0	0	0	0	0	0	0	0
20022	10213	2	1	0	0	210	0	0	0	0	0	0	0	0
20022	10214	2	1	0	0	100	0	0	0	0	0	0	0	0
20022	10215	2	1	0	0	110	0	0	0	0	0	0	0	0
20022	10217	2	1	0	0	110	0	0	0	0	0	0	0	0
20022	10218	2	1	0	0	25	0	0	0	0	0	0	0	0
20022	10219	2	1	0	0	25	0	0	0	0	0	0	0	0
20022	10220	2	1	0	0	210	0	0	0	0	0	0	0	0
20023	10222	2	1	0	0	210	0	0	0	0	0	0	0	0
20023	10223	2	1	0	0	210	0	0	0	0	0	0	0	0
20023	10224	2	1	0	0	100	0	0	0	0	0	0	0	0
20023	10225	2	1	0	0	110	0	0	0	0	0	0	0	0
20023	10227	2	1	0	0	110	0	0	0	0	0	0	0	0
20023	10228	2	1	0	0	25	0	0	0	0	0	0	0	0
20023	10229	2	1	0	0	25	0	0	0	0	0	0	0	0
20023	10230	2	1	0	0	210	0	0	0	0	0	0	0	0
20024	10232	2	1	0	0	210	0	0	0	0	0	0	0	0
20024	10233	2	1	0	0	210	0	0	0	0	0	0	0	0
20024	10234	2	1	0	0	100	0	0	0	0	0	0	0	0
20024	10235	2	1	0	0	110	0	0	0	0	0	0	0	0
20024	10237	2	1	0	0	110	0	0	0	0	0	0	0	0
20024	10238	2	1	0	0	25	0	0	0	0	0	0	0	0
20024	10239	2	1	0	0	25	0	0	0	0	0	0	0	0
20024	10240	2	1	0	0	210	0	0	0	0	0	0	0	0
20025	10242	2	1	0	0	210	0	0	0	0	0	0	0	0
20025	10243	2	1	0	0	210	0	0	0	0	0	0	0	0
20025	10244	2	1	0	0	100	0	0	0	0	0	0	0	0
20025	10245	2	1	0	0	110	0	0	0	0	0	0	0	0
20025	10247	2	1	0	0	110	0	0	0	0	0	0	0	0
20025	10248	2	1	0	0	25	0	0	0	0	0	0	0	0
20025	10249	2	1	0	0	25	0	0	0	0	0	0	0	0
20025	10250	2	1	0	0	210	0	0	0	0	0	0	0	0
20026	10252	2	1	0	0	210	0	0	0	0	0	0	3	0
20026	10253	2	1	0	0	210	0	0	0	0	0	0	4	0
20026	10254	2	1	0	0	100	0	0	0	0	0	0	5	0
20026	10255	2	1	0	0	110	0	0	0	0	0	0	6	0
20026	10257	2	1	0	0	110	0	0	0	0	0	0	7	0
20026	10258	2	1	0	0	25	0	0	0	0	0	0	8	0
20026	10259	2	1	0	0	25	0	0	0	0	0	0	9	0
20026	10260	2	1	0	0	210	0	0	0	0	0	0	10	0
20027	10262	2	1	0	0	210	0	0	0	0	0	0	11	0
20027	10263	2	1	0	0	210	0	0	0	0	0	0	12	0
20027	10264	2	1	0	0	100	0	0	0	0	0	0	13	0
20027	10265	2	1	0	0	110	0	0	0	0	0	0	14	0
20027	10267	2	1	0	0	110	0	0	0	0	0	0	15	0
20027	10268	2	1	0	0	25	0	0	0	0	0	0	16	0
20027	10269	2	1	0	0	25	0	0	0	0	0	0	17	0
20027	10270	2	1	0	0	210	0	0	0	0	0	0	18	0
20028	10272	2	1	0	0	210	0	0	0	0	0	0	19	0
20028	10273	2	1	0	0	210	0	0	0	0	0	0	20	0
20028	10274	2	1	0	0	100	0	0	0	0	0	0	21	0
20028	10275	2	1	0	0	110	0	0	0	0	0	0	22	0
20028	10277	2	1	0	0	110	0	0	0	0	0	0	23	0
20028	10278	2	1	0	0	25	0	0	0	0	0	0	24	0
20028	10279	2	1	0	0	25	0	0	0	0	0	0	25	0
20028	10280	2	1	0	0	210	0	0	0	0	0	0	26	0
20029	10282	2	1	0	0	210	0	0	0	0	0	0	27	0
20029	10283	2	1	0	0	210	0	0	0	0	0	0	28	0
20029	10284	2	1	0	0	100	0	0	0	0	0	0	29	0
20029	10285	2	1	0	0	110	0	0	0	0	0	0	30	0
20029	10287	2	1	0	0	110	0	0	0	0	0	0	31	0
20029	10288	2	1	0	0	25	0	0	0	0	0	0	32	0
20029	10289	2	1	0	0	25	0	0	0	0	0	0	33	0
20029	10290	2	1	0	0	210	0	0	0	0	0	0	34	0
20030	10292	2	1	0	0	210	0	0	0	0	0	0	35	0
20030	10293	2	1	0	0	210	0	0	0	0	0	0	36	0
20030	10294	2	1	0	0	100	0	0	0	0	0	0	37	0
20030	10295	2	1	0	0	110	0	0	0	0	0	0	38	0
20030	10297	2	1	0	0	110	0	0	0	0	0	0	39	0
20030	10298	2	1	0	0	25	0	0	0	0	0	0	40	0
20030	10299	2	1	0	0	25	0	0	0	0	0	0	41	0
20030	10300	2	1	0	0	210	0	0	0	0	0	0	42	0
20031	10302	2	1	0	0	210	0	0	0	0	0	0	43	0
20031	10303	2	1	0	0	210	0	0	0	0	0	0	44	0
20031	10304	2	1	0	0	100	0	0	0	0	0	0	45	0
20031	10305	2	1	0	0	110	0	0	0	0	0	0	46	0
20031	10307	2	1	0	0	110	0	0	0	0	0	0	47	0
20031	10308	2	1	0	0	25	0	0	0	0	0	0	48	0
20031	10309	2	1	0	0	25	0	0	0	0	0	0	49	0
20031	10310	2	1	0	0	210	0	0	0	0	0	0	50	0
20032	10312	2	1	0	0	210	0	0	0	0	0	0	51	0
20032	10313	2	1	0	0	210	0	0	0	0	0	0	52	0
20032	10314	2	1	0	0	100	0	0	0	0	0	0	53	0
20032	10315	2	1	0	0	110	0	0	0	0	0	0	54	0
20032	10317	2	1	0	0	110	0	0	0	0	0	0	55	0
20032	10318	2	1	0	0	25	0	0	0	0	0	0	56	0
20032	10319	2	1	0	0	25	0	0	0	0	0	0	57	0
20032	10320	2	1	0	0	210	0	0	0	0	0	0	58	0
20033	10322	2	1	0	0	210	0	0	0	0	0	0	59	0
20033	10323	2	1	0	0	210	0	0	0	0	0	0	60	0
20033	10324	2	1	0	0	100	0	0	0	0	0	0	61	0
20033	10325	2	1	0	0	110	0	0	0	0	0	0	62	0
20033	10327	2	1	0	0	110	0	0	0	0	0	0	63	0
20033	10328	2	1	0	0	25	0	0	0	0	0	0	64	0
20033	10329	2	1	0	0	25	0	0	0	0	0	0	65	0
20033	10330	2	1	0	0	210	0	0	0	0	0	0	66	0
20034	10332	2	1	0	0	210	0	0	0	0	0	0	67	0
20034	10333	2	1	0	0	210	0	0	0	0	0	0	68	0
20034	10334	2	1	0	0	100	0	0	0	0	0	0	69	0
20034	10335	2	1	0	0	110	0	0	0	0	0	0	70	0
20034	10337	2	1	0	0	110	0	0	0	0	0	0	71	0
20034	10338	2	1	0	0	25	0	0	0	0	0	0	72	0
20034	10339	2	1	0	0	25	0	0	0	0	0	0	73	0
20034	10340	2	1	0	0	210	0	0	0	0	0	0	74	0
20035	10342	2	1	0	0	210	0	0	0	0	0	0	75	0
20035	10343	2	1	0	0	210	0	0	0	0	0	0	76	0
20035	10344	2	1	0	0	100	0	0	0	0	0	0	77	0
20035	10345	2	1	0	0	110	0	0	0	0	0	0	78	0
20035	10347	2	1	0	0	110	0	0	0	0	0	0	79	0
20035	10348	2	1	0	0	25	0	0	0	0	0	0	80	0
20035	10349	2	1	0	0	25	0	0	0	0	0	0	81	0
20035	10350	2	1	0	0	210	0	0	0	0	0	0	82	0
20036	10352	2	1	0	0	210	0	0	0	0	0	0	83	0
20036	10353	2	1	0	0	210	0	0	0	0	0	0	84	0
20036	10354	2	1	0	0	100	0	0	0	0	0	0	85	0
20036	10355	2	1	0	0	110	0	0	0	0	0	0	86	0
20036	10357	2	1	0	0	110	0	0	0	0	0	0	87	0
20036	10358	2	1	0	0	25	0	0	0	0	0	0	88	0
20036	10359	2	1	0	0	25	0	0	0	0	0	0	89	0
20036	10360	2	1	0	0	210	0	0	0	0	0	0	90	0
20037	10362	2	1	0	0	210	0	0	0	0	0	0	91	0
20037	10363	2	1	0	0	210	0	0	0	0	0	0	92	0
20037	10364	2	1	0	0	100	0	0	0	0	0	0	93	0
20037	10365	2	1	0	0	110	0	0	0	0	0	0	94	0
20037	10367	2	1	0	0	110	0	0	0	0	0	0	95	0
20037	10368	2	1	0	0	25	0	0	0	0	0	0	96	0
20037	10369	2	1	0	0	25	0	0	0	0	0	0	97	0
20037	10370	2	1	0	0	210	0	0	0	0	0	0	98	0
20038	10372	2	1	0	0	210	0	0	0	0	0	0	99	0
20038	10373	2	1	0	0	210	0	0	0	0	0	0	100	0
20038	10374	2	1	0	0	100	0	0	0	0	0	0	101	0
20038	10375	2	1	0	0	110	0	0	0	0	0	0	102	0
20038	10377	2	1	0	0	110	0	0	0	0	0	0	103	0
20038	10378	2	1	0	0	25	0	0	0	0	0	0	104	0
20038	10379	2	1	0	0	25	0	0	0	0	0	0	105	0
20038	10380	2	1	0	0	210	0	0	0	0	0	0	106	0
20039	10382	2	1	0	0	210	0	0	0	0	0	0	107	0
20039	10383	2	1	0	0	210	0	0	0	0	0	0	108	0
20039	10384	2	1	0	0	100	0	0	0	0	0	0	109	0
20039	10385	2	1	0	0	110	0	0	0	0	0	0	110	0
20039	10387	2	1	0	0	110	0	0	0	0	0	0	111	0
20039	10388	2	1	0	0	25	0	0	0	0	0	0	112	0
20039	10389	2	1	0	0	25	0	0	0	0	0	0	113	0
20039	10390	2	1	0	0	210	0	0	0	0	0	0	114	0
20040	10392	2	1	0	0	210	0	0	0	0	0	0	115	0
20040	10393	2	1	0	0	210	0	0	0	0	0	0	116	0
20040	10394	2	1	0	0	100	0	0	0	0	0	0	117	0
20040	10395	2	1	0	0	110	0	0	0	0	0	0	118	0
20040	10397	2	1	0	0	110	0	0	0	0	0	0	119	0
20040	10398	2	1	0	0	25	0	0	0	0	0	0	120	0
20040	10399	2	1	0	0	25	0	0	0	0	0	0	121	0
20040	10400	2	1	0	0	210	0	0	0	0	0	0	122	0
20041	10402	2	1	0	0	210	0	0	0	0	0	0	220	0
20041	10403	2	1	0	0	210	0	0	0	0	0	0	221	0
20041	10404	2	1	0	0	100	0	0	0	0	0	0	222	0
20041	10405	2	1	0	0	110	0	0	0	0	0	0	223	0
20041	10407	2	1	0	0	110	0	0	0	0	0	0	224	0
20041	10408	2	1	0	0	25	0	0	0	0	0	0	225	0
20041	10409	2	1	0	0	25	0	0	0	0	0	0	226	0
20041	10410	2	1	0	0	210	0	0	0	0	0	0	227	0
20042	10412	2	1	0	0	210	0	0	0	0	0	0	228	0
20042	10413	2	1	0	0	210	0	0	0	0	0	0	229	0
20042	10414	2	1	0	0	100	0	0	0	0	0	0	230	0
20042	10415	2	1	0	0	110	0	0	0	0	0	0	231	0
20042	10417	2	1	0	0	110	0	0	0	0	0	0	232	0
20042	10418	2	1	0	0	25	0	0	0	0	0	0	233	0
20042	10419	2	1	0	0	25	0	0	0	0	0	0	234	0
20042	10420	2	1	0	0	210	0	0	0	0	0	0	235	0
21001	10001	2	1	0	0	400	0	0	0	0	0	0	0	0
21001	10006	2	1	0	0	600	0	0	0	0	0	0	0	0
21002	10011	2	1	0	0	400	0	0	0	0	0	0	0	0
21002	10016	2	1	0	0	600	0	0	0	0	0	0	0	0
21003	10021	2	1	0	0	400	0	0	0	0	0	0	0	0
21003	10026	2	1	0	0	600	0	0	0	0	0	0	0	0
21004	10031	2	1	0	0	400	0	0	0	0	0	0	0	0
21004	10036	2	1	0	0	600	0	0	0	0	0	0	0	0
21005	10041	2	1	0	0	400	0	0	0	0	0	0	0	0
21005	10046	2	1	0	0	600	0	0	0	0	0	0	0	0
21006	10051	2	1	0	0	400	0	0	0	0	0	0	0	0
21006	10056	2	1	0	0	600	0	0	0	0	0	0	0	0
21007	10061	2	1	0	0	400	0	0	0	0	0	0	0	0
21007	10066	2	1	0	0	600	0	0	0	0	0	0	0	0
21008	10071	2	1	0	0	400	0	0	0	0	0	0	0	0
21008	10076	2	1	0	0	600	0	0	0	0	0	0	0	0
21009	10081	2	1	0	0	400	0	0	0	0	0	0	0	0
21009	10086	2	1	0	0	600	0	0	0	0	0	0	0	0
21010	10091	2	1	0	0	400	0	0	0	0	0	0	0	0
21010	10096	2	1	0	0	600	0	0	0	0	0	0	0	0
21011	10101	2	1	0	0	400	0	0	0	0	0	0	0	0
21011	10106	2	1	0	0	600	0	0	0	0	0	0	0	0
21012	10111	2	1	0	0	400	0	0	0	0	0	0	0	0
21012	10116	2	1	0	0	600	0	0	0	0	0	0	0	0
21013	10121	2	1	0	0	400	0	0	0	0	0	0	0	0
21013	10126	2	1	0	0	600	0	0	0	0	0	0	0	0
21014	10131	2	1	0	0	400	0	0	0	0	0	0	0	0
21014	10136	2	1	0	0	600	0	0	0	0	0	0	0	0
21015	10141	2	1	0	0	400	0	0	0	0	0	0	0	0
21015	10146	2	1	0	0	600	0	0	0	0	0	0	0	0
21016	10151	2	1	0	0	400	0	0	0	0	0	0	0	0
21016	10156	2	1	0	0	600	0	0	0	0	0	0	0	0
21017	10161	2	1	0	0	400	0	0	0	0	0	0	0	0
21017	10166	2	1	0	0	600	0	0	0	0	0	0	0	0
21018	10171	2	1	0	0	400	0	0	0	0	0	0	0	0
21018	10176	2	1	0	0	600	0	0	0	0	0	0	0	0
21019	10181	2	1	0	0	400	0	0	0	0	0	0	0	0
21019	10186	2	1	0	0	600	0	0	0	0	0	0	0	0
21020	10191	2	1	0	0	400	0	0	0	0	0	0	0	0
21020	10196	2	1	0	0	600	0	0	0	0	0	0	0	0
21021	10201	2	1	0	0	400	0	0	0	0	0	0	123	0
21021	10206	2	1	0	0	600	0	0	0	0	0	0	124	0
21022	10211	2	1	0	0	400	0	0	0	0	0	0	125	0
21022	10216	2	1	0	0	600	0	0	0	0	0	0	126	0
21023	10221	2	1	0	0	400	0	0	0	0	0	0	127	0
21023	10226	2	1	0	0	600	0	0	0	0	0	0	128	0
21024	10231	2	1	0	0	400	0	0	0	0	0	0	129	0
21024	10236	2	1	0	0	600	0	0	0	0	0	0	130	0
21025	10241	2	1	0	0	400	0	0	0	0	0	0	131	0
21025	10246	2	1	0	0	600	0	0	0	0	0	0	132	0
21026	10251	2	1	0	0	400	0	0	0	1	0	0	133	0
21026	10256	2	1	0	0	600	0	0	0	1	0	0	134	0
21027	10261	2	1	0	0	400	0	0	0	1	0	0	135	0
21027	10266	2	1	0	0	600	0	0	0	1	0	0	136	0
21028	10271	2	1	0	0	400	0	0	0	1	0	0	137	0
21028	10276	2	1	0	0	600	0	0	0	1	0	0	138	0
21029	10281	2	1	0	0	400	0	0	0	1	0	0	139	0
21029	10286	2	1	0	0	600	0	0	0	1	0	0	140	0
21030	10291	2	1	0	0	400	0	0	0	1	0	0	141	0
21030	10296	2	1	0	0	600	0	0	0	1	0	0	142	0
21031	10301	2	1	0	0	400	0	0	0	1	0	0	143	0
21031	10306	2	1	0	0	600	0	0	0	1	0	0	144	0
21032	10311	2	1	0	0	400	0	0	0	1	0	0	145	0
21032	10316	2	1	0	0	600	0	0	0	1	0	0	146	0
21033	10321	2	1	0	0	400	0	0	0	1	0	0	147	0
21033	10326	2	1	0	0	600	0	0	0	1	0	0	148	0
21034	10331	2	1	0	0	400	0	0	0	1	0	0	149	0
21034	10336	2	1	0	0	600	0	0	0	1	0	0	150	0
21035	10341	2	1	0	0	400	0	0	0	1	0	0	151	0
21035	10346	2	1	0	0	600	0	0	0	1	0	0	152	0
22001	30001	2	1	0	0	115	0	0	0	0	0	0	153	0
22001	30002	2	1	0	0	115	0	0	0	0	0	0	154	0
22001	30003	2	1	0	0	102	0	0	0	0	0	0	155	0
22001	30004	2	1	0	0	100	0	0	0	0	0	0	156	0
22001	30005	2	1	0	0	100	0	0	0	0	0	0	157	0
22001	30006	2	1	0	0	95	0	0	0	0	0	0	158	0
22001	30007	2	1	0	0	90	0	0	0	0	0	0	159	0
22001	30008	2	1	0	0	85	0	0	0	0	0	0	160	0
22001	30009	2	1	0	0	80	0	0	0	0	0	0	161	0
22001	30010	2	1	0	0	75	0	0	0	0	0	0	162	0
22001	30011	2	1	0	0	25	0	0	0	0	0	0	163	0
22001	30012	2	1	0	0	18	0	0	0	0	0	0	164	0
22002	30001	2	1	1	0	115	0	0	0	0	0	0	153	0
22002	30002	2	1	1	0	115	0	0	0	0	0	0	154	0
22002	30003	2	1	1	0	102	0	0	0	0	0	0	155	0
22002	30004	2	1	1	0	100	0	0	0	0	0	0	156	0
22002	30005	2	1	1	0	100	0	0	0	0	0	0	157	0
22002	30006	2	1	1	0	95	0	0	0	0	0	0	158	0
22002	30007	2	1	1	0	90	0	0	0	0	0	0	159	0
22002	30008	2	1	1	0	85	0	0	0	0	0	0	160	0
22002	30009	2	1	1	0	80	0	0	0	0	0	0	161	0
22002	30010	2	1	1	0	75	0	0	0	0	0	0	162	0
22002	30011	2	1	1	0	25	0	0	0	0	0	0	163	0
22002	30012	2	1	1	0	18	0	0	0	0	0	0	164	0
22011	40010	2	1	0	0	69	0	0	0	0	0	0	213	0
22011	40011	2	1	0	0	69	0	0	0	0	0	0	214	0
22011	40012	2	1	0	0	69	0	0	0	0	0	0	215	0
22011	40013	2	1	0	0	69	0	0	0	0	0	0	216	0
22011	40014	2	1	0	0	15	0	0	0	0	0	0	217	0
22011	40015	2	1	0	0	9	0	0	0	0	0	0	218	0
22011	40010	2	1	1	0	161	0	0	0	0	0	0	213	0
22011	40011	2	1	1	0	161	0	0	0	0	0	0	214	0
22011	40012	2	1	1	0	161	0	0	0	0	0	0	215	0
22011	40013	2	1	1	0	161	0	0	0	0	0	0	216	0
22011	40014	2	1	1	0	35	0	0	0	0	0	0	217	0
22011	40015	2	1	1	0	21	0	0	0	0	0	0	218	0
22012	40010	2	1	0	0	230	0	0	0	0	0	0	213	0
22012	40011	2	1	0	0	230	0	0	0	0	0	0	214	0
22012	40012	2	1	0	0	230	0	0	0	0	0	0	215	0
22012	40013	2	1	0	0	230	0	0	0	0	0	0	216	0
22012	40014	2	1	0	0	50	0	0	0	0	0	0	217	0
22012	40015	2	1	0	0	30	0	0	0	0	0	0	218	0
23001	50000	2	1	0	0	581	0	0	0	0	0	0	0	0
23001	50001	2	1	0	0	292	0	0	0	0	0	0	0	0
23001	50002	2	1	0	0	88	0	0	0	0	0	0	0	0
23001	50003	2	1	0	0	26	0	0	0	0	0	0	0	0
23001	50004	2	1	0	0	8	0	0	0	0	0	0	0	0
23001	50005	2	1	0	0	3	0	0	0	0	0	0	165	0
23001	50006	2	1	0	0	2	0	0	0	0	0	0	166	0
23002	50010	2	1	0	0	580	0	0	0	0	0	0	0	0
23002	50011	2	1	0	0	292	0	0	0	0	0	0	0	0
23002	50012	2	1	0	0	88	0	0	0	0	0	0	0	0
23002	50013	2	1	0	0	26	0	0	0	0	0	0	0	0
23002	50014	2	1	0	0	8	0	0	0	0	0	0	0	0
23002	50015	2	1	0	0	3	0	0	0	0	0	0	170	0
23002	50016	2	1	0	0	2	0	0	0	0	0	0	171	0
23002	50017	2	1	0	0	1	0	0	0	0	0	0	172	0
23003	50020	2	1	0	0	580	0	0	0	0	0	0	0	0
23003	50021	2	1	0	0	292	0	0	0	0	0	0	0	0
23003	50022	2	1	0	0	88	0	0	0	0	0	0	0	0
23003	50023	2	1	0	0	26	0	0	0	0	0	0	0	0
23003	50024	2	1	0	0	8	0	0	0	0	0	0	0	0
23003	50025	2	1	0	0	3	0	0	0	0	0	0	175	0
23003	50026	2	1	0	0	2	0	0	0	0	0	0	176	0
23003	50027	2	1	0	0	1	0	0	0	0	0	0	177	0
23004	50030	2	1	0	0	581	0	0	0	0	0	0	0	0
23004	50031	2	1	0	0	292	0	0	0	0	0	0	0	0
23004	50032	2	1	0	0	88	0	0	0	0	0	0	0	0
23004	50033	2	1	0	0	26	0	0	0	0	0	0	0	0
23004	50034	2	1	0	0	8	0	0	0	0	0	0	0	0
23004	50035	2	1	0	0	3	0	0	0	0	0	0	180	0
23004	50036	2	1	0	0	2	0	0	0	0	0	0	181	0
23005	50040	2	1	0	0	580	0	0	0	0	0	0	0	0
23005	50041	2	1	0	0	292	0	0	0	0	0	0	0	0
23005	50042	2	1	0	0	88	0	0	0	0	0	0	0	0
23005	50043	2	1	0	0	26	0	0	0	0	0	0	0	0
23005	50044	2	1	0	0	8	0	0	0	0	0	0	0	0
23005	50045	2	1	0	0	3	0	0	0	0	0	0	185	0
23005	50046	2	1	0	0	2	0	0	0	0	0	0	186	0
23005	50047	2	1	0	0	1	0	0	0	0	0	0	187	0
23006	50050	2	1	0	0	580	0	0	0	0	0	0	0	0
23006	50051	2	1	0	0	292	0	0	0	0	0	0	0	0
23006	50052	2	1	0	0	88	0	0	0	0	0	0	0	0
23006	50053	2	1	0	0	26	0	0	0	0	0	0	0	0
23006	50054	2	1	0	0	8	0	0	0	0	0	0	0	0
23006	50055	2	1	0	0	3	0	0	0	0	0	0	190	0
23006	50056	2	1	0	0	2	0	0	0	0	0	0	191	0
23006	50057	2	1	0	0	1	0	0	0	0	0	0	192	0
23007	50001	2	1	0	0	483	0	0	0	0	0	0	0	0
23007	50002	2	1	0	0	290	0	0	0	0	0	0	0	0
23007	50003	2	1	0	0	130	0	0	0	0	0	0	0	0
23007	50004	2	1	0	0	59	0	0	0	0	0	0	0	0
23007	50005	2	1	0	0	26	0	0	0	0	0	0	165	0
23007	50006	2	1	0	0	12	0	0	0	0	0	0	166	0
23008	50011	2	1	0	0	500	0	0	0	0	0	0	0	0
23008	50012	2	1	0	0	300	0	0	0	0	0	0	0	0
23008	50013	2	1	0	0	120	0	0	0	0	0	0	0	0
23008	50014	2	1	0	0	48	0	0	0	0	0	0	0	0
23008	50015	2	1	0	0	19	0	0	0	0	0	0	170	0
23008	50016	2	1	0	0	8	0	0	0	0	0	0	171	0
23008	50017	2	1	0	0	3	0	0	0	0	0	0	172	0
23008	50018	2	1	0	0	2	0	0	0	0	0	0	173	0
23009	50021	2	1	0	0	500	0	0	0	0	0	0	0	0
23009	50022	2	1	0	0	300	0	0	0	0	0	0	0	0
23009	50023	2	1	0	0	120	0	0	0	0	0	0	0	0
23009	50024	2	1	0	0	48	0	0	0	0	0	0	0	0
23009	50025	2	1	0	0	19	0	0	0	0	0	0	175	0
23009	50026	2	1	0	0	8	0	0	0	0	0	0	176	0
23009	50027	2	1	0	0	3	0	0	0	0	0	0	177	0
23009	50028	2	1	0	0	2	0	0	0	0	0	0	178	0
23010	50031	2	1	0	0	483	0	0	0	0	0	0	0	0
23010	50032	2	1	0	0	290	0	0	0	0	0	0	0	0
23010	50033	2	1	0	0	130	0	0	0	0	0	0	0	0
23010	50034	2	1	0	0	59	0	0	0	0	0	0	0	0
23010	50035	2	1	0	0	26	0	0	0	0	0	0	180	0
23010	50036	2	1	0	0	12	0	0	0	0	0	0	181	0
23011	50041	2	1	0	0	500	0	0	0	0	0	0	0	0
23011	50042	2	1	0	0	300	0	0	0	0	0	0	0	0
23011	50043	2	1	0	0	120	0	0	0	0	0	0	0	0
23011	50044	2	1	0	0	48	0	0	0	0	0	0	0	0
23011	50045	2	1	0	0	19	0	0	0	0	0	0	185	0
23011	50046	2	1	0	0	8	0	0	0	0	0	0	186	0
23011	50047	2	1	0	0	3	0	0	0	0	0	0	187	0
23011	50048	2	1	0	0	2	0	0	0	0	0	0	188	0
23012	50051	2	1	0	0	500	0	0	0	0	0	0	0	0
23012	50052	2	1	0	0	300	0	0	0	0	0	0	0	0
23012	50053	2	1	0	0	120	0	0	0	0	0	0	0	0
23012	50054	2	1	0	0	48	0	0	0	0	0	0	0	0
23012	50055	2	1	0	0	19	0	0	0	0	0	0	190	0
23012	50056	2	1	0	0	8	0	0	0	0	0	0	191	0
23012	50057	2	1	0	0	3	0	0	0	0	0	0	192	0
23012	50058	2	1	0	0	2	0	0	0	0	0	0	193	0
23013	50002	2	1	0	0	585	0	0	0	0	0	0	0	0
23013	50003	2	1	0	0	293	0	0	0	0	0	0	0	0
23013	50004	2	1	0	0	88	0	0	0	0	0	0	0	0
23013	50005	2	1	0	0	26	0	0	0	0	0	0	165	0
23013	50006	2	1	0	0	8	0	0	0	0	0	0	166	0
23014	50012	2	1	0	0	538	0	0	0	0	0	0	0	0
23014	50013	2	1	0	0	323	0	0	0	0	0	0	0	0
23014	50014	2	1	0	0	97	0	0	0	0	0	0	0	0
23014	50015	2	1	0	0	29	0	0	0	0	0	0	170	0
23014	50016	2	1	0	0	9	0	0	0	0	0	0	171	0
23014	50017	2	1	0	0	3	0	0	0	0	0	0	172	0
23014	50018	2	1	0	0	1	0	0	0	0	0	0	173	0
23015	50022	2	1	0	0	538	0	0	0	0	0	0	0	0
23015	50023	2	1	0	0	323	0	0	0	0	0	0	0	0
23015	50024	2	1	0	0	97	0	0	0	0	0	0	0	0
23015	50025	2	1	0	0	29	0	0	0	0	0	0	175	0
23015	50026	2	1	0	0	9	0	0	0	0	0	0	176	0
23015	50027	2	1	0	0	3	0	0	0	0	0	0	177	0
23015	50028	2	1	0	0	1	0	0	0	0	0	0	178	0
23016	50032	2	1	0	0	585	0	0	0	0	0	0	0	0
23016	50033	2	1	0	0	293	0	0	0	0	0	0	0	0
23016	50034	2	1	0	0	88	0	0	0	0	0	0	0	0
23016	50035	2	1	0	0	26	0	0	0	0	0	0	180	0
23016	50036	2	1	0	0	8	0	0	0	0	0	0	181	0
23017	50042	2	1	0	0	538	0	0	0	0	0	0	0	0
23017	50043	2	1	0	0	323	0	0	0	0	0	0	0	0
23017	50044	2	1	0	0	97	0	0	0	0	0	0	0	0
23017	50045	2	1	0	0	29	0	0	0	0	0	0	185	0
23017	50046	2	1	0	0	9	0	0	0	0	0	0	186	0
23017	50047	2	1	0	0	3	0	0	0	0	0	0	187	0
23017	50048	2	1	0	0	1	0	0	0	0	0	0	188	0
23018	50052	2	1	0	0	538	0	0	0	0	0	0	0	0
23018	50053	2	1	0	0	323	0	0	0	0	0	0	0	0
23018	50054	2	1	0	0	97	0	0	0	0	0	0	0	0
23018	50055	2	1	0	0	29	0	0	0	0	0	0	190	0
23018	50056	2	1	0	0	9	0	0	0	0	0	0	191	0
23018	50057	2	1	0	0	3	0	0	0	0	0	0	192	0
23018	50058	2	1	0	0	1	0	0	0	0	0	0	193	0
23019	50002	2	1	0	0	585	0	0	0	0	0	0	0	0
23019	50003	2	1	0	0	293	0	0	0	0	0	0	0	0
23019	50004	2	1	0	0	88	0	0	0	0	0	0	0	0
23019	50005	2	1	0	0	26	0	0	0	0	0	0	165	0
23019	50006	2	1	0	0	8	0	0	0	0	0	0	166	0
23020	50012	2	1	0	0	500	0	0	0	0	0	0	0	0
23020	50013	2	1	0	0	240	0	0	0	0	0	0	0	0
23020	50014	2	1	0	0	131	0	0	0	0	0	0	0	0
23020	50015	2	1	0	0	80	0	0	0	0	0	0	170	0
23020	50016	2	1	0	0	30	0	0	0	0	0	0	171	0
23020	50017	2	1	0	0	14	0	0	0	0	0	0	172	0
23020	50018	2	1	0	0	4	0	0	0	0	0	0	173	0
23020	50019	2	1	0	0	0	0	0	0	0	0	0	174	0
23021	50022	2	1	0	0	500	0	0	0	0	0	0	0	0
23021	50023	2	1	0	0	240	0	0	0	0	0	0	0	0
23021	50024	2	1	0	0	131	0	0	0	0	0	0	0	0
23021	50025	2	1	0	0	80	0	0	0	0	0	0	175	0
23021	50026	2	1	0	0	30	0	0	0	0	0	0	176	0
23021	50027	2	1	0	0	14	0	0	0	0	0	0	177	0
23021	50028	2	1	0	0	4	0	0	0	0	0	0	178	0
23021	50029	2	1	0	0	0	0	0	0	0	0	0	179	0
23022	50032	2	1	0	0	585	0	0	0	0	0	0	0	0
23022	50033	2	1	0	0	293	0	0	0	0	0	0	0	0
23022	50034	2	1	0	0	88	0	0	0	0	0	0	0	0
23022	50035	2	1	0	0	26	0	0	0	0	0	0	180	0
23022	50036	2	1	0	0	8	0	0	0	0	0	0	181	0
23023	50042	2	1	0	0	500	0	0	0	0	0	0	0	0
23023	50043	2	1	0	0	240	0	0	0	0	0	0	0	0
23023	50044	2	1	0	0	131	0	0	0	0	0	0	0	0
23023	50045	2	1	0	0	80	0	0	0	0	0	0	185	0
23023	50046	2	1	0	0	30	0	0	0	0	0	0	186	0
23023	50047	2	1	0	0	14	0	0	0	0	0	0	187	0
23023	50048	2	1	0	0	4	0	0	0	0	0	0	188	0
23023	50049	2	1	0	0	0	0	0	0	0	0	0	189	0
23024	50052	2	1	0	0	500	0	0	0	0	0	0	0	0
23024	50053	2	1	0	0	240	0	0	0	0	0	0	0	0
23024	50054	2	1	0	0	131	0	0	0	0	0	0	0	0
23024	50055	2	1	0	0	80	0	0	0	0	0	0	190	0
23024	50056	2	1	0	0	30	0	0	0	0	0	0	191	0
23024	50057	2	1	0	0	14	0	0	0	0	0	0	192	0
23024	50058	2	1	0	0	4	0	0	0	0	0	0	193	0
23024	50059	2	1	0	0	0	0	0	0	0	0	0	194	0
30000	10011	2	1	0	0	1000	0	0	0	0	0	0	0	0
30001	10012	2	1	0	0	1000	0	0	0	0	0	0	0	0
30002	10013	2	1	0	0	1000	0	0	0	0	0	0	0	0
30003	10014	2	1	0	0	1000	0	0	0	0	0	0	0	0
30004	10015	2	1	0	0	1000	0	0	0	0	0	0	0	0
30005	10016	2	1	0	0	1000	0	0	0	0	0	0	0	0
30006	10017	2	1	0	0	1000	0	0	0	0	0	0	0	0
30007	10018	2	1	0	0	1000	0	0	0	0	0	0	0	0
30008	10019	2	1	0	0	1000	0	0	0	0	0	0	0	0
30009	10020	2	1	0	0	1000	0	0	0	0	0	0	0	0
30010	10021	2	1	0	0	1000	0	0	0	0	0	0	0	0
30011	10022	2	1	0	0	1000	0	0	0	0	0	0	0	0
30012	10023	2	1	0	0	1000	0	0	0	0	0	0	0	0
30013	10024	2	1	0	0	1000	0	0	0	0	0	0	0	0
30014	10025	2	1	0	0	1000	0	0	0	0	0	0	0	0
30015	10026	2	1	0	0	1000	0	0	0	0	0	0	0	0
30016	10027	2	1	0	0	1000	0	0	0	0	0	0	0	0
30017	10028	2	1	0	0	1000	0	0	0	0	0	0	0	0
30018	10029	2	1	0	0	1000	0	0	0	0	0	0	0	0
30019	10030	2	1	0	0	1000	0	0	0	0	0	0	0	0
30020	10031	2	1	0	0	1000	0	0	0	0	0	0	0	0
30021	10032	2	1	0	0	1000	0	0	0	0	0	0	0	0
30022	10033	2	1	0	0	1000	0	0	0	0	0	0	0	0
30023	10034	2	1	0	0	1000	0	0	0	0	0	0	0	0
30024	10035	2	1	0	0	1000	0	0	0	0	0	0	0	0
30025	10036	2	1	0	0	1000	0	0	0	0	0	0	0	0
30026	10037	2	1	0	0	1000	0	0	0	0	0	0	0	0
30027	10038	2	1	0	0	1000	0	0	0	0	0	0	0	0
30028	10039	2	1	0	0	1000	0	0	0	0	0	0	0	0
30029	10040	2	1	0	0	1000	0	0	0	0	0	0	0	0
30030	10041	2	1	0	0	1000	0	0	0	0	0	0	0	0
30031	10042	2	1	0	0	1000	0	0	0	0	0	0	0	0
30032	10043	2	1	0	0	1000	0	0	0	0	0	0	0	0
30033	10044	2	1	0	0	1000	0	0	0	0	0	0	0	0
30034	10045	2	1	0	0	1000	0	0	0	0	0	0	0	0
30035	10046	2	1	0	0	1000	0	0	0	0	0	0	0	0
30036	10047	2	1	0	0	1000	0	0	0	0	0	0	0	0
30037	10048	2	1	0	0	1000	0	0	0	0	0	0	0	0
30038	10049	2	1	0	0	1000	0	0	0	0	0	0	0	0
30039	10050	2	1	0	0	1000	0	0	0	0	0	0	0	0
30040	10051	2	1	0	0	1000	0	0	0	0	0	0	0	0
30041	10052	2	1	0	0	1000	0	0	0	0	0	0	0	0
30042	10053	2	1	0	0	1000	0	0	0	0	0	0	0	0
30043	10054	2	1	0	0	1000	0	0	0	0	0	0	0	0
30044	10055	2	1	0	0	1000	0	0	0	0	0	0	0	0
30045	10056	2	1	0	0	1000	0	0	0	0	0	0	0	0
30046	10057	2	1	0	0	1000	0	0	0	0	0	0	0	0
30047	10058	2	1	0	0	1000	0	0	0	0	0	0	0	0
30048	10059	2	1	0	0	1000	0	0	0	0	0	0	0	0
30049	10060	2	1	0	0	1000	0	0	0	0	0	0	0	0
30050	10061	2	1	0	0	1000	0	0	0	0	0	0	0	0
30051	10062	2	1	0	0	1000	0	0	0	0	0	0	0	0
30052	10063	2	1	0	0	1000	0	0	0	0	0	0	0	0
30053	10064	2	1	0	0	1000	0	0	0	0	0	0	0	0
30054	10065	2	1	0	0	1000	0	0	0	0	0	0	0	0
30055	10066	2	1	0	0	1000	0	0	0	0	0	0	0	0
30056	10067	2	1	0	0	1000	0	0	0	0	0	0	0	0
30057	10068	2	1	0	0	1000	0	0	0	0	0	0	0	0
30058	10069	2	1	0	0	1000	0	0	0	0	0	0	0	0
30059	10070	2	1	0	0	1000	0	0	0	0	0	0	0	0
30060	10071	2	1	0	0	1000	0	0	0	0	0	0	0	0
30061	10072	2	1	0	0	1000	0	0	0	0	0	0	0	0
30062	10073	2	1	0	0	1000	0	0	0	0	0	0	0	0
30063	10074	2	1	0	0	1000	0	0	0	0	0	0	0	0
30064	10075	2	1	0	0	1000	0	0	0	0	0	0	0	0
30065	10076	2	1	0	0	1000	0	0	0	0	0	0	0	0
30066	10077	2	1	0	0	1000	0	0	0	0	0	0	0	0
30067	10078	2	1	0	0	1000	0	0	0	0	0	0	0	0
30068	10079	2	1	0	0	1000	0	0	0	0	0	0	0	0
30069	10080	2	1	0	0	1000	0	0	0	0	0	0	0	0
30070	10081	2	1	0	0	1000	0	0	0	0	0	0	0	0
30071	10082	2	1	0	0	1000	0	0	0	0	0	0	0	0
30072	10083	2	1	0	0	1000	0	0	0	0	0	0	0	0
30073	10084	2	1	0	0	1000	0	0	0	0	0	0	0	0
30074	10085	2	1	0	0	1000	0	0	0	0	0	0	0	0
30075	10086	2	1	0	0	1000	0	0	0	0	0	0	0	0
30076	10087	2	1	0	0	1000	0	0	0	0	0	0	0	0
30077	10088	2	1	0	0	1000	0	0	0	0	0	0	0	0
30078	10089	2	1	0	0	1000	0	0	0	0	0	0	0	0
30079	10090	2	1	0	0	1000	0	0	0	0	0	0	0	0
30080	10091	2	1	0	0	1000	0	0	0	0	0	0	0	0
30081	10092	2	1	0	0	1000	0	0	0	0	0	0	0	0
30082	10093	2	1	0	0	1000	0	0	0	0	0	0	0	0
30083	10094	2	1	0	0	1000	0	0	0	0	0	0	0	0
30084	10095	2	1	0	0	1000	0	0	0	0	0	0	0	0
30085	10096	2	1	0	0	1000	0	0	0	0	0	0	0	0
30086	10097	2	1	0	0	1000	0	0	0	0	0	0	0	0
30087	10098	2	1	0	0	1000	0	0	0	0	0	0	0	0
30088	10099	2	1	0	0	1000	0	0	0	0	0	0	0	0
30089	10100	2	1	0	0	1000	0	0	0	0	0	0	0	0
31000	10302	2	1	0	0	22	0	0	0	0	0	0	43	0
31000	10303	2	1	0	0	22	0	0	0	0	0	0	44	0
31000	10304	2	1	0	0	22	0	0	0	0	0	0	45	0
31000	10305	2	1	0	0	22	0	0	0	0	0	0	46	0
31000	10307	2	1	0	0	22	0	0	0	0	0	0	47	0
31000	10308	2	1	0	0	22	0	0	0	0	0	0	48	0
31000	10309	2	1	0	0	22	0	0	0	0	0	0	49	0
31000	10310	2	1	0	0	22	0	0	0	0	0	0	50	0
31000	10312	2	1	0	0	21	0	0	0	0	0	0	51	0
31000	10313	2	1	0	0	21	0	0	0	0	0	0	52	0
31000	10314	2	1	0	0	21	0	0	0	0	0	0	53	0
31000	10315	2	1	0	0	21	0	0	0	0	0	0	54	0
31000	10317	2	1	0	0	21	0	0	0	0	0	0	55	0
31000	10318	2	1	0	0	21	0	0	0	0	0	0	56	0
31000	10319	2	1	0	0	21	0	0	0	0	0	0	57	0
31000	10320	2	1	0	0	21	0	0	0	0	0	0	58	0
31000	10322	2	1	0	0	21	0	0	0	0	0	0	59	0
31000	10323	2	1	0	0	21	0	0	0	0	0	0	60	0
31000	10324	2	1	0	0	21	0	0	0	0	0	0	61	0
31000	10325	2	1	0	0	21	0	0	0	0	0	0	62	0
31000	10327	2	1	0	0	21	0	0	0	0	0	0	63	0
31000	10328	2	1	0	0	21	0	0	0	0	0	0	64	0
31000	10329	2	1	0	0	21	0	0	0	0	0	0	65	0
31000	10330	2	1	0	0	21	0	0	0	0	0	0	66	0
31000	10332	2	1	0	0	18	0	0	0	0	0	0	67	0
31000	10333	2	1	0	0	18	0	0	0	0	0	0	68	0
31000	10334	2	1	0	0	18	0	0	0	0	0	0	69	0
31000	10335	2	1	0	0	18	0	0	0	0	0	0	70	0
31000	10337	2	1	0	0	18	0	0	0	0	0	0	71	0
31000	10338	2	1	0	0	18	0	0	0	0	0	0	72	0
31000	10339	2	1	0	0	18	0	0	0	0	0	0	73	0
31000	10340	2	1	0	0	18	0	0	0	0	0	0	74	0
31000	10342	2	1	0	0	18	0	0	0	0	0	0	75	0
31000	10343	2	1	0	0	18	0	0	0	0	0	0	76	0
31000	10344	2	1	0	0	18	0	0	0	0	0	0	77	0
31000	10345	2	1	0	0	18	0	0	0	0	0	0	78	0
31000	10347	2	1	0	0	18	0	0	0	0	0	0	79	0
31000	10348	2	1	0	0	18	0	0	0	0	0	0	80	0
31000	10349	2	1	0	0	18	0	0	0	0	0	0	81	0
31000	10350	2	1	0	0	18	0	0	0	0	0	0	82	0
31000	10352	2	1	0	0	10	0	0	0	0	0	0	83	0
31000	10353	2	1	0	0	10	0	0	0	0	0	0	84	0
31000	10354	2	1	0	0	10	0	0	0	0	0	0	85	0
31000	10355	2	1	0	0	10	0	0	0	0	0	0	86	0
31000	10357	2	1	0	0	10	0	0	0	0	0	0	87	0
31000	10358	2	1	0	0	10	0	0	0	0	0	0	88	0
31000	10359	2	1	0	0	10	0	0	0	0	0	0	89	0
31000	10360	2	1	0	0	10	0	0	0	0	0	0	90	0
31000	10362	2	1	0	0	10	0	0	0	0	0	0	91	0
31000	10363	2	1	0	0	10	0	0	0	0	0	0	92	0
31000	10364	2	1	0	0	10	0	0	0	0	0	0	93	0
31000	10365	2	1	0	0	10	0	0	0	0	0	0	94	0
31000	10367	2	1	0	0	10	0	0	0	0	0	0	95	0
31000	10368	2	1	0	0	10	0	0	0	0	0	0	96	0
31000	10369	2	1	0	0	10	0	0	0	0	0	0	97	0
31000	10370	2	1	0	0	10	0	0	0	0	0	0	98	0
31000	10372	2	1	0	0	5	0	0	0	0	0	0	99	0
31000	10373	2	1	0	0	5	0	0	0	0	0	0	100	0
31000	10374	2	1	0	0	5	0	0	0	0	0	0	101	0
31000	10375	2	1	0	0	5	0	0	0	0	0	0	102	0
31000	10377	2	1	0	0	5	0	0	0	0	0	0	103	0
31000	10378	2	1	0	0	5	0	0	0	0	0	0	104	0
31000	10379	2	1	0	0	5	0	0	0	0	0	0	105	0
31000	10380	2	1	0	0	5	0	0	0	0	0	0	106	0
31001	10302	2	1	0	0	70	0	0	0	0	0	0	43	0
31001	10303	2	1	0	0	62	0	0	0	0	0	0	44	0
31001	10304	2	1	0	0	62	0	0	0	0	0	0	45	0
31001	10305	2	1	0	0	62	0	0	0	0	0	0	46	0
31001	10307	2	1	0	0	62	0	0	0	0	0	0	47	0
31001	10308	2	1	0	0	62	0	0	0	0	0	0	48	0
31001	10309	2	1	0	0	62	0	0	0	0	0	0	49	0
31001	10310	2	1	0	0	62	0	0	0	0	0	0	50	0
31001	10312	2	1	0	0	62	0	0	0	0	0	0	51	0
31001	10313	2	1	0	0	62	0	0	0	0	0	0	52	0
31001	10314	2	1	0	0	62	0	0	0	0	0	0	53	0
31001	10315	2	1	0	0	62	0	0	0	0	0	0	54	0
31001	10317	2	1	0	0	62	0	0	0	0	0	0	55	0
31001	10318	2	1	0	0	62	0	0	0	0	0	0	56	0
31001	10319	2	1	0	0	62	0	0	0	0	0	0	57	0
31001	10320	2	1	0	0	62	0	0	0	0	0	0	58	0
31002	10302	2	1	0	0	41	0	0	0	0	0	0	43	0
31002	10303	2	1	0	0	57	0	0	0	0	0	0	44	0
31002	10304	2	1	0	0	41	0	0	0	0	0	0	45	0
31002	10305	2	1	0	0	41	0	0	0	0	0	0	46	0
31002	10307	2	1	0	0	41	0	0	0	0	0	0	47	0
31002	10308	2	1	0	0	41	0	0	0	0	0	0	48	0
31002	10309	2	1	0	0	41	0	0	0	0	0	0	49	0
31002	10310	2	1	0	0	41	0	0	0	0	0	0	50	0
31002	10312	2	1	0	0	41	0	0	0	0	0	0	51	0
31002	10313	2	1	0	0	41	0	0	0	0	0	0	52	0
31002	10314	2	1	0	0	41	0	0	0	0	0	0	53	0
31002	10315	2	1	0	0	41	0	0	0	0	0	0	54	0
31002	10317	2	1	0	0	41	0	0	0	0	0	0	55	0
31002	10318	2	1	0	0	41	0	0	0	0	0	0	56	0
31002	10319	2	1	0	0	41	0	0	0	0	0	0	57	0
31002	10320	2	1	0	0	41	0	0	0	0	0	0	58	0
31002	10322	2	1	0	0	41	0	0	0	0	0	0	59	0
31002	10323	2	1	0	0	41	0	0	0	0	0	0	60	0
31002	10324	2	1	0	0	41	0	0	0	0	0	0	61	0
31002	10325	2	1	0	0	41	0	0	0	0	0	0	62	0
31002	10327	2	1	0	0	41	0	0	0	0	0	0	63	0
31002	10328	2	1	0	0	41	0	0	0	0	0	0	64	0
31002	10329	2	1	0	0	41	0	0	0	0	0	0	65	0
31002	10330	2	1	0	0	41	0	0	0	0	0	0	66	0
31003	10312	2	1	0	0	41	0	0	0	0	0	0	51	0
31003	10313	2	1	0	0	57	0	0	0	0	0	0	52	0
31003	10314	2	1	0	0	41	0	0	0	0	0	0	53	0
31003	10315	2	1	0	0	41	0	0	0	0	0	0	54	0
31003	10317	2	1	0	0	41	0	0	0	0	0	0	55	0
31003	10318	2	1	0	0	41	0	0	0	0	0	0	56	0
31003	10319	2	1	0	0	41	0	0	0	0	0	0	57	0
31003	10320	2	1	0	0	41	0	0	0	0	0	0	58	0
31003	10322	2	1	0	0	41	0	0	0	0	0	0	59	0
31003	10323	2	1	0	0	41	0	0	0	0	0	0	60	0
31003	10324	2	1	0	0	41	0	0	0	0	0	0	61	0
31003	10325	2	1	0	0	41	0	0	0	0	0	0	62	0
31003	10327	2	1	0	0	41	0	0	0	0	0	0	63	0
31003	10328	2	1	0	0	41	0	0	0	0	0	0	64	0
31003	10329	2	1	0	0	41	0	0	0	0	0	0	65	0
31003	10330	2	1	0	0	41	0	0	0	0	0	0	66	0
31003	10332	2	1	0	0	41	0	0	0	0	0	0	67	0
31003	10333	2	1	0	0	41	0	0	0	0	0	0	68	0
31003	10334	2	1	0	0	41	0	0	0	0	0	0	69	0
31003	10335	2	1	0	0	41	0	0	0	0	0	0	70	0
31003	10337	2	1	0	0	41	0	0	0	0	0	0	71	0
31003	10338	2	1	0	0	41	0	0	0	0	0	0	72	0
31003	10339	2	1	0	0	41	0	0	0	0	0	0	73	0
31003	10340	2	1	0	0	41	0	0	0	0	0	0	74	0
31004	10312	2	1	0	0	31	0	0	0	0	0	0	51	0
31004	10313	2	1	0	0	39	0	0	0	0	0	0	52	0
31004	10314	2	1	0	0	31	0	0	0	0	0	0	53	0
31004	10315	2	1	0	0	31	0	0	0	0	0	0	54	0
31004	10317	2	1	0	0	31	0	0	0	0	0	0	55	0
31004	10318	2	1	0	0	31	0	0	0	0	0	0	56	0
31004	10319	2	1	0	0	31	0	0	0	0	0	0	57	0
31004	10320	2	1	0	0	31	0	0	0	0	0	0	58	0
31004	10322	2	1	0	0	31	0	0	0	0	0	0	59	0
31004	10323	2	1	0	0	31	0	0	0	0	0	0	60	0
31004	10324	2	1	0	0	31	0	0	0	0	0	0	61	0
31004	10325	2	1	0	0	31	0	0	0	0	0	0	62	0
31004	10327	2	1	0	0	31	0	0	0	0	0	0	63	0
31004	10328	2	1	0	0	31	0	0	0	0	0	0	64	0
31004	10329	2	1	0	0	31	0	0	0	0	0	0	65	0
31004	10330	2	1	0	0	31	0	0	0	0	0	0	66	0
31004	10332	2	1	0	0	31	0	0	0	0	0	0	67	0
31004	10333	2	1	0	0	31	0	0	0	0	0	0	68	0
31004	10334	2	1	0	0	31	0	0	0	0	0	0	69	0
31004	10335	2	1	0	0	31	0	0	0	0	0	0	70	0
31004	10337	2	1	0	0	31	0	0	0	0	0	0	71	0
31004	10338	2	1	0	0	31	0	0	0	0	0	0	72	0
31004	10339	2	1	0	0	31	0	0	0	0	0	0	73	0
31004	10340	2	1	0	0	31	0	0	0	0	0	0	74	0
31004	10342	2	1	0	0	31	0	0	0	0	0	0	75	0
31004	10343	2	1	0	0	31	0	0	0	0	0	0	76	0
31004	10344	2	1	0	0	31	0	0	0	0	0	0	77	0
31004	10345	2	1	0	0	31	0	0	0	0	0	0	78	0
31004	10347	2	1	0	0	31	0	0	0	0	0	0	79	0
31004	10348	2	1	0	0	31	0	0	0	0	0	0	80	0
31004	10349	2	1	0	0	31	0	0	0	0	0	0	81	0
31004	10350	2	1	0	0	31	0	0	0	0	0	0	82	0
31005	711	1	1	1	0	1000	0	0	0	0	0	0	711	0
31006	712	1	1	1	0	1000	0	0	0	0	0	0	712	0
31007	713	1	1	1	0	1000	0	0	0	0	0	0	713	0
31008	714	1	1	1	0	1000	0	0	0	0	0	0	714	0
31009	10302	2	1	0	0	107	0	0	0	0	0	0	43	0
31009	10303	2	1	0	0	107	0	0	0	0	0	0	44	0
31009	10304	2	1	0	0	76	0	0	0	0	0	0	45	0
31009	10305	2	1	0	0	92	0	0	0	0	0	0	46	0
31009	10307	2	1	0	0	92	0	0	0	0	0	0	47	0
31009	10308	2	1	0	0	41	0	0	0	0	0	0	48	0
31009	10309	2	1	0	0	41	0	0	0	0	0	0	49	0
31009	10310	2	1	0	0	107	0	0	0	0	0	0	50	0
31009	10312	2	1	0	0	32	0	0	0	0	0	0	51	0
31009	10313	2	1	0	0	32	0	0	0	0	0	0	52	0
31009	10314	2	1	0	0	23	0	0	0	0	0	0	53	0
31009	10315	2	1	0	0	27	0	0	0	0	0	0	54	0
31009	10317	2	1	0	0	27	0	0	0	0	0	0	55	0
31009	10318	2	1	0	0	12	0	0	0	0	0	0	56	0
31009	10319	2	1	0	0	12	0	0	0	0	0	0	57	0
31009	10320	2	1	0	0	32	0	0	0	0	0	0	58	0
31009	10322	2	1	0	0	15	0	0	0	0	0	0	59	0
31009	10323	2	1	0	0	15	0	0	0	0	0	0	60	0
31009	10324	2	1	0	0	11	0	0	0	0	0	0	61	0
31009	10325	2	1	0	0	13	0	0	0	0	0	0	62	0
31009	10327	2	1	0	0	13	0	0	0	0	0	0	63	0
31009	10328	2	1	0	0	6	0	0	0	0	0	0	64	0
31009	10329	2	1	0	0	6	0	0	0	0	0	0	65	0
31009	10330	2	1	0	0	15	0	0	0	0	0	0	66	0
31009	10332	2	1	0	0	5	0	0	0	0	0	0	67	0
31009	10333	2	1	0	0	5	0	0	0	0	0	0	68	0
31009	10334	2	1	0	0	4	0	0	0	0	0	0	69	0
31009	10335	2	1	0	0	4	0	0	0	0	0	0	70	0
31009	10337	2	1	0	0	4	0	0	0	0	0	0	71	0
31009	10338	2	1	0	0	2	0	0	0	0	0	0	72	0
31009	10339	2	1	0	0	2	0	0	0	0	0	0	73	0
31009	10340	2	1	0	0	5	0	0	0	0	0	0	74	0
31009	10342	2	1	0	0	3	0	0	0	0	0	0	75	0
31009	10343	2	1	0	0	3	0	0	0	0	0	0	76	0
31009	10344	2	1	0	0	2	0	0	0	0	0	0	77	0
31009	10345	2	1	0	0	2	0	0	0	0	0	0	78	0
31009	10347	2	1	0	0	2	0	0	0	0	0	0	79	0
31009	10348	2	1	0	0	1	0	0	0	0	0	0	80	0
31009	10349	2	1	0	0	1	0	0	0	0	0	0	81	0
31009	10350	2	1	0	0	3	0	0	0	0	0	0	82	0
31010	10322	2	1	0	0	109	0	0	0	0	0	0	59	0
31010	10323	2	1	0	0	109	0	0	0	0	0	0	60	0
31010	10324	2	1	0	0	78	0	0	0	0	0	0	61	0
31010	10325	2	1	0	0	93	0	0	0	0	0	0	62	0
31010	10327	2	1	0	0	93	0	0	0	0	0	0	63	0
31010	10328	2	1	0	0	41	0	0	0	0	0	0	64	0
31010	10329	2	1	0	0	41	0	0	0	0	0	0	65	0
31010	10330	2	1	0	0	109	0	0	0	0	0	0	66	0
31010	10332	2	1	0	0	32	0	0	0	0	0	0	67	0
31010	10333	2	1	0	0	32	0	0	0	0	0	0	68	0
31010	10334	2	1	0	0	23	0	0	0	0	0	0	69	0
31010	10335	2	1	0	0	28	0	0	0	0	0	0	70	0
31010	10337	2	1	0	0	28	0	0	0	0	0	0	71	0
31010	10338	2	1	0	0	12	0	0	0	0	0	0	72	0
31010	10339	2	1	0	0	12	0	0	0	0	0	0	73	0
31010	10340	2	1	0	0	32	0	0	0	0	0	0	74	0
31010	10342	2	1	0	0	16	0	0	0	0	0	0	75	0
31010	10343	2	1	0	0	16	0	0	0	0	0	0	76	0
31010	10344	2	1	0	0	11	0	0	0	0	0	0	77	0
31010	10345	2	1	0	0	13	0	0	0	0	0	0	78	0
31010	10347	2	1	0	0	13	0	0	0	0	0	0	79	0
31010	10348	2	1	0	0	6	0	0	0	0	0	0	80	0
31010	10349	2	1	0	0	6	0	0	0	0	0	0	81	0
31010	10350	2	1	0	0	16	0	0	0	0	0	0	82	0
31010	10352	2	1	0	0	5	0	0	0	0	0	0	83	0
31010	10353	2	1	0	0	5	0	0	0	0	0	0	84	0
31010	10354	2	1	0	0	4	0	0	0	0	0	0	85	0
31010	10355	2	1	0	0	4	0	0	0	0	0	0	86	0
31010	10357	2	1	0	0	4	0	0	0	0	0	0	87	0
31010	10358	2	1	0	0	2	0	0	0	0	0	0	88	0
31010	10359	2	1	0	0	2	0	0	0	0	0	0	89	0
31010	10360	2	1	0	0	5	0	0	0	0	0	0	90	0
31011	10342	2	1	0	0	109	0	0	0	0	0	0	75	0
31011	10343	2	1	0	0	109	0	0	0	0	0	0	76	0
31011	10344	2	1	0	0	78	0	0	0	0	0	0	77	0
31011	10345	2	1	0	0	93	0	0	0	0	0	0	78	0
31011	10347	2	1	0	0	93	0	0	0	0	0	0	79	0
31011	10348	2	1	0	0	41	0	0	0	0	0	0	80	0
31011	10349	2	1	0	0	41	0	0	0	0	0	0	81	0
31011	10350	2	1	0	0	109	0	0	0	0	0	0	82	0
31011	10352	2	1	0	0	32	0	0	0	0	0	0	83	0
31011	10353	2	1	0	0	32	0	0	0	0	0	0	84	0
31011	10354	2	1	0	0	23	0	0	0	0	0	0	85	0
31011	10355	2	1	0	0	28	0	0	0	0	0	0	86	0
31011	10357	2	1	0	0	28	0	0	0	0	0	0	87	0
31011	10358	2	1	0	0	12	0	0	0	0	0	0	88	0
31011	10359	2	1	0	0	12	0	0	0	0	0	0	89	0
31011	10360	2	1	0	0	32	0	0	0	0	0	0	90	0
31011	10362	2	1	0	0	16	0	0	0	0	0	0	91	0
31011	10363	2	1	0	0	16	0	0	0	0	0	0	92	0
31011	10364	2	1	0	0	11	0	0	0	0	0	0	93	0
31011	10365	2	1	0	0	13	0	0	0	0	0	0	94	0
31011	10367	2	1	0	0	13	0	0	0	0	0	0	95	0
31011	10368	2	1	0	0	6	0	0	0	0	0	0	96	0
31011	10369	2	1	0	0	6	0	0	0	0	0	0	97	0
31011	10370	2	1	0	0	16	0	0	0	0	0	0	98	0
31011	10372	2	1	0	0	5	0	0	0	0	0	0	99	0
31011	10373	2	1	0	0	5	0	0	0	0	0	0	100	0
31011	10374	2	1	0	0	4	0	0	0	0	0	0	101	0
31011	10375	2	1	0	0	4	0	0	0	0	0	0	102	0
31011	10377	2	1	0	0	4	0	0	0	0	0	0	103	0
31011	10378	2	1	0	0	2	0	0	0	0	0	0	104	0
31011	10379	2	1	0	0	2	0	0	0	0	0	0	105	0
31011	10380	2	1	0	0	5	0	0	0	0	0	0	106	0
31012	10362	2	1	0	0	109	0	0	0	0	0	0	91	0
31012	10363	2	1	0	0	109	0	0	0	0	0	0	92	0
31012	10364	2	1	0	0	78	0	0	0	0	0	0	93	0
31012	10365	2	1	0	0	93	0	0	0	0	0	0	94	0
31012	10367	2	1	0	0	93	0	0	0	0	0	0	95	0
31012	10368	2	1	0	0	41	0	0	0	0	0	0	96	0
31012	10369	2	1	0	0	41	0	0	0	0	0	0	97	0
31012	10370	2	1	0	0	109	0	0	0	0	0	0	98	0
31012	10372	2	1	0	0	32	0	0	0	0	0	0	99	0
31012	10373	2	1	0	0	32	0	0	0	0	0	0	100	0
31012	10374	2	1	0	0	23	0	0	0	0	0	0	101	0
31012	10375	2	1	0	0	28	0	0	0	0	0	0	102	0
31012	10377	2	1	0	0	28	0	0	0	0	0	0	103	0
31012	10378	2	1	0	0	12	0	0	0	0	0	0	104	0
31012	10379	2	1	0	0	12	0	0	0	0	0	0	105	0
31012	10380	2	1	0	0	32	0	0	0	0	0	0	106	0
31012	10382	2	1	0	0	16	0	0	0	0	0	0	107	0
31012	10383	2	1	0	0	16	0	0	0	0	0	0	108	0
31012	10384	2	1	0	0	11	0	0	0	0	0	0	109	0
31012	10385	2	1	0	0	13	0	0	0	0	0	0	110	0
31012	10387	2	1	0	0	13	0	0	0	0	0	0	111	0
31012	10388	2	1	0	0	6	0	0	0	0	0	0	112	0
31012	10389	2	1	0	0	6	0	0	0	0	0	0	113	0
31012	10390	2	1	0	0	16	0	0	0	0	0	0	114	0
31012	10392	2	1	0	0	5	0	0	0	0	0	0	115	0
31012	10393	2	1	0	0	5	0	0	0	0	0	0	116	0
31012	10394	2	1	0	0	4	0	0	0	0	0	0	117	0
31012	10395	2	1	0	0	4	0	0	0	0	0	0	118	0
31012	10397	2	1	0	0	4	0	0	0	0	0	0	119	0
31012	10398	2	1	0	0	2	0	0	0	0	0	0	120	0
31012	10399	2	1	0	0	2	0	0	0	0	0	0	121	0
31012	10400	2	1	0	0	5	0	0	0	0	0	0	122	0
31013	52001	2	1	1	0	182	0	0	0	0	0	0	236	0
31013	52101	2	1	1	0	164	0	0	0	0	0	0	237	0
31013	52201	2	1	1	0	73	0	0	0	0	0	0	238	0
31013	52301	2	1	1	0	127	0	0	0	0	0	0	239	0
31013	52401	2	1	1	0	109	0	0	0	0	0	0	240	0
31013	52501	2	1	1	0	55	0	0	0	0	0	0	241	0
31013	52601	2	1	1	0	91	0	0	0	0	0	0	242	0
31013	52701	2	1	1	0	54	0	0	0	0	0	0	243	0
31013	52801	2	1	1	0	145	0	0	0	0	0	0	244	0
31014	52002	2	1	1	0	182	0	0	0	0	0	0	245	0
31014	52102	2	1	1	0	164	0	0	0	0	0	0	246	0
31014	52202	2	1	1	0	73	0	0	0	0	0	0	247	0
31014	52302	2	1	1	0	127	0	0	0	0	0	0	248	0
31014	52402	2	1	1	0	109	0	0	0	0	0	0	249	0
31014	52502	2	1	1	0	55	0	0	0	0	0	0	250	0
31014	52602	2	1	1	0	91	0	0	0	0	0	0	251	0
31014	52702	2	1	1	0	54	0	0	0	0	0	0	252	0
31014	52802	2	1	1	0	145	0	0	0	0	0	0	253	0
31015	52003	2	1	1	0	182	0	0	0	0	0	0	254	0
31015	52103	2	1	1	0	164	0	0	0	0	0	0	255	0
31015	52203	2	1	1	0	73	0	0	0	0	0	0	256	0
31015	52303	2	1	1	0	127	0	0	0	0	0	0	257	0
31015	52403	2	1	1	0	109	0	0	0	0	0	0	258	0
31015	52503	2	1	1	0	55	0	0	0	0	0	0	259	0
31015	52603	2	1	1	0	91	0	0	0	0	0	0	260	0
31015	52703	2	1	1	0	54	0	0	0	0	0	0	261	0
31015	52803	2	1	1	0	145	0	0	0	0	0	0	262	0
31016	52004	2	1	1	0	182	0	0	0	0	0	0	263	0
31016	52104	2	1	1	0	164	0	0	0	0	0	0	264	0
31016	52204	2	1	1	0	73	0	0	0	0	0	0	265	0
31016	52304	2	1	1	0	127	0	0	0	0	0	0	266	0
31016	52404	2	1	1	0	109	0	0	0	0	0	0	267	0
31016	52504	2	1	1	0	55	0	0	0	0	0	0	268	0
31016	52604	2	1	1	0	91	0	0	0	0	0	0	269	0
31016	52704	2	1	1	0	54	0	0	0	0	0	0	270	0
31016	52804	2	1	1	0	145	0	0	0	0	0	0	271	0
31017	52005	2	1	1	0	182	0	0	0	0	0	0	272	0
31017	52105	2	1	1	0	164	0	0	0	0	0	0	273	0
31017	52205	2	1	1	0	73	0	0	0	0	0	0	274	0
31017	52305	2	1	1	0	127	0	0	0	0	0	0	275	0
31017	52405	2	1	1	0	109	0	0	0	0	0	0	276	0
31017	52505	2	1	1	0	55	0	0	0	0	0	0	277	0
31017	52605	2	1	1	0	91	0	0	0	0	0	0	278	0
31017	52705	2	1	1	0	54	0	0	0	0	0	0	279	0
31017	52805	2	1	1	0	145	0	0	0	0	0	0	280	0
31018	52006	2	1	1	0	182	0	0	0	0	0	0	281	0
31018	52106	2	1	1	0	164	0	0	0	0	0	0	282	0
31018	52206	2	1	1	0	73	0	0	0	0	0	0	283	0
31018	52306	2	1	1	0	127	0	0	0	0	0	0	284	0
31018	52406	2	1	1	0	109	0	0	0	0	0	0	285	0
31018	52506	2	1	1	0	55	0	0	0	0	0	0	286	0
31018	52606	2	1	1	0	91	0	0	0	0	0	0	287	0
31018	52706	2	1	1	0	54	0	0	0	0	0	0	288	0
31018	52806	2	1	1	0	145	0	0	0	0	0	0	289	0
31019	52007	2	1	1	0	182	0	0	0	0	0	0	290	0
31019	52107	2	1	1	0	164	0	0	0	0	0	0	291	0
31019	52207	2	1	1	0	73	0	0	0	0	0	0	292	0
31019	52307	2	1	1	0	127	0	0	0	0	0	0	293	0
31019	52407	2	1	1	0	109	0	0	0	0	0	0	294	0
31019	52507	2	1	1	0	55	0	0	0	0	0	0	295	0
31019	52607	2	1	1	0	91	0	0	0	0	0	0	296	0
31019	52707	2	1	1	0	54	0	0	0	0	0	0	297	0
31019	52807	2	1	1	0	145	0	0	0	0	0	0	298	0
31020	52008	2	1	1	0	182	0	0	0	0	0	0	299	0
31020	52108	2	1	1	0	164	0	0	0	0	0	0	300	0
31020	52208	2	1	1	0	73	0	0	0	0	0	0	301	0
31020	52308	2	1	1	0	127	0	0	0	0	0	0	302	0
31020	52408	2	1	1	0	109	0	0	0	0	0	0	303	0
31020	52508	2	1	1	0	55	0	0	0	0	0	0	304	0
31020	52608	2	1	1	0	91	0	0	0	0	0	0	305	0
31020	52708	2	1	1	0	54	0	0	0	0	0	0	306	0
31020	52808	2	1	1	0	145	0	0	0	0	0	0	307	0
31021	52009	2	1	1	0	182	0	0	0	0	0	0	308	0
31021	52109	2	1	1	0	164	0	0	0	0	0	0	309	0
31021	52209	2	1	1	0	73	0	0	0	0	0	0	310	0
31021	52309	2	1	1	0	127	0	0	0	0	0	0	311	0
31021	52409	2	1	1	0	109	0	0	0	0	0	0	312	0
31021	52509	2	1	1	0	55	0	0	0	0	0	0	313	0
31021	52609	2	1	1	0	91	0	0	0	0	0	0	314	0
31021	52709	2	1	1	0	54	0	0	0	0	0	0	315	0
31021	52809	2	1	1	0	145	0	0	0	0	0	0	316	0
31022	776	1	1	1	0	1000	0	0	0	0	0	0	317	0
31023	930	1	1	1	0	1000	0	0	0	0	0	0	318	0
31024	769	1	1	1	0	1000	0	0	0	0	0	0	0	0
31025	793	1	1	1	0	1000	0	0	0	0	0	0	0	0
31026	794	1	1	1	0	1000	0	0	0	0	0	0	0	0
31027	795	1	1	1	0	1000	0	0	0	0	0	0	0	0
31028	53001	2	1	0	0	285	0	0	0	0	0	0	323	0
31028	53002	2	1	0	0	259	0	0	0	0	0	0	324	0
31028	53003	2	1	0	0	143	0	0	0	0	0	0	325	0
31028	53004	2	1	0	0	130	0	0	0	0	0	0	326	0
31028	53005	2	1	0	0	102	0	0	0	0	0	0	327	0
31028	53006	2	1	0	0	81	0	0	0	0	0	0	328	0
31029	798	1	1	1	0	1000	0	0	0	0	0	0	329	0
31030	797	1	1	0	0	1000	0	0	0	0	0	0	330	0
31101	932	1	1	1	0	1000	0	0	0	0	0	0	0	0
31102	933	1	1	1	0	1000	0	0	3	0	0	0	0	0
31103	60001	2	1	0	0	24	0	0	0	0	0	0	0	0
31103	60002	2	1	0	0	174	0	0	0	0	0	0	0	0
31103	60003	2	1	0	0	85	0	0	0	0	0	0	0	0
31103	60004	2	1	0	0	91	0	0	0	0	0	0	0	0
31103	60005	2	1	0	0	129	0	0	0	0	0	0	0	0
31103	60006	2	1	0	0	28	0	0	0	0	0	0	0	0
31103	60007	2	1	0	0	85	0	0	0	0	0	0	0	0
31103	60008	2	1	0	0	129	0	0	0	0	0	0	0	0
31103	60009	2	1	0	0	85	0	0	0	0	0	0	0	0
31103	60010	2	1	0	0	170	0	0	0	0	0	0	0	0
31104	60111	2	1	0	0	24	0	0	0	0	0	0	0	0
31104	60112	2	1	0	0	174	0	0	0	0	0	0	0	0
31104	60113	2	1	0	0	85	0	0	0	0	0	0	0	0
31104	60114	2	1	0	0	91	0	0	0	0	0	0	0	0
31104	60115	2	1	0	0	129	0	0	0	0	0	0	0	0
31104	60116	2	1	0	0	28	0	0	0	0	0	0	0	0
31104	60117	2	1	0	0	85	0	0	0	0	0	0	0	0
31104	60118	2	1	0	0	129	0	0	0	0	0	0	0	0
31104	60119	2	1	0	0	85	0	0	0	0	0	0	0	0
31104	60120	2	1	0	0	170	0	0	0	0	0	0	0	0
31105	60221	2	1	0	0	24	0	0	0	0	0	0	0	0
31105	60222	2	1	0	0	174	0	0	0	0	0	0	0	0
31105	60223	2	1	0	0	85	0	0	0	0	0	0	0	0
31105	60224	2	1	0	0	91	0	0	0	0	0	0	0	0
31105	60225	2	1	0	0	129	0	0	0	0	0	0	0	0
31105	60226	2	1	0	0	28	0	0	0	0	0	0	0	0
31105	60227	2	1	0	0	85	0	0	0	0	0	0	0	0
31105	60228	2	1	0	0	129	0	0	0	0	0	0	0	0
31105	60229	2	1	0	0	85	0	0	0	0	0	0	0	0
31105	60230	2	1	0	0	170	0	0	0	0	0	0	0	0
31106	60331	2	1	0	0	24	0	0	0	0	0	0	0	0
31106	60332	2	1	0	0	174	0	0	0	0	0	0	0	0
31106	60333	2	1	0	0	85	0	0	0	0	0	0	0	0
31106	60334	2	1	0	0	91	0	0	0	0	0	0	0	0
31106	60335	2	1	0	0	129	0	0	0	0	0	0	0	0
31106	60336	2	1	0	0	28	0	0	0	0	0	0	0	0
31106	60337	2	1	0	0	85	0	0	0	0	0	0	0	0
31106	60338	2	1	0	0	129	0	0	0	0	0	0	0	0
31106	60339	2	1	0	0	85	0	0	0	0	0	0	0	0
31106	60340	2	1	0	0	170	0	0	0	0	0	0	0	0
31107	60441	2	1	0	0	24	0	0	0	0	0	0	0	0
31107	60442	2	1	0	0	174	0	0	0	0	0	0	0	0
31107	60443	2	1	0	0	85	0	0	0	0	0	0	0	0
31107	60444	2	1	0	0	91	0	0	0	0	0	0	0	0
31107	60445	2	1	0	0	129	0	0	0	0	0	0	0	0
31107	60446	2	1	0	0	28	0	0	0	0	0	0	0	0
31107	60447	2	1	0	0	85	0	0	0	0	0	0	0	0
31107	60448	2	1	0	0	129	0	0	0	0	0	0	0	0
31107	60449	2	1	0	0	85	0	0	0	0	0	0	0	0
31107	60450	2	1	0	0	170	0	0	0	0	0	0	0	0
31108	60551	2	1	0	0	24	0	0	0	0	0	0	0	0
31108	60552	2	1	0	0	174	0	0	0	0	0	0	0	0
31108	60553	2	1	0	0	85	0	0	0	0	0	0	0	0
31108	60554	2	1	0	0	91	0	0	0	0	0	0	0	0
31108	60555	2	1	0	0	129	0	0	0	0	0	0	0	0
31108	60556	2	1	0	0	28	0	0	0	0	0	0	0	0
31108	60557	2	1	0	0	85	0	0	0	0	0	0	0	0
31108	60558	2	1	0	0	129	0	0	0	0	0	0	0	0
31108	60559	2	1	0	0	85	0	0	0	0	0	0	0	0
31108	60560	2	1	0	0	170	0	0	0	0	0	0	0	0
31109	60661	2	1	0	0	24	0	0	0	0	0	0	0	0
31109	60662	2	1	0	0	174	0	0	0	0	0	0	0	0
31109	60663	2	1	0	0	85	0	0	0	0	0	0	0	0
31109	60664	2	1	0	0	91	0	0	0	0	0	0	0	0
31109	60665	2	1	0	0	129	0	0	0	0	0	0	0	0
31109	60666	2	1	0	0	28	0	0	0	0	0	0	0	0
31109	60667	2	1	0	0	85	0	0	0	0	0	0	0	0
31109	60668	2	1	0	0	129	0	0	0	0	0	0	0	0
31109	60669	2	1	0	0	85	0	0	0	0	0	0	0	0
31109	60670	2	1	0	0	170	0	0	0	0	0	0	0	0
31110	60771	2	1	0	0	24	0	0	0	0	0	0	0	0
31110	60772	2	1	0	0	174	0	0	0	0	0	0	0	0
31110	60773	2	1	0	0	85	0	0	0	0	0	0	0	0
31110	60774	2	1	0	0	91	0	0	0	0	0	0	0	0
31110	60775	2	1	0	0	129	0	0	0	0	0	0	0	0
31110	60776	2	1	0	0	28	0	0	0	0	0	0	0	0
31110	60777	2	1	0	0	85	0	0	0	0	0	0	0	0
31110	60778	2	1	0	0	129	0	0	0	0	0	0	0	0
31110	60779	2	1	0	0	85	0	0	0	0	0	0	0	0
31110	60780	2	1	0	0	170	0	0	0	0	0	0	0	0
31111	938	1	1	0	0	1000	0	0	0	0	0	0	0	0
31112	939	1	1	0	0	1000	0	0	0	0	0	0	0	0
31113	940	1	1	0	0	1000	0	0	0	0	0	0	0	0
31114	941	1	1	0	0	1000	0	0	0	0	0	0	0	0
31115	942	1	1	0	0	1000	0	0	0	0	0	0	0	0
31116	943	1	1	0	0	1000	0	0	0	0	0	0	0	0
31117	944	1	1	0	0	1000	0	0	0	0	0	0	0	0
40001	8001	1	1	1	0	1000	0	0	0	0	0	0	0	0
40002	30001	2	1	0	0	115	0	0	0	0	0	0	153	0
40002	30002	2	1	0	0	115	0	0	0	0	0	0	154	0
40002	30003	2	1	0	0	102	0	0	0	0	0	0	155	0
40002	30004	2	1	0	0	100	0	0	0	0	0	0	156	0
40002	30005	2	1	0	0	100	0	0	0	0	0	0	157	0
40002	30006	2	1	0	0	95	0	0	0	0	0	0	158	0
40002	30007	2	1	0	0	90	0	0	0	0	0	0	159	0
40002	30008	2	1	0	0	85	0	0	0	0	0	0	160	0
40002	30009	2	1	0	0	80	0	0	0	0	0	0	161	0
40002	30010	2	1	0	0	75	0	0	0	0	0	0	162	0
40002	30011	2	1	0	0	25	0	0	0	0	0	0	163	0
40002	30012	2	1	0	0	18	0	0	0	0	0	0	164	0
40003	151	1	1	1	0	1000	0	0	0	0	0	0	0	0
40004	153	1	1	1	0	1000	0	0	0	0	0	0	0	0
40005	20002	2	1	1	0	1	0	0	0	0	0	0	0	0
40005	20003	2	1	1	0	1	0	0	0	0	0	0	0	0
40005	20004	2	1	1	0	1	0	0	0	0	0	0	0	0
40005	20006	2	1	1	0	1	0	0	0	0	0	0	0	0
40005	20007	2	1	1	0	1	0	0	0	0	0	0	0	0
40005	20008	2	1	1	0	1	0	0	0	0	0	0	0	0
40005	565	1	1	1	0	994	0	0	0	0	0	0	0	0
40006	254	1	1	0	0	1000	0	0	0	0	0	0	0	0
40007	564	1	1	1	0	1000	0	0	0	0	0	0	0	0
