INT	INT	INT	INT	INT	INT	INT	INT	INT
id	mapid	monsterid	x	y	Hide	Friendly	BOSS	Reflash
11001	50034	1	41	107	0	0	0	0
11002	50034	1	46	108	0	0	0	0
11003	50034	1	51	109	0	0	0	0
11004	50034	1	54	109	0	0	0	0
11005	50034	1	43	110	0	0	0	0
11006	50034	1	48	111	0	0	0	0
11007	50034	1	40	112	0	0	0	0
11008	50034	1	51	112	0	0	0	0
11009	50034	1	54	112	0	0	0	0
11010	50034	1	45	113	0	0	0	0
11011	50034	1	42	115	0	0	0	0
11012	50034	1	49	116	0	0	0	0
11013	50034	1	53	116	0	0	0	0
11014	50034	1	46	117	0	0	0	0
11015	50034	1	40	118	0	0	0	0
11016	50034	1	43	120	0	0	0	0
11017	50034	1	52	120	0	0	0	0
11018	50034	1	56	120	0	0	0	0
11019	50034	1	48	121	0	0	0	0
11020	50034	1	53	123	0	0	0	0
11021	50034	2	67	81	0	0	0	0
11022	50034	2	64	84	0	0	0	0
11023	50034	2	68	84	0	0	0	0
11024	50034	2	72	85	0	0	0	0
11025	50034	2	66	87	0	0	0	0
11026	50034	2	69	88	0	0	0	0
11027	50034	2	73	88	0	0	0	0
11028	50034	2	63	89	0	0	0	0
11029	50034	2	71	90	0	0	0	0
11030	50034	2	76	90	0	0	0	0
11031	50034	2	68	91	0	0	0	0
11032	50034	2	74	91	0	0	0	0
11033	50034	2	65	92	0	0	0	0
11034	50034	2	70	94	0	0	0	0
11035	50034	2	63	95	0	0	0	0
11036	50034	2	66	95	0	0	0	0
11037	50034	2	74	95	0	0	0	0
11038	50034	2	66	98	0	0	0	0
11039	50034	2	69	99	0	0	0	0
11040	50034	2	72	100	0	0	0	0
11041	50034	3	75	31	0	0	0	0
11042	50034	3	78	33	0	0	0	0
11043	50034	3	73	35	0	0	0	0
11044	50034	3	76	35	0	0	0	0
11045	50034	3	79	36	0	0	0	0
11046	50034	3	75	38	0	0	0	0
11047	50034	3	80	38	0	0	0	0
11048	50034	3	72	39	0	0	0	0
11049	50034	3	77	39	0	0	0	0
11050	50034	3	83	39	0	0	0	0
11051	50034	3	75	41	0	0	0	0
11052	50034	3	78	42	0	0	0	0
11053	50034	3	81	42	0	0	0	0
11054	50034	3	74	44	0	0	0	0
11055	50034	3	80	45	0	0	0	0
11056	50034	3	78	46	0	0	0	0
11057	50034	3	72	47	0	0	0	0
11058	50034	3	74	48	0	0	0	0
11059	50034	3	77	49	0	0	0	0
11060	50034	3	77	52	0	0	0	0
11061	50034	4	110	25	0	0	0	0
11062	50034	4	115	27	0	0	0	0
11063	50034	4	109	29	0	0	0	0
11064	50034	4	112	29	0	0	0	0
11065	50034	4	116	30	0	0	0	0
11066	50034	4	114	31	0	0	0	0
11067	50034	4	119	31	0	0	0	0
11068	50034	4	106	32	0	0	0	0
11069	50034	4	109	33	0	0	0	0
11070	50034	4	118	34	0	0	0	0
11071	50034	4	113	35	0	0	0	0
11072	50034	4	109	36	0	0	0	0
11073	50034	4	115	36	0	0	0	0
11074	50034	4	116	38	0	0	0	0
11075	50034	4	110	39	0	0	0	0
11076	50034	4	113	40	0	0	0	0
11077	50034	4	119	41	0	0	0	0
11078	50034	4	108	42	0	0	0	0
11079	50034	4	116	42	0	0	0	0
11080	50034	4	111	43	0	0	0	0
11081	50034	5	120	63	0	0	0	0
11082	50034	5	115	65	0	0	0	0
11083	50034	5	126	65	0	0	0	0
11084	50034	5	112	67	0	0	0	0
11085	50034	5	118	67	0	0	0	0
11086	50034	5	122	66	0	0	0	0
11087	50034	5	125	68	0	0	0	0
11088	50034	5	130	68	0	0	0	0
11089	50034	5	114	70	0	0	0	0
11090	50034	5	119	70	0	0	0	0
11091	50034	5	127	71	0	0	0	0
11092	50034	5	132	72	0	0	0	0
11093	50034	5	116	73	0	0	0	0
11094	50034	5	127	75	0	0	0	0
11095	50034	5	117	76	0	0	0	0
11096	50034	5	121	77	0	0	0	0
11097	50034	5	124	77	0	0	0	0
11098	50034	5	130	77	0	0	0	0
11099	50034	5	116	79	0	0	0	0
11100	50034	5	126	80	0	0	0	0
11101	50034	6	139	79	0	0	0	0
11102	50034	6	145	80	0	0	0	0
11103	50034	6	135	82	0	0	0	0
11104	50034	6	141	82	0	0	0	0
11105	50034	6	148	83	0	0	0	0
11106	50034	6	138	84	0	0	0	0
11107	50034	6	144	84	0	0	0	0
11108	50034	6	134	85	0	0	0	0
11109	50034	6	152	85	0	0	0	0
11110	50034	6	133	87	0	0	0	0
11111	50034	6	136	87	0	0	0	0
11112	50034	6	142	87	0	0	0	0
11113	50034	6	147	88	0	0	0	0
11114	50034	6	150	89	0	0	0	0
11115	50034	6	131	89	0	0	0	0
11116	50034	6	138	90	0	0	0	0
11117	50034	6	135	91	0	0	0	0
11118	50034	6	143	92	0	0	0	0
11119	50034	6	147	92	0	0	0	0
11120	50034	6	139	95	0	0	0	0
12001	50039	9008	68	125	0	0	0	0
12002	50039	9008	72	117	0	0	0	0
12003	50039	9008	76	121	0	0	0	0
12004	50039	9008	71	121	0	0	0	0
12005	50039	9008	68	120	0	0	0	0
12006	50039	9008	72	124	0	0	0	0
12007	50039	9008	74	126	0	0	0	0
12008	50039	9008	72	128	0	0	0	0
12009	50039	9008	79	118	0	0	0	0
12010	50039	9008	79	125	0	0	0	0
12021	50039	9009	116	114	0	0	0	0
12022	50039	9009	111	109	0	0	0	0
12023	50039	9009	117	107	0	0	0	0
12024	50039	9009	114	111	0	0	0	0
12025	50039	9009	118	113	0	0	0	0
12026	50039	9009	112	112	0	0	0	0
12027	50039	9009	112	108	0	0	0	0
12028	50039	9009	118	105	0	0	0	0
12029	50039	9009	121	108	0	0	0	0
12030	50039	9009	110	115	0	0	0	0
12031	50039	9009	108	109	0	0	0	0
12041	50039	9010	94	84	0	0	0	0
12042	50039	9010	85	86	0	0	0	0
12043	50039	9010	92	89	0	0	0	0
12044	50039	9010	88	89	0	0	0	0
12045	50039	9010	86	84	0	0	0	0
12046	50039	9010	92	84	0	0	0	0
12047	50039	9010	95	85	0	0	0	0
12048	50039	9010	97	86	0	0	0	0
12049	50039	9010	96	89	0	0	0	0
12050	50039	9010	95	92	0	0	0	0
12061	50039	9011	91	33	0	0	0	0
12062	50039	9011	98	32	0	0	0	0
12063	50039	9011	94	26	0	0	0	0
12064	50039	9011	92	32	0	0	0	0
12065	50039	9011	99	31	0	0	0	0
12066	50039	9011	98	27	0	0	0	0
12067	50039	9011	97	37	0	0	0	0
12068	50039	9011	93	30	0	0	0	0
12069	50039	9011	90	31	0	0	0	0
12070	50039	9011	88	29	0	0	0	0
12081	50039	9012	66	59	0	0	0	0
12082	50039	9012	60	60	0	0	0	0
12083	50039	9012	64	62	0	0	0	0
12084	50039	9012	65	56	0	0	0	0
12085	50039	9012	68	57	0	0	0	0
12086	50039	9012	68	60	0	0	0	0
12087	50039	9012	63	53	0	0	0	0
12088	50039	9012	62	56	0	0	0	0
12089	50039	9012	58	56	0	0	0	0
12090	50039	9012	59	64	0	0	0	0
12101	50039	9013	20	75	0	0	0	0
12102	50039	9013	21	73	0	0	0	0
12103	50039	9013	27	77	0	0	0	0
12104	50039	9013	22	72	0	0	0	0
12105	50039	9013	25	73	0	0	0	0
12106	50039	9013	27	71	0	0	0	0
12107	50039	9013	29	71	0	0	0	0
12108	50039	9013	30	73	0	0	0	0
12109	50039	9013	25	68	0	0	0	0
12110	50039	9013	23	74	0	0	0	0
12501	50040	9014	23	97	0	0	0	0
12502	50040	9014	19	91	0	0	0	0
12503	50040	9014	25	88	0	0	0	0
12504	50040	9014	25	90	0	0	0	0
12505	50040	9014	28	87	0	0	0	0
12506	50040	9014	27	94	0	0	0	0
12507	50040	9014	30	95	0	0	0	0
12508	50040	9014	22	86	0	0	0	0
12509	50040	9014	21	94	0	0	0	0
12510	50040	9014	31	91	0	0	0	0
12521	50040	9015	15	58	0	0	0	0
12522	50040	9015	19	60	0	0	0	0
12523	50040	9015	24	61	0	0	0	0
12524	50040	9015	16	62	0	0	0	0
12525	50040	9015	19	63	0	0	0	0
12526	50040	9015	22	63	0	0	0	0
12527	50040	9015	21	65	0	0	0	0
12528	50040	9015	17	66	0	0	0	0
12529	50040	9015	23	67	0	0	0	0
12530	50040	9015	19	69	0	0	0	0
12541	50040	9016	25	31	0	0	0	0
12542	50040	9016	26	24	0	0	0	0
12543	50040	9016	32	29	0	0	0	0
12544	50040	9016	32	26	0	0	0	0
12545	50040	9016	29	29	0	0	0	0
12546	50040	9016	36	29	0	0	0	0
12547	50040	9016	35	24	0	0	0	0
12548	50040	9016	30	21	0	0	0	0
12549	50040	9016	22	29	0	0	0	0
12550	50040	9016	31	25	0	0	0	0
12561	50040	9017	93	98	0	0	0	0
12562	50040	9017	99	94	0	0	0	0
12563	50040	9017	93	90	0	0	0	0
12564	50040	9017	96	96	0	0	0	0
12565	50040	9017	90	97	0	0	0	0
12566	50040	9017	99	98	0	0	0	0
12567	50040	9017	96	87	0	0	0	0
12568	50040	9017	91	94	0	0	0	0
12569	50040	9017	95	104	0	0	0	0
12570	50040	9017	100	102	0	0	0	0
12581	50040	9018	107	72	0	0	0	0
12582	50040	9018	105	64	0	0	0	0
12583	50040	9018	98	69	0	0	0	0
12584	50040	9018	107	65	0	0	0	0
12585	50040	9018	95	68	0	0	0	0
12586	50040	9018	95	72	0	0	0	0
12587	50040	9018	99	74	0	0	0	0
12588	50040	9018	103	74	0	0	0	0
12589	50040	9018	100	68	0	0	0	0
12590	50040	9018	110	70	0	0	0	0
20001	50095	1001	60	68	0	0	0	0
20002	50095	1001	61	65	0	0	0	0
20003	50095	1001	64	60	0	0	0	0
20004	50095	1001	67	58	0	0	0	0
20005	50095	1001	73	55	0	0	0	0
20006	50095	1001	78	58	0	0	0	0
20007	50095	1001	74	59	0	0	0	0
20008	50095	1001	70	60	0	0	0	0
20009	50095	1001	61	73	0	0	0	0
20010	50095	1001	64	69	0	0	0	0
20011	50095	1001	66	66	0	0	0	0
20012	50095	1001	67	63	0	0	0	0
20013	50095	1001	76	62	0	0	0	0
20014	50095	1001	81	61	0	0	0	0
20015	50095	1001	79	64	0	0	0	0
20016	50095	1001	70	65	0	0	0	0
20017	50095	1001	73	65	0	0	0	0
20018	50095	1001	77	67	0	0	0	0
20019	50095	1001	71	68	0	0	0	0
20020	50095	1001	75	68	0	0	0	0
20021	50095	1001	82	68	0	0	0	0
20022	50095	1001	68	69	0	0	0	0
20023	50095	1001	66	72	0	0	0	0
20024	50095	1001	78	71	0	0	0	0
20025	50095	1001	74	73	0	0	0	0
20026	50095	1001	70	73	0	0	0	0
20027	50095	1001	82	73	0	0	0	0
20028	50095	1001	77	76	0	0	0	0
20029	50095	1001	72	77	0	0	0	0
20030	50095	1001	66	77	0	0	0	0
20031	50095	1002	93	31	0	0	0	0
20032	50095	1002	97	29	0	0	0	0
20033	50095	1002	99	25	0	0	0	0
20034	50095	1002	103	24	0	0	0	0
20035	50095	1002	96	34	0	0	0	0
20036	50095	1002	101	30	0	0	0	0
20037	50095	1002	103	28	0	0	0	0
20038	50095	1002	107	26	0	0	0	0
20039	50095	1002	110	24	0	0	0	0
20040	50095	1002	110	29	0	0	0	0
20041	50095	1002	114	29	0	0	0	0
20042	50095	1002	106	30	0	0	0	0
20043	50095	1002	103	33	0	0	0	0
20044	50095	1002	106	33	0	0	0	0
20045	50095	1002	110	33	0	0	0	0
20046	50095	1002	100	35	0	0	0	0
20047	50095	1002	104	36	0	0	0	0
20048	50095	1002	108	35	0	0	0	0
20049	50095	1002	113	35	0	0	0	0
20050	50095	1002	97	39	0	0	0	0
20051	50095	1002	102	39	0	0	0	0
20052	50095	1002	111	39	0	0	0	0
20053	50095	1002	116	38	0	0	0	0
20054	50095	1002	107	40	0	0	0	0
20055	50095	1002	101	42	0	0	0	0
20056	50095	1002	104	43	0	0	0	0
20057	50095	1002	109	43	0	0	0	0
20058	50095	1002	114	42	0	0	0	0
20059	50095	1002	106	46	0	0	0	0
20060	50095	1002	110	48	0	0	0	0
20061	50095	1003	54	12	0	0	0	0
20062	50095	1003	55	8	0	0	0	0
20063	50095	1003	59	4	0	0	0	0
20064	50095	1003	64	4	0	0	0	0
20065	50095	1003	69	3	0	0	0	0
20066	50095	1003	67	6	0	0	0	0
20067	50095	1003	71	6	0	0	0	0
20068	50095	1003	73	7	0	0	0	0
20069	50095	1003	76	7	0	0	0	0
20070	50095	1003	62	8	0	0	0	0
20071	50095	1003	59	10	0	0	0	0
20072	50095	1003	69	9	0	0	0	0
20073	50095	1003	65	10	0	0	0	0
20074	50095	1003	75	10	0	0	0	0
20075	50095	1003	78	11	0	0	0	0
20076	50095	1003	62	12	0	0	0	0
20077	50095	1003	66	12	0	0	0	0
20078	50095	1003	72	12	0	0	0	0
20079	50095	1003	75	14	0	0	0	0
20080	50095	1003	79	15	0	0	0	0
20081	50095	1003	60	15	0	0	0	0
20082	50095	1003	65	14	0	0	0	0
20083	50095	1003	71	15	0	0	0	0
20084	50095	1003	63	18	0	0	0	0
20085	50095	1003	68	18	0	0	0	0
20086	50095	1003	73	19	0	0	0	0
20087	50095	1003	77	19	0	0	0	0
20088	50095	1003	70	22	0	0	0	0
20089	50095	1003	68	24	0	0	0	0
20090	50095	1003	73	24	0	0	0	0
20091	50095	1004	16	3	0	0	0	0
20092	50095	1004	25	4	0	0	0	0
20093	50095	1004	21	5	0	0	0	0
20094	50095	1004	14	7	0	0	0	0
20095	50095	1004	21	7	0	0	0	0
20096	50095	1004	28	7	0	0	0	0
20097	50095	1004	18	8	0	0	0	0
20098	50095	1004	9	10	0	0	0	0
20099	50095	1004	12	10	0	0	0	0
20100	50095	1004	15	11	0	0	0	0
20101	50095	1004	21	11	0	0	0	0
20102	50095	1004	24	10	0	0	0	0
20103	50095	1004	29	11	0	0	0	0
20104	50095	1004	18	12	0	0	0	0
20105	50095	1004	4	15	0	0	0	0
20106	50095	1004	6	18	0	0	0	0
20107	50095	1004	8	15	0	0	0	0
20108	50095	1004	9	18	0	0	0	0
20109	50095	1004	10	22	0	0	0	0
20110	50095	1004	12	13	0	0	0	0
20111	50095	1004	16	15	0	0	0	0
20112	50095	1004	13	18	0	0	0	0
20113	50095	1004	20	16	0	0	0	0
20114	50095	1004	23	16	0	0	0	0
20115	50095	1004	27	16	0	0	0	0
20116	50095	1004	17	20	0	0	0	0
20117	50095	1004	22	21	0	0	0	0
20118	50095	1004	19	24	0	0	0	0
20119	50095	1004	14	23	0	0	0	0
20120	50095	1004	15	26	0	0	0	0
20121	50095	1005	15	49	0	0	0	0
20122	50095	1005	12	52	0	0	0	0
20123	50095	1005	8	54	0	0	0	0
20124	50095	1005	15	54	0	0	0	0
20125	50095	1005	19	53	0	0	0	0
20126	50095	1005	11	56	0	0	0	0
20127	50095	1005	4	60	0	0	0	0
20128	50095	1005	3	66	0	0	0	0
20129	50095	1005	7	58	0	0	0	0
20130	50095	1005	8	63	0	0	0	0
20131	50095	1005	10	61	0	0	0	0
20132	50095	1005	13	59	0	0	0	0
20133	50095	1005	17	57	0	0	0	0
20134	50095	1005	21	56	0	0	0	0
20135	50095	1005	15	60	0	0	0	0
20136	50095	1005	18	62	0	0	0	0
20137	50095	1005	21	61	0	0	0	0
20138	50095	1005	26	62	0	0	0	0
20139	50095	1005	14	64	0	0	0	0
20140	50095	1005	11	67	0	0	0	0
20141	50095	1005	7	70	0	0	0	0
20142	50095	1005	10	72	0	0	0	0
20143	50095	1005	14	72	0	0	0	0
20144	50095	1005	16	68	0	0	0	0
20145	50095	1005	20	66	0	0	0	0
20146	50095	1005	19	70	0	0	0	0
20147	50095	1005	26	68	0	0	0	0
20148	50095	1005	23	71	0	0	0	0
20149	50095	1005	18	74	0	0	0	0
20150	50095	1005	14	78	0	0	0	0
20151	50095	1006	17	105	0	0	0	0
20152	50095	1006	18	109	0	0	0	0
20153	50095	1006	23	110	0	0	0	0
20154	50095	1006	14	111	0	0	0	0
20155	50095	1006	11	111	0	0	0	0
20156	50095	1006	12	115	0	0	0	0
20157	50095	1006	15	114	0	0	0	0
20158	50095	1006	19	112	0	0	0	0
20159	50095	1006	8	118	0	0	0	0
20160	50095	1006	5	118	0	0	0	0
20161	50095	1006	8	120	0	0	0	0
20162	50095	1006	13	120	0	0	0	0
20163	50095	1006	15	117	0	0	0	0
20164	50095	1006	19	116	0	0	0	0
20165	50095	1006	22	114	0	0	0	0
20166	50095	1006	26	115	0	0	0	0
20167	50095	1006	19	119	0	0	0	0
20168	50095	1006	23	119	0	0	0	0
20169	50095	1006	12	124	0	0	0	0
20170	50095	1006	16	124	0	0	0	0
20171	50095	1006	21	124	0	0	0	0
20172	50095	1006	28	118	0	0	0	0
20173	50095	1006	31	117	0	0	0	0
20174	50095	1006	28	121	0	0	0	0
20175	50095	1006	26	122	0	0	0	0
20176	50095	1006	29	126	0	0	0	0
20177	50095	1006	24	127	0	0	0	0
20178	50095	1006	19	127	0	0	0	0
20179	50095	1006	32	123	0	0	0	0
20180	50095	1006	35	124	0	0	0	0
20181	50095	1007	55	120	0	0	0	0
20182	50095	1007	54	125	0	0	0	0
20183	50095	1007	58	121	0	0	0	0
20184	50095	1007	58	125	0	0	0	0
20185	50095	1007	62	117	0	0	0	0
20186	50095	1007	62	122	0	0	0	0
20187	50095	1007	59	129	0	0	0	0
20188	50095	1007	64	126	0	0	0	0
20189	50095	1007	66	129	0	0	0	0
20190	50095	1007	67	125	0	0	0	0
20191	50095	1007	66	122	0	0	0	0
20192	50095	1007	65	118	0	0	0	0
20193	50095	1007	67	115	0	0	0	0
20194	50095	1007	69	111	0	0	0	0
20195	50095	1007	70	114	0	0	0	0
20196	50095	1007	73	113	0	0	0	0
20197	50095	1007	76	116	0	0	0	0
20198	50095	1007	73	118	0	0	0	0
20199	50095	1007	70	118	0	0	0	0
20200	50095	1007	68	120	0	0	0	0
20201	50095	1007	70	123	0	0	0	0
20202	50095	1007	73	124	0	0	0	0
20203	50095	1007	71	127	0	0	0	0
20204	50095	1007	75	128	0	0	0	0
20205	50095	1007	78	128	0	0	0	0
20206	50095	1007	80	125	0	0	0	0
20207	50095	1007	79	120	0	0	0	0
20208	50095	1007	76	119	0	0	0	0
20209	50095	1007	73	121	0	0	0	0
20210	50095	1007	76	124	0	0	0	0
20211	50017	1008	60	68	0	0	0	0
20212	50017	1008	61	65	0	0	0	0
20213	50017	1008	64	60	0	0	0	0
20214	50017	1008	67	58	0	0	0	0
20215	50017	1008	73	55	0	0	0	0
20216	50017	1008	78	58	0	0	0	0
20217	50017	1008	74	59	0	0	0	0
20218	50017	1008	70	60	0	0	0	0
20219	50017	1008	61	73	0	0	0	0
20220	50017	1008	64	69	0	0	0	0
20221	50017	1008	66	66	0	0	0	0
20222	50017	1008	67	63	0	0	0	0
20223	50017	1008	76	62	0	0	0	0
20224	50017	1008	81	61	0	0	0	0
20225	50017	1008	79	64	0	0	0	0
20226	50017	1008	70	65	0	0	0	0
20227	50017	1008	73	65	0	0	0	0
20228	50017	1008	77	67	0	0	0	0
20229	50017	1008	71	68	0	0	0	0
20230	50017	1008	75	68	0	0	0	0
20231	50017	1008	82	68	0	0	0	0
20232	50017	1008	68	69	0	0	0	0
20233	50017	1008	66	72	0	0	0	0
20234	50017	1008	78	71	0	0	0	0
20235	50017	1008	74	73	0	0	0	0
20236	50017	1008	70	73	0	0	0	0
20237	50017	1008	82	73	0	0	0	0
20238	50017	1008	77	76	0	0	0	0
20239	50017	1008	72	77	0	0	0	0
20240	50017	1008	66	77	0	0	0	0
20241	50017	1009	93	31	0	0	0	0
20242	50017	1009	97	29	0	0	0	0
20243	50017	1009	99	25	0	0	0	0
20244	50017	1009	103	24	0	0	0	0
20245	50017	1009	96	34	0	0	0	0
20246	50017	1009	101	30	0	0	0	0
20247	50017	1009	103	28	0	0	0	0
20248	50017	1009	107	26	0	0	0	0
20249	50017	1009	110	24	0	0	0	0
20250	50017	1009	110	29	0	0	0	0
20251	50017	1009	114	29	0	0	0	0
20252	50017	1009	106	30	0	0	0	0
20253	50017	1009	103	33	0	0	0	0
20254	50017	1009	106	33	0	0	0	0
20255	50017	1009	110	33	0	0	0	0
20256	50017	1009	100	35	0	0	0	0
20257	50017	1009	104	36	0	0	0	0
20258	50017	1009	108	35	0	0	0	0
20259	50017	1009	113	35	0	0	0	0
20260	50017	1009	97	39	0	0	0	0
20261	50017	1009	102	39	0	0	0	0
20262	50017	1009	111	39	0	0	0	0
20263	50017	1009	116	38	0	0	0	0
20264	50017	1009	107	40	0	0	0	0
20265	50017	1009	101	42	0	0	0	0
20266	50017	1009	104	43	0	0	0	0
20267	50017	1009	109	43	0	0	0	0
20268	50017	1009	114	42	0	0	0	0
20269	50017	1009	106	46	0	0	0	0
20270	50017	1009	110	48	0	0	0	0
20271	50017	1010	54	12	0	0	0	0
20272	50017	1010	55	8	0	0	0	0
20273	50017	1010	59	4	0	0	0	0
20274	50017	1010	64	4	0	0	0	0
20275	50017	1010	69	3	0	0	0	0
20276	50017	1010	67	6	0	0	0	0
20277	50017	1010	71	6	0	0	0	0
20278	50017	1010	73	7	0	0	0	0
20279	50017	1010	76	7	0	0	0	0
20280	50017	1010	62	8	0	0	0	0
20281	50017	1010	59	10	0	0	0	0
20282	50017	1010	69	9	0	0	0	0
20283	50017	1010	65	10	0	0	0	0
20284	50017	1010	75	10	0	0	0	0
20285	50017	1010	78	11	0	0	0	0
20286	50017	1010	62	12	0	0	0	0
20287	50017	1010	66	12	0	0	0	0
20288	50017	1010	72	12	0	0	0	0
20289	50017	1010	75	14	0	0	0	0
20290	50017	1010	79	15	0	0	0	0
20291	50017	1010	60	15	0	0	0	0
20292	50017	1010	65	14	0	0	0	0
20293	50017	1010	71	15	0	0	0	0
20294	50017	1010	63	18	0	0	0	0
20295	50017	1010	68	18	0	0	0	0
20296	50017	1010	73	19	0	0	0	0
20297	50017	1010	77	19	0	0	0	0
20298	50017	1010	70	22	0	0	0	0
20299	50017	1010	68	24	0	0	0	0
20300	50017	1010	73	24	0	0	0	0
20301	50017	1011	16	3	0	0	0	0
20302	50017	1011	25	4	0	0	0	0
20303	50017	1011	21	5	0	0	0	0
20304	50017	1011	14	7	0	0	0	0
20305	50017	1011	21	7	0	0	0	0
20306	50017	1011	28	7	0	0	0	0
20307	50017	1011	18	8	0	0	0	0
20308	50017	1011	9	10	0	0	0	0
20309	50017	1011	12	10	0	0	0	0
20310	50017	1011	15	11	0	0	0	0
20311	50017	1011	21	11	0	0	0	0
20312	50017	1011	24	10	0	0	0	0
20313	50017	1011	29	11	0	0	0	0
20314	50017	1011	18	12	0	0	0	0
20315	50017	1011	4	15	0	0	0	0
20316	50017	1011	6	18	0	0	0	0
20317	50017	1011	8	15	0	0	0	0
20318	50017	1011	9	18	0	0	0	0
20319	50017	1011	10	22	0	0	0	0
20320	50017	1011	12	13	0	0	0	0
20321	50017	1011	16	15	0	0	0	0
20322	50017	1011	13	18	0	0	0	0
20323	50017	1011	20	16	0	0	0	0
20324	50017	1011	23	16	0	0	0	0
20325	50017	1011	27	16	0	0	0	0
20326	50017	1011	17	20	0	0	0	0
20327	50017	1011	22	21	0	0	0	0
20328	50017	1011	19	24	0	0	0	0
20329	50017	1011	14	23	0	0	0	0
20330	50017	1011	15	26	0	0	0	0
20331	50017	1012	15	49	0	0	0	0
20332	50017	1012	12	52	0	0	0	0
20333	50017	1012	8	54	0	0	0	0
20334	50017	1012	15	54	0	0	0	0
20335	50017	1012	19	53	0	0	0	0
20336	50017	1012	11	56	0	0	0	0
20337	50017	1012	4	60	0	0	0	0
20338	50017	1012	3	66	0	0	0	0
20339	50017	1012	7	58	0	0	0	0
20340	50017	1012	8	63	0	0	0	0
20341	50017	1012	10	61	0	0	0	0
20342	50017	1012	13	59	0	0	0	0
20343	50017	1012	17	57	0	0	0	0
20344	50017	1012	21	56	0	0	0	0
20345	50017	1012	15	60	0	0	0	0
20346	50017	1012	18	62	0	0	0	0
20347	50017	1012	21	61	0	0	0	0
20348	50017	1012	26	62	0	0	0	0
20349	50017	1012	14	64	0	0	0	0
20350	50017	1012	11	67	0	0	0	0
20351	50017	1012	7	70	0	0	0	0
20352	50017	1012	10	72	0	0	0	0
20353	50017	1012	14	72	0	0	0	0
20354	50017	1012	16	68	0	0	0	0
20355	50017	1012	20	66	0	0	0	0
20356	50017	1012	19	70	0	0	0	0
20357	50017	1012	26	68	0	0	0	0
20358	50017	1012	23	71	0	0	0	0
20359	50017	1012	18	74	0	0	0	0
20360	50017	1012	14	78	0	0	0	0
20361	50017	1013	17	105	0	0	0	0
20362	50017	1013	18	109	0	0	0	0
20363	50017	1013	23	110	0	0	0	0
20364	50017	1013	14	111	0	0	0	0
20365	50017	1013	11	111	0	0	0	0
20366	50017	1013	12	115	0	0	0	0
20367	50017	1013	15	114	0	0	0	0
20368	50017	1013	19	112	0	0	0	0
20369	50017	1013	8	118	0	0	0	0
20370	50017	1013	5	118	0	0	0	0
20371	50017	1013	8	120	0	0	0	0
20372	50017	1013	13	120	0	0	0	0
20373	50017	1013	15	117	0	0	0	0
20374	50017	1013	19	116	0	0	0	0
20375	50017	1013	22	114	0	0	0	0
20376	50017	1013	26	115	0	0	0	0
20377	50017	1013	19	119	0	0	0	0
20378	50017	1013	23	119	0	0	0	0
20379	50017	1013	12	124	0	0	0	0
20380	50017	1013	16	124	0	0	0	0
20381	50017	1013	21	124	0	0	0	0
20382	50017	1013	28	118	0	0	0	0
20383	50017	1013	31	117	0	0	0	0
20384	50017	1013	28	121	0	0	0	0
20385	50017	1013	26	122	0	0	0	0
20386	50017	1013	29	126	0	0	0	0
20387	50017	1013	24	127	0	0	0	0
20388	50017	1013	19	127	0	0	0	0
20389	50017	1013	32	123	0	0	0	0
20390	50017	1013	35	124	0	0	0	0
20391	50017	1014	55	120	0	0	0	0
20392	50017	1014	54	125	0	0	0	0
20393	50017	1014	58	121	0	0	0	0
20394	50017	1014	58	125	0	0	0	0
20395	50017	1014	62	117	0	0	0	0
20396	50017	1014	62	122	0	0	0	0
20397	50017	1014	59	129	0	0	0	0
20398	50017	1014	64	126	0	0	0	0
20399	50017	1014	66	129	0	0	0	0
20400	50017	1014	67	125	0	0	0	0
20401	50017	1014	66	122	0	0	0	0
20402	50017	1014	65	118	0	0	0	0
20403	50017	1014	67	115	0	0	0	0
20404	50017	1014	69	111	0	0	0	0
20405	50017	1014	70	114	0	0	0	0
20406	50017	1014	73	113	0	0	0	0
20407	50017	1014	76	116	0	0	0	0
20408	50017	1014	73	118	0	0	0	0
20409	50017	1014	70	118	0	0	0	0
20410	50017	1014	68	120	0	0	0	0
20411	50017	1014	70	123	0	0	0	0
20412	50017	1014	73	124	0	0	0	0
20413	50017	1014	71	127	0	0	0	0
20414	50017	1014	75	128	0	0	0	0
20415	50017	1014	78	128	0	0	0	0
20416	50017	1014	80	125	0	0	0	0
20417	50017	1014	79	120	0	0	0	0
20418	50017	1014	76	119	0	0	0	0
20419	50017	1014	73	121	0	0	0	0
20420	50017	1014	76	124	0	0	0	0
20421	50018	1015	60	68	0	0	0	0
20422	50018	1015	61	65	0	0	0	0
20423	50018	1015	64	60	0	0	0	0
20424	50018	1015	67	58	0	0	0	0
20425	50018	1015	73	55	0	0	0	0
20426	50018	1015	78	58	0	0	0	0
20427	50018	1015	74	59	0	0	0	0
20428	50018	1015	70	60	0	0	0	0
20429	50018	1015	61	73	0	0	0	0
20430	50018	1015	64	69	0	0	0	0
20431	50018	1015	66	66	0	0	0	0
20432	50018	1015	67	63	0	0	0	0
20433	50018	1015	76	62	0	0	0	0
20434	50018	1015	81	61	0	0	0	0
20435	50018	1015	79	64	0	0	0	0
20436	50018	1015	70	65	0	0	0	0
20437	50018	1015	73	65	0	0	0	0
20438	50018	1015	77	67	0	0	0	0
20439	50018	1015	71	68	0	0	0	0
20440	50018	1015	75	68	0	0	0	0
20441	50018	1015	82	68	0	0	0	0
20442	50018	1015	68	69	0	0	0	0
20443	50018	1015	66	72	0	0	0	0
20444	50018	1015	78	71	0	0	0	0
20445	50018	1015	74	73	0	0	0	0
20446	50018	1015	70	73	0	0	0	0
20447	50018	1015	82	73	0	0	0	0
20448	50018	1015	77	76	0	0	0	0
20449	50018	1015	72	77	0	0	0	0
20450	50018	1015	66	77	0	0	0	0
20451	50018	1016	93	31	0	0	0	0
20452	50018	1016	97	29	0	0	0	0
20453	50018	1016	99	25	0	0	0	0
20454	50018	1016	103	24	0	0	0	0
20455	50018	1016	96	34	0	0	0	0
20456	50018	1016	101	30	0	0	0	0
20457	50018	1016	103	28	0	0	0	0
20458	50018	1016	107	26	0	0	0	0
20459	50018	1016	110	24	0	0	0	0
20460	50018	1016	110	29	0	0	0	0
20461	50018	1016	114	29	0	0	0	0
20462	50018	1016	106	30	0	0	0	0
20463	50018	1016	103	33	0	0	0	0
20464	50018	1016	106	33	0	0	0	0
20465	50018	1016	110	33	0	0	0	0
20466	50018	1016	100	35	0	0	0	0
20467	50018	1016	104	36	0	0	0	0
20468	50018	1016	108	35	0	0	0	0
20469	50018	1016	113	35	0	0	0	0
20470	50018	1016	97	39	0	0	0	0
20471	50018	1016	102	39	0	0	0	0
20472	50018	1016	111	39	0	0	0	0
20473	50018	1016	116	38	0	0	0	0
20474	50018	1016	107	40	0	0	0	0
20475	50018	1016	101	42	0	0	0	0
20476	50018	1016	104	43	0	0	0	0
20477	50018	1016	109	43	0	0	0	0
20478	50018	1016	114	42	0	0	0	0
20479	50018	1016	106	46	0	0	0	0
20480	50018	1016	110	48	0	0	0	0
20481	50018	1017	54	12	0	0	0	0
20482	50018	1017	55	8	0	0	0	0
20483	50018	1017	59	4	0	0	0	0
20484	50018	1017	64	4	0	0	0	0
20485	50018	1017	69	3	0	0	0	0
20486	50018	1017	67	6	0	0	0	0
20487	50018	1017	71	6	0	0	0	0
20488	50018	1017	73	7	0	0	0	0
20489	50018	1017	76	7	0	0	0	0
20490	50018	1017	62	8	0	0	0	0
20491	50018	1017	59	10	0	0	0	0
20492	50018	1017	69	9	0	0	0	0
20493	50018	1017	65	10	0	0	0	0
20494	50018	1017	75	10	0	0	0	0
20495	50018	1017	78	11	0	0	0	0
20496	50018	1017	62	12	0	0	0	0
20497	50018	1017	66	12	0	0	0	0
20498	50018	1017	72	12	0	0	0	0
20499	50018	1017	75	14	0	0	0	0
20500	50018	1017	79	15	0	0	0	0
20501	50018	1017	60	15	0	0	0	0
20502	50018	1017	65	14	0	0	0	0
20503	50018	1017	71	15	0	0	0	0
20504	50018	1017	63	18	0	0	0	0
20505	50018	1017	68	18	0	0	0	0
20506	50018	1017	73	19	0	0	0	0
20507	50018	1017	77	19	0	0	0	0
20508	50018	1017	70	22	0	0	0	0
20509	50018	1017	68	24	0	0	0	0
20510	50018	1017	73	24	0	0	0	0
20511	50018	1018	16	3	0	0	0	0
20512	50018	1018	25	4	0	0	0	0
20513	50018	1018	21	5	0	0	0	0
20514	50018	1018	14	7	0	0	0	0
20515	50018	1018	21	7	0	0	0	0
20516	50018	1018	28	7	0	0	0	0
20517	50018	1018	18	8	0	0	0	0
20518	50018	1018	9	10	0	0	0	0
20519	50018	1018	12	10	0	0	0	0
20520	50018	1018	15	11	0	0	0	0
20521	50018	1018	21	11	0	0	0	0
20522	50018	1018	24	10	0	0	0	0
20523	50018	1018	29	11	0	0	0	0
20524	50018	1018	18	12	0	0	0	0
20525	50018	1018	4	15	0	0	0	0
20526	50018	1018	6	18	0	0	0	0
20527	50018	1018	8	15	0	0	0	0
20528	50018	1018	9	18	0	0	0	0
20529	50018	1018	10	22	0	0	0	0
20530	50018	1018	12	13	0	0	0	0
20531	50018	1018	16	15	0	0	0	0
20532	50018	1018	13	18	0	0	0	0
20533	50018	1018	20	16	0	0	0	0
20534	50018	1018	23	16	0	0	0	0
20535	50018	1018	27	16	0	0	0	0
20536	50018	1018	17	20	0	0	0	0
20537	50018	1018	22	21	0	0	0	0
20538	50018	1018	19	24	0	0	0	0
20539	50018	1018	14	23	0	0	0	0
20540	50018	1018	15	26	0	0	0	0
20541	50018	1019	15	49	0	0	0	0
20542	50018	1019	12	52	0	0	0	0
20543	50018	1019	8	54	0	0	0	0
20544	50018	1019	15	54	0	0	0	0
20545	50018	1019	19	53	0	0	0	0
20546	50018	1019	11	56	0	0	0	0
20547	50018	1019	4	60	0	0	0	0
20548	50018	1019	3	66	0	0	0	0
20549	50018	1019	7	58	0	0	0	0
20550	50018	1019	8	63	0	0	0	0
20551	50018	1019	10	61	0	0	0	0
20552	50018	1019	13	59	0	0	0	0
20553	50018	1019	17	57	0	0	0	0
20554	50018	1019	21	56	0	0	0	0
20555	50018	1019	15	60	0	0	0	0
20556	50018	1019	18	62	0	0	0	0
20557	50018	1019	21	61	0	0	0	0
20558	50018	1019	26	62	0	0	0	0
20559	50018	1019	14	64	0	0	0	0
20560	50018	1019	11	67	0	0	0	0
20561	50018	1019	7	70	0	0	0	0
20562	50018	1019	10	72	0	0	0	0
20563	50018	1019	14	72	0	0	0	0
20564	50018	1019	16	68	0	0	0	0
20565	50018	1019	20	66	0	0	0	0
20566	50018	1019	19	70	0	0	0	0
20567	50018	1019	26	68	0	0	0	0
20568	50018	1019	23	71	0	0	0	0
20569	50018	1019	18	74	0	0	0	0
20570	50018	1019	14	78	0	0	0	0
20571	50018	1020	17	105	0	0	0	0
20572	50018	1020	18	109	0	0	0	0
20573	50018	1020	23	110	0	0	0	0
20574	50018	1020	14	111	0	0	0	0
20575	50018	1020	11	111	0	0	0	0
20576	50018	1020	12	115	0	0	0	0
20577	50018	1020	15	114	0	0	0	0
20578	50018	1020	19	112	0	0	0	0
20579	50018	1020	8	118	0	0	0	0
20580	50018	1020	5	118	0	0	0	0
20581	50018	1020	8	120	0	0	0	0
20582	50018	1020	13	120	0	0	0	0
20583	50018	1020	15	117	0	0	0	0
20584	50018	1020	19	116	0	0	0	0
20585	50018	1020	22	114	0	0	0	0
20586	50018	1020	26	115	0	0	0	0
20587	50018	1020	19	119	0	0	0	0
20588	50018	1020	23	119	0	0	0	0
20589	50018	1020	12	124	0	0	0	0
20590	50018	1020	16	124	0	0	0	0
20591	50018	1020	21	124	0	0	0	0
20592	50018	1020	28	118	0	0	0	0
20593	50018	1020	31	117	0	0	0	0
20594	50018	1020	28	121	0	0	0	0
20595	50018	1020	26	122	0	0	0	0
20596	50018	1020	29	126	0	0	0	0
20597	50018	1020	24	127	0	0	0	0
20598	50018	1020	19	127	0	0	0	0
20599	50018	1020	32	123	0	0	0	0
20600	50018	1020	35	124	0	0	0	0
20601	50018	1021	55	120	0	0	0	0
20602	50018	1021	54	125	0	0	0	0
20603	50018	1021	58	121	0	0	0	0
20604	50018	1021	58	125	0	0	0	0
20605	50018	1021	62	117	0	0	0	0
20606	50018	1021	62	122	0	0	0	0
20607	50018	1021	59	129	0	0	0	0
20608	50018	1021	64	126	0	0	0	0
20609	50018	1021	66	129	0	0	0	0
20610	50018	1021	67	125	0	0	0	0
20611	50018	1021	66	122	0	0	0	0
20612	50018	1021	65	118	0	0	0	0
20613	50018	1021	67	115	0	0	0	0
20614	50018	1021	69	111	0	0	0	0
20615	50018	1021	70	114	0	0	0	0
20616	50018	1021	73	113	0	0	0	0
20617	50018	1021	76	116	0	0	0	0
20618	50018	1021	73	118	0	0	0	0
20619	50018	1021	70	118	0	0	0	0
20620	50018	1021	68	120	0	0	0	0
20621	50018	1021	70	123	0	0	0	0
20622	50018	1021	73	124	0	0	0	0
20623	50018	1021	71	127	0	0	0	0
20624	50018	1021	75	128	0	0	0	0
20625	50018	1021	78	128	0	0	0	0
20626	50018	1021	80	125	0	0	0	0
20627	50018	1021	79	120	0	0	0	0
20628	50018	1021	76	119	0	0	0	0
20629	50018	1021	73	121	0	0	0	0
20630	50018	1021	76	124	0	0	0	0
20631	50019	1022	60	68	0	0	0	0
20632	50019	1022	61	65	0	0	0	0
20633	50019	1022	64	60	0	0	0	0
20634	50019	1022	67	58	0	0	0	0
20635	50019	1022	73	55	0	0	0	0
20636	50019	1022	78	58	0	0	0	0
20637	50019	1022	74	59	0	0	0	0
20638	50019	1022	70	60	0	0	0	0
20639	50019	1022	61	73	0	0	0	0
20640	50019	1022	64	69	0	0	0	0
20641	50019	1022	66	66	0	0	0	0
20642	50019	1022	67	63	0	0	0	0
20643	50019	1022	76	62	0	0	0	0
20644	50019	1022	81	61	0	0	0	0
20645	50019	1022	79	64	0	0	0	0
20646	50019	1022	70	65	0	0	0	0
20647	50019	1022	73	65	0	0	0	0
20648	50019	1022	77	67	0	0	0	0
20649	50019	1022	71	68	0	0	0	0
20650	50019	1022	75	68	0	0	0	0
20651	50019	1022	82	68	0	0	0	0
20652	50019	1022	68	69	0	0	0	0
20653	50019	1022	66	72	0	0	0	0
20654	50019	1022	78	71	0	0	0	0
20655	50019	1022	74	73	0	0	0	0
20656	50019	1022	70	73	0	0	0	0
20657	50019	1022	82	73	0	0	0	0
20658	50019	1022	77	76	0	0	0	0
20659	50019	1022	72	77	0	0	0	0
20660	50019	1022	66	77	0	0	0	0
20661	50019	1023	93	31	0	0	0	0
20662	50019	1023	97	29	0	0	0	0
20663	50019	1023	99	25	0	0	0	0
20664	50019	1023	103	24	0	0	0	0
20665	50019	1023	96	34	0	0	0	0
20666	50019	1023	101	30	0	0	0	0
20667	50019	1023	103	28	0	0	0	0
20668	50019	1023	107	26	0	0	0	0
20669	50019	1023	110	24	0	0	0	0
20670	50019	1023	110	29	0	0	0	0
20671	50019	1023	114	29	0	0	0	0
20672	50019	1023	106	30	0	0	0	0
20673	50019	1023	103	33	0	0	0	0
20674	50019	1023	106	33	0	0	0	0
20675	50019	1023	110	33	0	0	0	0
20676	50019	1023	100	35	0	0	0	0
20677	50019	1023	104	36	0	0	0	0
20678	50019	1023	108	35	0	0	0	0
20679	50019	1023	113	35	0	0	0	0
20680	50019	1023	97	39	0	0	0	0
20681	50019	1023	102	39	0	0	0	0
20682	50019	1023	111	39	0	0	0	0
20683	50019	1023	116	38	0	0	0	0
20684	50019	1023	107	40	0	0	0	0
20685	50019	1023	101	42	0	0	0	0
20686	50019	1023	104	43	0	0	0	0
20687	50019	1023	109	43	0	0	0	0
20688	50019	1023	114	42	0	0	0	0
20689	50019	1023	106	46	0	0	0	0
20690	50019	1023	110	48	0	0	0	0
20691	50019	1024	54	12	0	0	0	0
20692	50019	1024	55	8	0	0	0	0
20693	50019	1024	59	4	0	0	0	0
20694	50019	1024	64	4	0	0	0	0
20695	50019	1024	69	3	0	0	0	0
20696	50019	1024	67	6	0	0	0	0
20697	50019	1024	71	6	0	0	0	0
20698	50019	1024	73	7	0	0	0	0
20699	50019	1024	76	7	0	0	0	0
20700	50019	1024	62	8	0	0	0	0
20701	50019	1024	59	10	0	0	0	0
20702	50019	1024	69	9	0	0	0	0
20703	50019	1024	65	10	0	0	0	0
20704	50019	1024	75	10	0	0	0	0
20705	50019	1024	78	11	0	0	0	0
20706	50019	1024	62	12	0	0	0	0
20707	50019	1024	66	12	0	0	0	0
20708	50019	1024	72	12	0	0	0	0
20709	50019	1024	75	14	0	0	0	0
20710	50019	1024	79	15	0	0	0	0
20711	50019	1024	60	15	0	0	0	0
20712	50019	1024	65	14	0	0	0	0
20713	50019	1024	71	15	0	0	0	0
20714	50019	1024	63	18	0	0	0	0
20715	50019	1024	68	18	0	0	0	0
20716	50019	1024	73	19	0	0	0	0
20717	50019	1024	77	19	0	0	0	0
20718	50019	1024	70	22	0	0	0	0
20719	50019	1024	68	24	0	0	0	0
20720	50019	1024	73	24	0	0	0	0
20721	50019	1025	16	3	0	0	0	0
20722	50019	1025	25	4	0	0	0	0
20723	50019	1025	21	5	0	0	0	0
20724	50019	1025	14	7	0	0	0	0
20725	50019	1025	21	7	0	0	0	0
20726	50019	1025	28	7	0	0	0	0
20727	50019	1025	18	8	0	0	0	0
20728	50019	1025	9	10	0	0	0	0
20729	50019	1025	12	10	0	0	0	0
20730	50019	1025	15	11	0	0	0	0
20731	50019	1025	21	11	0	0	0	0
20732	50019	1025	24	10	0	0	0	0
20733	50019	1025	29	11	0	0	0	0
20734	50019	1025	18	12	0	0	0	0
20735	50019	1025	4	15	0	0	0	0
20736	50019	1025	6	18	0	0	0	0
20737	50019	1025	8	15	0	0	0	0
20738	50019	1025	9	18	0	0	0	0
20739	50019	1025	10	22	0	0	0	0
20740	50019	1025	12	13	0	0	0	0
20741	50019	1025	16	15	0	0	0	0
20742	50019	1025	13	18	0	0	0	0
20743	50019	1025	20	16	0	0	0	0
20744	50019	1025	23	16	0	0	0	0
20745	50019	1025	27	16	0	0	0	0
20746	50019	1025	17	20	0	0	0	0
20747	50019	1025	22	21	0	0	0	0
20748	50019	1025	19	24	0	0	0	0
20749	50019	1025	14	23	0	0	0	0
20750	50019	1025	15	26	0	0	0	0
20751	50019	1026	15	49	0	0	0	0
20752	50019	1026	12	52	0	0	0	0
20753	50019	1026	8	54	0	0	0	0
20754	50019	1026	15	54	0	0	0	0
20755	50019	1026	19	53	0	0	0	0
20756	50019	1026	11	56	0	0	0	0
20757	50019	1026	4	60	0	0	0	0
20758	50019	1026	3	66	0	0	0	0
20759	50019	1026	7	58	0	0	0	0
20760	50019	1026	8	63	0	0	0	0
20761	50019	1026	10	61	0	0	0	0
20762	50019	1026	13	59	0	0	0	0
20763	50019	1026	17	57	0	0	0	0
20764	50019	1026	21	56	0	0	0	0
20765	50019	1026	15	60	0	0	0	0
20766	50019	1026	18	62	0	0	0	0
20767	50019	1026	21	61	0	0	0	0
20768	50019	1026	26	62	0	0	0	0
20769	50019	1026	14	64	0	0	0	0
20770	50019	1026	11	67	0	0	0	0
20771	50019	1026	7	70	0	0	0	0
20772	50019	1026	10	72	0	0	0	0
20773	50019	1026	14	72	0	0	0	0
20774	50019	1026	16	68	0	0	0	0
20775	50019	1026	20	66	0	0	0	0
20776	50019	1026	19	70	0	0	0	0
20777	50019	1026	26	68	0	0	0	0
20778	50019	1026	23	71	0	0	0	0
20779	50019	1026	18	74	0	0	0	0
20780	50019	1026	14	78	0	0	0	0
20781	50019	1027	17	105	0	0	0	0
20782	50019	1027	18	109	0	0	0	0
20783	50019	1027	23	110	0	0	0	0
20784	50019	1027	14	111	0	0	0	0
20785	50019	1027	11	111	0	0	0	0
20786	50019	1027	12	115	0	0	0	0
20787	50019	1027	15	114	0	0	0	0
20788	50019	1027	19	112	0	0	0	0
20789	50019	1027	8	118	0	0	0	0
20790	50019	1027	5	118	0	0	0	0
20791	50019	1027	8	120	0	0	0	0
20792	50019	1027	13	120	0	0	0	0
20793	50019	1027	15	117	0	0	0	0
20794	50019	1027	19	116	0	0	0	0
20795	50019	1027	22	114	0	0	0	0
20796	50019	1027	26	115	0	0	0	0
20797	50019	1027	19	119	0	0	0	0
20798	50019	1027	23	119	0	0	0	0
20799	50019	1027	12	124	0	0	0	0
20800	50019	1027	16	124	0	0	0	0
20801	50019	1027	21	124	0	0	0	0
20802	50019	1027	28	118	0	0	0	0
20803	50019	1027	31	117	0	0	0	0
20804	50019	1027	28	121	0	0	0	0
20805	50019	1027	26	122	0	0	0	0
20806	50019	1027	29	126	0	0	0	0
20807	50019	1027	24	127	0	0	0	0
20808	50019	1027	19	127	0	0	0	0
20809	50019	1027	32	123	0	0	0	0
20810	50019	1027	35	124	0	0	0	0
20811	50019	1028	55	120	0	0	0	0
20812	50019	1028	54	125	0	0	0	0
20813	50019	1028	58	121	0	0	0	0
20814	50019	1028	58	125	0	0	0	0
20815	50019	1028	62	117	0	0	0	0
20816	50019	1028	62	122	0	0	0	0
20817	50019	1028	59	129	0	0	0	0
20818	50019	1028	64	126	0	0	0	0
20819	50019	1028	66	129	0	0	0	0
20820	50019	1028	67	125	0	0	0	0
20821	50019	1028	66	122	0	0	0	0
20822	50019	1028	65	118	0	0	0	0
20823	50019	1028	67	115	0	0	0	0
20824	50019	1028	69	111	0	0	0	0
20825	50019	1028	70	114	0	0	0	0
20826	50019	1028	73	113	0	0	0	0
20827	50019	1028	76	116	0	0	0	0
20828	50019	1028	73	118	0	0	0	0
20829	50019	1028	70	118	0	0	0	0
20830	50019	1028	68	120	0	0	0	0
20831	50019	1028	70	123	0	0	0	0
20832	50019	1028	73	124	0	0	0	0
20833	50019	1028	71	127	0	0	0	0
20834	50019	1028	75	128	0	0	0	0
20835	50019	1028	78	128	0	0	0	0
20836	50019	1028	80	125	0	0	0	0
20837	50019	1028	79	120	0	0	0	0
20838	50019	1028	76	119	0	0	0	0
20839	50019	1028	73	121	0	0	0	0
20840	50019	1028	76	124	0	0	0	0
20841	50020	1029	60	68	0	0	0	0
20842	50020	1029	61	65	0	0	0	0
20843	50020	1029	64	60	0	0	0	0
20844	50020	1029	67	58	0	0	0	0
20845	50020	1029	73	55	0	0	0	0
20846	50020	1029	78	58	0	0	0	0
20847	50020	1029	74	59	0	0	0	0
20848	50020	1029	70	60	0	0	0	0
20849	50020	1029	61	73	0	0	0	0
20850	50020	1029	64	69	0	0	0	0
20851	50020	1029	66	66	0	0	0	0
20852	50020	1029	67	63	0	0	0	0
20853	50020	1029	76	62	0	0	0	0
20854	50020	1029	81	61	0	0	0	0
20855	50020	1029	79	64	0	0	0	0
20856	50020	1029	70	65	0	0	0	0
20857	50020	1029	73	65	0	0	0	0
20858	50020	1029	77	67	0	0	0	0
20859	50020	1029	71	68	0	0	0	0
20860	50020	1029	75	68	0	0	0	0
20861	50020	1029	82	68	0	0	0	0
20862	50020	1029	68	69	0	0	0	0
20863	50020	1029	66	72	0	0	0	0
20864	50020	1029	78	71	0	0	0	0
20865	50020	1029	74	73	0	0	0	0
20866	50020	1029	70	73	0	0	0	0
20867	50020	1029	82	73	0	0	0	0
20868	50020	1029	77	76	0	0	0	0
20869	50020	1029	72	77	0	0	0	0
20870	50020	1029	66	77	0	0	0	0
20871	50020	1030	93	31	0	0	0	0
20872	50020	1030	97	29	0	0	0	0
20873	50020	1030	99	25	0	0	0	0
20874	50020	1030	103	24	0	0	0	0
20875	50020	1030	96	34	0	0	0	0
20876	50020	1030	101	30	0	0	0	0
20877	50020	1030	103	28	0	0	0	0
20878	50020	1030	107	26	0	0	0	0
20879	50020	1030	110	24	0	0	0	0
20880	50020	1030	110	29	0	0	0	0
20881	50020	1030	114	29	0	0	0	0
20882	50020	1030	106	30	0	0	0	0
20883	50020	1030	103	33	0	0	0	0
20884	50020	1030	106	33	0	0	0	0
20885	50020	1030	110	33	0	0	0	0
20886	50020	1030	100	35	0	0	0	0
20887	50020	1030	104	36	0	0	0	0
20888	50020	1030	108	35	0	0	0	0
20889	50020	1030	113	35	0	0	0	0
20890	50020	1030	97	39	0	0	0	0
20891	50020	1030	102	39	0	0	0	0
20892	50020	1030	111	39	0	0	0	0
20893	50020	1030	116	38	0	0	0	0
20894	50020	1030	107	40	0	0	0	0
20895	50020	1030	101	42	0	0	0	0
20896	50020	1030	104	43	0	0	0	0
20897	50020	1030	109	43	0	0	0	0
20898	50020	1030	114	42	0	0	0	0
20899	50020	1030	106	46	0	0	0	0
20900	50020	1030	110	48	0	0	0	0
20901	50020	1031	54	12	0	0	0	0
20902	50020	1031	55	8	0	0	0	0
20903	50020	1031	59	4	0	0	0	0
20904	50020	1031	64	4	0	0	0	0
20905	50020	1031	69	3	0	0	0	0
20906	50020	1031	67	6	0	0	0	0
20907	50020	1031	71	6	0	0	0	0
20908	50020	1031	73	7	0	0	0	0
20909	50020	1031	76	7	0	0	0	0
20910	50020	1031	62	8	0	0	0	0
20911	50020	1031	59	10	0	0	0	0
20912	50020	1031	69	9	0	0	0	0
20913	50020	1031	65	10	0	0	0	0
20914	50020	1031	75	10	0	0	0	0
20915	50020	1031	78	11	0	0	0	0
20916	50020	1031	62	12	0	0	0	0
20917	50020	1031	66	12	0	0	0	0
20918	50020	1031	72	12	0	0	0	0
20919	50020	1031	75	14	0	0	0	0
20920	50020	1031	79	15	0	0	0	0
20921	50020	1031	60	15	0	0	0	0
20922	50020	1031	65	14	0	0	0	0
20923	50020	1031	71	15	0	0	0	0
20924	50020	1031	63	18	0	0	0	0
20925	50020	1031	68	18	0	0	0	0
20926	50020	1031	73	19	0	0	0	0
20927	50020	1031	77	19	0	0	0	0
20928	50020	1031	70	22	0	0	0	0
20929	50020	1031	68	24	0	0	0	0
20930	50020	1031	73	24	0	0	0	0
20931	50020	1032	16	3	0	0	0	0
20932	50020	1032	25	4	0	0	0	0
20933	50020	1032	21	5	0	0	0	0
20934	50020	1032	14	7	0	0	0	0
20935	50020	1032	21	7	0	0	0	0
20936	50020	1032	28	7	0	0	0	0
20937	50020	1032	18	8	0	0	0	0
20938	50020	1032	9	10	0	0	0	0
20939	50020	1032	12	10	0	0	0	0
20940	50020	1032	15	11	0	0	0	0
20941	50020	1032	21	11	0	0	0	0
20942	50020	1032	24	10	0	0	0	0
20943	50020	1032	29	11	0	0	0	0
20944	50020	1032	18	12	0	0	0	0
20945	50020	1032	4	15	0	0	0	0
20946	50020	1032	6	18	0	0	0	0
20947	50020	1032	8	15	0	0	0	0
20948	50020	1032	9	18	0	0	0	0
20949	50020	1032	10	22	0	0	0	0
20950	50020	1032	12	13	0	0	0	0
20951	50020	1032	16	15	0	0	0	0
20952	50020	1032	13	18	0	0	0	0
20953	50020	1032	20	16	0	0	0	0
20954	50020	1032	23	16	0	0	0	0
20955	50020	1032	27	16	0	0	0	0
20956	50020	1032	17	20	0	0	0	0
20957	50020	1032	22	21	0	0	0	0
20958	50020	1032	19	24	0	0	0	0
20959	50020	1032	14	23	0	0	0	0
20960	50020	1032	15	26	0	0	0	0
20961	50020	1033	15	49	0	0	0	0
20962	50020	1033	12	52	0	0	0	0
20963	50020	1033	8	54	0	0	0	0
20964	50020	1033	15	54	0	0	0	0
20965	50020	1033	19	53	0	0	0	0
20966	50020	1033	11	56	0	0	0	0
20967	50020	1033	4	60	0	0	0	0
20968	50020	1033	3	66	0	0	0	0
20969	50020	1033	7	58	0	0	0	0
20970	50020	1033	8	63	0	0	0	0
20971	50020	1033	10	61	0	0	0	0
20972	50020	1033	13	59	0	0	0	0
20973	50020	1033	17	57	0	0	0	0
20974	50020	1033	21	56	0	0	0	0
20975	50020	1033	15	60	0	0	0	0
20976	50020	1033	18	62	0	0	0	0
20977	50020	1033	21	61	0	0	0	0
20978	50020	1033	26	62	0	0	0	0
20979	50020	1033	14	64	0	0	0	0
20980	50020	1033	11	67	0	0	0	0
20981	50020	1033	7	70	0	0	0	0
20982	50020	1033	10	72	0	0	0	0
20983	50020	1033	14	72	0	0	0	0
20984	50020	1033	16	68	0	0	0	0
20985	50020	1033	20	66	0	0	0	0
20986	50020	1033	19	70	0	0	0	0
20987	50020	1033	26	68	0	0	0	0
20988	50020	1033	23	71	0	0	0	0
20989	50020	1033	18	74	0	0	0	0
20990	50020	1033	14	78	0	0	0	0
20991	50020	1034	17	105	0	0	0	0
20992	50020	1034	18	109	0	0	0	0
20993	50020	1034	23	110	0	0	0	0
20994	50020	1034	14	111	0	0	0	0
20995	50020	1034	11	111	0	0	0	0
20996	50020	1034	12	115	0	0	0	0
20997	50020	1034	15	114	0	0	0	0
20998	50020	1034	19	112	0	0	0	0
20999	50020	1034	8	118	0	0	0	0
21000	50020	1034	5	118	0	0	0	0
21001	50020	1034	8	120	0	0	0	0
21002	50020	1034	13	120	0	0	0	0
21003	50020	1034	15	117	0	0	0	0
21004	50020	1034	19	116	0	0	0	0
21005	50020	1034	22	114	0	0	0	0
21006	50020	1034	26	115	0	0	0	0
21007	50020	1034	19	119	0	0	0	0
21008	50020	1034	23	119	0	0	0	0
21009	50020	1034	12	124	0	0	0	0
21010	50020	1034	16	124	0	0	0	0
21011	50020	1034	21	124	0	0	0	0
21012	50020	1034	28	118	0	0	0	0
21013	50020	1034	31	117	0	0	0	0
21014	50020	1034	28	121	0	0	0	0
21015	50020	1034	26	122	0	0	0	0
21016	50020	1034	29	126	0	0	0	0
21017	50020	1034	24	127	0	0	0	0
21018	50020	1034	19	127	0	0	0	0
21019	50020	1034	32	123	0	0	0	0
21020	50020	1034	35	124	0	0	0	0
21021	50020	1035	55	120	0	0	0	0
21022	50020	1035	54	125	0	0	0	0
21023	50020	1035	58	121	0	0	0	0
21024	50020	1035	58	125	0	0	0	0
21025	50020	1035	62	117	0	0	0	0
21026	50020	1035	62	122	0	0	0	0
21027	50020	1035	59	129	0	0	0	0
21028	50020	1035	64	126	0	0	0	0
21029	50020	1035	66	129	0	0	0	0
21030	50020	1035	67	125	0	0	0	0
21031	50020	1035	66	122	0	0	0	0
21032	50020	1035	65	118	0	0	0	0
21033	50020	1035	67	115	0	0	0	0
21034	50020	1035	69	111	0	0	0	0
21035	50020	1035	70	114	0	0	0	0
21036	50020	1035	73	113	0	0	0	0
21037	50020	1035	76	116	0	0	0	0
21038	50020	1035	73	118	0	0	0	0
21039	50020	1035	70	118	0	0	0	0
21040	50020	1035	68	120	0	0	0	0
21041	50020	1035	70	123	0	0	0	0
21042	50020	1035	73	124	0	0	0	0
21043	50020	1035	71	127	0	0	0	0
21044	50020	1035	75	128	0	0	0	0
21045	50020	1035	78	128	0	0	0	0
21046	50020	1035	80	125	0	0	0	0
21047	50020	1035	79	120	0	0	0	0
21048	50020	1035	76	119	0	0	0	0
21049	50020	1035	73	121	0	0	0	0
21050	50020	1035	76	124	0	0	0	0
21051	50021	1036	60	68	0	0	0	0
21052	50021	1036	61	65	0	0	0	0
21053	50021	1036	64	60	0	0	0	0
21054	50021	1036	67	58	0	0	0	0
21055	50021	1036	73	55	0	0	0	0
21056	50021	1036	78	58	0	0	0	0
21057	50021	1036	74	59	0	0	0	0
21058	50021	1036	70	60	0	0	0	0
21059	50021	1036	61	73	0	0	0	0
21060	50021	1036	64	69	0	0	0	0
21061	50021	1036	66	66	0	0	0	0
21062	50021	1036	67	63	0	0	0	0
21063	50021	1036	76	62	0	0	0	0
21064	50021	1036	81	61	0	0	0	0
21065	50021	1036	79	64	0	0	0	0
21066	50021	1036	70	65	0	0	0	0
21067	50021	1036	73	65	0	0	0	0
21068	50021	1036	77	67	0	0	0	0
21069	50021	1036	71	68	0	0	0	0
21070	50021	1036	75	68	0	0	0	0
21071	50021	1036	82	68	0	0	0	0
21072	50021	1036	68	69	0	0	0	0
21073	50021	1036	66	72	0	0	0	0
21074	50021	1036	78	71	0	0	0	0
21075	50021	1036	74	73	0	0	0	0
21076	50021	1036	70	73	0	0	0	0
21077	50021	1036	82	73	0	0	0	0
21078	50021	1036	77	76	0	0	0	0
21079	50021	1036	72	77	0	0	0	0
21080	50021	1036	66	77	0	0	0	0
21081	50021	1037	93	31	0	0	0	0
21082	50021	1037	97	29	0	0	0	0
21083	50021	1037	99	25	0	0	0	0
21084	50021	1037	103	24	0	0	0	0
21085	50021	1037	96	34	0	0	0	0
21086	50021	1037	101	30	0	0	0	0
21087	50021	1037	103	28	0	0	0	0
21088	50021	1037	107	26	0	0	0	0
21089	50021	1037	110	24	0	0	0	0
21090	50021	1037	110	29	0	0	0	0
21091	50021	1037	114	29	0	0	0	0
21092	50021	1037	106	30	0	0	0	0
21093	50021	1037	103	33	0	0	0	0
21094	50021	1037	106	33	0	0	0	0
21095	50021	1037	110	33	0	0	0	0
21096	50021	1037	100	35	0	0	0	0
21097	50021	1037	104	36	0	0	0	0
21098	50021	1037	108	35	0	0	0	0
21099	50021	1037	113	35	0	0	0	0
21100	50021	1037	97	39	0	0	0	0
21101	50021	1037	102	39	0	0	0	0
21102	50021	1037	111	39	0	0	0	0
21103	50021	1037	116	38	0	0	0	0
21104	50021	1037	107	40	0	0	0	0
21105	50021	1037	101	42	0	0	0	0
21106	50021	1037	104	43	0	0	0	0
21107	50021	1037	109	43	0	0	0	0
21108	50021	1037	114	42	0	0	0	0
21109	50021	1037	106	46	0	0	0	0
21110	50021	1037	110	48	0	0	0	0
21111	50021	1038	54	12	0	0	0	0
21112	50021	1038	55	8	0	0	0	0
21113	50021	1038	59	4	0	0	0	0
21114	50021	1038	64	4	0	0	0	0
21115	50021	1038	69	3	0	0	0	0
21116	50021	1038	67	6	0	0	0	0
21117	50021	1038	71	6	0	0	0	0
21118	50021	1038	73	7	0	0	0	0
21119	50021	1038	76	7	0	0	0	0
21120	50021	1038	62	8	0	0	0	0
21121	50021	1038	59	10	0	0	0	0
21122	50021	1038	69	9	0	0	0	0
21123	50021	1038	65	10	0	0	0	0
21124	50021	1038	75	10	0	0	0	0
21125	50021	1038	78	11	0	0	0	0
21126	50021	1038	62	12	0	0	0	0
21127	50021	1038	66	12	0	0	0	0
21128	50021	1038	72	12	0	0	0	0
21129	50021	1038	75	14	0	0	0	0
21130	50021	1038	79	15	0	0	0	0
21131	50021	1038	60	15	0	0	0	0
21132	50021	1038	65	14	0	0	0	0
21133	50021	1038	71	15	0	0	0	0
21134	50021	1038	63	18	0	0	0	0
21135	50021	1038	68	18	0	0	0	0
21136	50021	1038	73	19	0	0	0	0
21137	50021	1038	77	19	0	0	0	0
21138	50021	1038	70	22	0	0	0	0
21139	50021	1038	68	24	0	0	0	0
21140	50021	1038	73	24	0	0	0	0
21141	50021	1039	16	3	0	0	0	0
21142	50021	1039	25	4	0	0	0	0
21143	50021	1039	21	5	0	0	0	0
21144	50021	1039	14	7	0	0	0	0
21145	50021	1039	21	7	0	0	0	0
21146	50021	1039	28	7	0	0	0	0
21147	50021	1039	18	8	0	0	0	0
21148	50021	1039	9	10	0	0	0	0
21149	50021	1039	12	10	0	0	0	0
21150	50021	1039	15	11	0	0	0	0
21151	50021	1039	21	11	0	0	0	0
21152	50021	1039	24	10	0	0	0	0
21153	50021	1039	29	11	0	0	0	0
21154	50021	1039	18	12	0	0	0	0
21155	50021	1039	4	15	0	0	0	0
21156	50021	1039	6	18	0	0	0	0
21157	50021	1039	8	15	0	0	0	0
21158	50021	1039	9	18	0	0	0	0
21159	50021	1039	10	22	0	0	0	0
21160	50021	1039	12	13	0	0	0	0
21161	50021	1039	16	15	0	0	0	0
21162	50021	1039	13	18	0	0	0	0
21163	50021	1039	20	16	0	0	0	0
21164	50021	1039	23	16	0	0	0	0
21165	50021	1039	27	16	0	0	0	0
21166	50021	1039	17	20	0	0	0	0
21167	50021	1039	22	21	0	0	0	0
21168	50021	1039	19	24	0	0	0	0
21169	50021	1039	14	23	0	0	0	0
21170	50021	1039	15	26	0	0	0	0
21171	50021	1040	15	49	0	0	0	0
21172	50021	1040	12	52	0	0	0	0
21173	50021	1040	8	54	0	0	0	0
21174	50021	1040	15	54	0	0	0	0
21175	50021	1040	19	53	0	0	0	0
21176	50021	1040	11	56	0	0	0	0
21177	50021	1040	4	60	0	0	0	0
21178	50021	1040	3	66	0	0	0	0
21179	50021	1040	7	58	0	0	0	0
21180	50021	1040	8	63	0	0	0	0
21181	50021	1040	10	61	0	0	0	0
21182	50021	1040	13	59	0	0	0	0
21183	50021	1040	17	57	0	0	0	0
21184	50021	1040	21	56	0	0	0	0
21185	50021	1040	15	60	0	0	0	0
21186	50021	1040	18	62	0	0	0	0
21187	50021	1040	21	61	0	0	0	0
21188	50021	1040	26	62	0	0	0	0
21189	50021	1040	14	64	0	0	0	0
21190	50021	1040	11	67	0	0	0	0
21191	50021	1040	7	70	0	0	0	0
21192	50021	1040	10	72	0	0	0	0
21193	50021	1040	14	72	0	0	0	0
21194	50021	1040	16	68	0	0	0	0
21195	50021	1040	20	66	0	0	0	0
21196	50021	1040	19	70	0	0	0	0
21197	50021	1040	26	68	0	0	0	0
21198	50021	1040	23	71	0	0	0	0
21199	50021	1040	18	74	0	0	0	0
21200	50021	1040	14	78	0	0	0	0
21201	50021	1041	17	105	0	0	0	0
21202	50021	1041	18	109	0	0	0	0
21203	50021	1041	23	110	0	0	0	0
21204	50021	1041	14	111	0	0	0	0
21205	50021	1041	11	111	0	0	0	0
21206	50021	1041	12	115	0	0	0	0
21207	50021	1041	15	114	0	0	0	0
21208	50021	1041	19	112	0	0	0	0
21209	50021	1041	8	118	0	0	0	0
21210	50021	1041	5	118	0	0	0	0
21211	50021	1041	8	120	0	0	0	0
21212	50021	1041	13	120	0	0	0	0
21213	50021	1041	15	117	0	0	0	0
21214	50021	1041	19	116	0	0	0	0
21215	50021	1041	22	114	0	0	0	0
21216	50021	1041	26	115	0	0	0	0
21217	50021	1041	19	119	0	0	0	0
21218	50021	1041	23	119	0	0	0	0
21219	50021	1041	12	124	0	0	0	0
21220	50021	1041	16	124	0	0	0	0
21221	50021	1041	21	124	0	0	0	0
21222	50021	1041	28	118	0	0	0	0
21223	50021	1041	31	117	0	0	0	0
21224	50021	1041	28	121	0	0	0	0
21225	50021	1041	26	122	0	0	0	0
21226	50021	1041	29	126	0	0	0	0
21227	50021	1041	24	127	0	0	0	0
21228	50021	1041	19	127	0	0	0	0
21229	50021	1041	32	123	0	0	0	0
21230	50021	1041	35	124	0	0	0	0
21231	50021	1042	55	120	0	0	0	0
21232	50021	1042	54	125	0	0	0	0
21233	50021	1042	58	121	0	0	0	0
21234	50021	1042	58	125	0	0	0	0
21235	50021	1042	62	117	0	0	0	0
21236	50021	1042	62	122	0	0	0	0
21237	50021	1042	59	129	0	0	0	0
21238	50021	1042	64	126	0	0	0	0
21239	50021	1042	66	129	0	0	0	0
21240	50021	1042	67	125	0	0	0	0
21241	50021	1042	66	122	0	0	0	0
21242	50021	1042	65	118	0	0	0	0
21243	50021	1042	67	115	0	0	0	0
21244	50021	1042	69	111	0	0	0	0
21245	50021	1042	70	114	0	0	0	0
21246	50021	1042	73	113	0	0	0	0
21247	50021	1042	76	116	0	0	0	0
21248	50021	1042	73	118	0	0	0	0
21249	50021	1042	70	118	0	0	0	0
21250	50021	1042	68	120	0	0	0	0
21251	50021	1042	70	123	0	0	0	0
21252	50021	1042	73	124	0	0	0	0
21253	50021	1042	71	127	0	0	0	0
21254	50021	1042	75	128	0	0	0	0
21255	50021	1042	78	128	0	0	0	0
21256	50021	1042	80	125	0	0	0	0
21257	50021	1042	79	120	0	0	0	0
21258	50021	1042	76	119	0	0	0	0
21259	50021	1042	73	121	0	0	0	0
21260	50021	1042	76	124	0	0	0	0
25001	50042	26	70	80	0	0	0	0
25002	50042	26	86	103	0	0	0	0
25003	50042	26	123	80	0	0	0	0
25004	50042	26	120	45	0	0	0	0
25005	50042	26	90	27	0	0	0	0
25006	50042	26	57	25	0	0	0	0
25007	50042	26	20	55	0	0	0	0
25008	50042	26	40	103	0	0	0	0
25009	50042	26	72	85	0	0	0	0
25010	50113	27	70	80	0	0	0	0
25011	50113	27	86	103	0	0	0	0
25012	50113	27	123	80	0	0	0	0
25013	50113	27	120	45	0	0	0	0
25014	50113	27	90	27	0	0	0	0
25015	50113	27	57	25	0	0	0	0
25016	50113	27	20	55	0	0	0	0
25017	50113	27	40	103	0	0	0	0
25018	50113	27	72	85	0	0	0	0
25019	50114	28	70	80	0	0	0	0
25020	50114	28	86	103	0	0	0	0
25021	50114	28	123	80	0	0	0	0
25022	50114	28	120	45	0	0	0	0
25023	50114	28	90	27	0	0	0	0
25024	50114	28	57	25	0	0	0	0
25025	50114	28	20	55	0	0	0	0
25026	50114	28	40	103	0	0	0	0
25027	50114	28	72	85	0	0	0	0
25028	50115	29	70	80	0	0	0	0
25029	50115	29	86	103	0	0	0	0
25030	50115	29	123	80	0	0	0	0
25031	50115	29	120	45	0	0	0	0
25032	50115	29	90	27	0	0	0	0
25033	50115	29	57	25	0	0	0	0
25034	50115	29	20	55	0	0	0	0
25035	50115	29	40	103	0	0	0	0
25036	50115	29	72	85	0	0	0	0
25037	50141	9001	25	98	0	0	0	0
25038	50141	9002	33	98	0	0	0	0
25039	50141	9003	23	55	0	0	0	0
25040	50141	9004	28	57	0	0	0	0
25041	50141	9001	27	27	0	0	0	0
25042	50141	9002	33	27	0	0	0	0
25043	50141	9003	58	82	0	0	0	0
25044	50141	9004	66	90	0	0	0	0
25045	50141	9001	97	101	0	0	0	0
25046	50141	9002	101	95	0	0	0	0
25047	50141	9003	102	69	0	0	0	0
25048	50141	9004	108	71	0	0	0	0
25049	50141	9001	62	52	0	0	0	0
25050	50141	9002	66	56	0	0	0	0
25051	50141	9003	88	21	0	0	0	0
25052	50141	9004	92	25	0	0	0	0
25053	50142	9001	25	98	0	0	0	0
25054	50142	9002	33	98	0	0	0	0
25055	50142	9003	23	55	0	0	0	0
25056	50142	9004	28	57	0	0	0	0
25057	50142	9001	27	27	0	0	0	0
25058	50142	9002	33	27	0	0	0	0
25059	50142	9003	58	82	0	0	0	0
25060	50142	9004	66	90	0	0	0	0
25061	50142	9001	97	101	0	0	0	0
25062	50142	9002	101	95	0	0	0	0
25063	50142	9003	102	69	0	0	0	0
25064	50142	9004	108	71	0	0	0	0
25065	50142	9001	62	52	0	0	0	0
25066	50142	9002	66	56	0	0	0	0
25067	50142	9003	88	21	0	0	0	0
25068	50142	9004	92	25	0	0	0	0
25069	50143	9001	25	98	0	0	0	0
25070	50143	9002	33	98	0	0	0	0
25071	50143	9003	23	55	0	0	0	0
25072	50143	9004	28	57	0	0	0	0
25073	50143	9001	27	27	0	0	0	0
25074	50143	9002	33	27	0	0	0	0
25075	50143	9003	58	82	0	0	0	0
25076	50143	9004	66	90	0	0	0	0
25077	50143	9001	97	101	0	0	0	0
25078	50143	9002	101	95	0	0	0	0
25079	50143	9003	102	69	0	0	0	0
25080	50143	9004	108	71	0	0	0	0
25081	50143	9001	62	52	0	0	0	0
25082	50143	9002	66	56	0	0	0	0
25083	50143	9003	88	21	0	0	0	0
25084	50143	9004	92	25	0	0	0	0
25085	50144	9001	25	98	0	0	0	0
25086	50144	9002	33	98	0	0	0	0
25087	50144	9003	23	55	0	0	0	0
25088	50144	9004	28	57	0	0	0	0
25089	50144	9001	27	27	0	0	0	0
25090	50144	9002	33	27	0	0	0	0
25091	50144	9003	58	82	0	0	0	0
25092	50144	9004	66	90	0	0	0	0
25093	50144	9001	97	101	0	0	0	0
25094	50144	9002	101	95	0	0	0	0
25095	50144	9003	102	69	0	0	0	0
25096	50144	9004	108	71	0	0	0	0
25097	50144	9001	62	52	0	0	0	0
25098	50144	9002	66	56	0	0	0	0
25099	50144	9003	88	21	0	0	0	0
25100	50144	9004	92	25	0	0	0	0
25101	50145	9001	25	98	0	0	0	0
25102	50145	9002	33	98	0	0	0	0
25103	50145	9003	23	55	0	0	0	0
25104	50145	9004	28	57	0	0	0	0
25105	50145	9001	27	27	0	0	0	0
25106	50145	9002	33	27	0	0	0	0
25107	50145	9003	58	82	0	0	0	0
25108	50145	9004	66	90	0	0	0	0
25109	50145	9001	97	101	0	0	0	0
25110	50145	9002	101	95	0	0	0	0
25111	50145	9003	102	69	0	0	0	0
25112	50145	9004	108	71	0	0	0	0
25113	50145	9001	62	52	0	0	0	0
25114	50145	9002	66	56	0	0	0	0
25115	50145	9003	88	21	0	0	0	0
25116	50145	9004	92	25	0	0	0	0
25117	50146	9001	25	98	0	0	0	0
25118	50146	9002	33	98	0	0	0	0
25119	50146	9003	23	55	0	0	0	0
25120	50146	9004	28	57	0	0	0	0
25121	50146	9001	27	27	0	0	0	0
25122	50146	9002	33	27	0	0	0	0
25123	50146	9003	58	82	0	0	0	0
25124	50146	9004	66	90	0	0	0	0
25125	50146	9001	97	101	0	0	0	0
25126	50146	9002	101	95	0	0	0	0
25127	50146	9003	102	69	0	0	0	0
25128	50146	9004	108	71	0	0	0	0
25129	50146	9001	62	52	0	0	0	0
25130	50146	9002	66	56	0	0	0	0
25131	50146	9003	88	21	0	0	0	0
25132	50146	9004	92	25	0	0	0	0
25133	50147	9001	25	98	0	0	0	0
25134	50147	9002	33	98	0	0	0	0
25135	50147	9003	23	55	0	0	0	0
25136	50147	9004	28	57	0	0	0	0
25137	50147	9001	27	27	0	0	0	0
25138	50147	9002	33	27	0	0	0	0
25139	50147	9003	58	82	0	0	0	0
25140	50147	9004	66	90	0	0	0	0
25141	50147	9001	97	101	0	0	0	0
25142	50147	9002	101	95	0	0	0	0
25143	50147	9003	102	69	0	0	0	0
25144	50147	9004	108	71	0	0	0	0
25145	50147	9001	62	52	0	0	0	0
25146	50147	9002	66	56	0	0	0	0
25147	50147	9003	88	21	0	0	0	0
25148	50147	9004	92	25	0	0	0	0
25149	50148	9001	25	98	0	0	0	0
25150	50148	9002	33	98	0	0	0	0
25151	50148	9003	23	55	0	0	0	0
25152	50148	9004	28	57	0	0	0	0
25153	50148	9001	27	27	0	0	0	0
25154	50148	9002	33	27	0	0	0	0
25155	50148	9003	58	82	0	0	0	0
25156	50148	9004	66	90	0	0	0	0
25157	50148	9001	97	101	0	0	0	0
25158	50148	9002	101	95	0	0	0	0
25159	50148	9003	102	69	0	0	0	0
25160	50148	9004	108	71	0	0	0	0
25161	50148	9001	62	52	0	0	0	0
25162	50148	9002	66	56	0	0	0	0
25163	50148	9003	88	21	0	0	0	0
25164	50148	9004	92	25	0	0	0	0
25165	50149	9001	25	98	0	0	0	0
25166	50149	9002	33	98	0	0	0	0
25167	50149	9003	23	55	0	0	0	0
25168	50149	9004	28	57	0	0	0	0
25169	50149	9001	27	27	0	0	0	0
25170	50149	9002	33	27	0	0	0	0
25171	50149	9003	58	82	0	0	0	0
25172	50149	9004	66	90	0	0	0	0
25173	50149	9001	97	101	0	0	0	0
25174	50149	9002	101	95	0	0	0	0
25175	50149	9003	102	69	0	0	0	0
25176	50149	9004	108	71	0	0	0	0
25177	50149	9001	62	52	0	0	0	0
25178	50149	9002	66	56	0	0	0	0
25179	50149	9003	88	21	0	0	0	0
25180	50149	9004	92	25	0	0	0	0
25181	50150	9001	25	98	0	0	0	0
25182	50150	9002	33	98	0	0	0	0
25183	50150	9003	23	55	0	0	0	0
25184	50150	9004	28	57	0	0	0	0
25185	50150	9001	27	27	0	0	0	0
25186	50150	9002	33	27	0	0	0	0
25187	50150	9003	58	82	0	0	0	0
25188	50150	9004	66	90	0	0	0	0
25189	50150	9001	97	101	0	0	0	0
25190	50150	9002	101	95	0	0	0	0
25191	50150	9003	102	69	0	0	0	0
25192	50150	9004	108	71	0	0	0	0
25193	50150	9001	62	52	0	0	0	0
25194	50150	9002	66	56	0	0	0	0
25195	50150	9003	88	21	0	0	0	0
25196	50150	9004	92	25	0	0	0	0
25197	50151	9031	20	20	0	0	0	0
25198	50151	9032	18	26	0	0	0	0
25199	50151	9033	26	18	0	0	0	0
25200	50151	9034	33	25	0	0	0	0
25201	50151	9035	25	33	0	0	0	0
25202	50035	30001	48	81	0	0	0	0
25203	50036	30002	48	81	0	0	0	0
25204	50037	30003	48	81	0	0	0	0
25205	50038	30004	48	81	0	0	0	0
25206	50112	30005	48	81	0	0	0	0
25301	50107	30	31	200	0	0	0	0
25302	50107	32	84	200	0	0	0	0
25303	50107	30	80	151	0	0	0	0
25304	50107	32	35	81	0	0	0	0
25305	50107	30	101	100	0	0	0	0
25306	50107	32	131	150	0	0	0	0
25307	50116	31	31	200	0	0	0	0
25308	50116	33	84	200	0	0	0	0
25309	50116	31	80	151	0	0	0	0
25310	50116	33	35	81	0	0	0	0
25311	50116	31	101	100	0	0	0	0
25312	50116	33	131	150	0	0	0	0
30001	50106	13009	236	155	0	0	0	15
30002	50106	13010	228	143	0	0	0	15
30003	50106	13011	223	122	0	0	0	15
30004	50106	13012	218	103	0	0	0	15
30005	50106	13013	212	83	0	0	0	15
30006	50106	13014	198	49	0	0	0	15
30007	50106	13015	188	21	0	0	0	15
30008	50106	13016	176	10	0	0	0	15
30009	50140	13009	179	8	0	0	0	15
30010	50140	13010	183	12	0	0	0	15
30011	50140	13011	189	18	0	0	0	15
30012	50140	13012	199	18	0	0	0	15
30013	50140	13013	208	19	0	0	0	15
30014	50140	13014	216	21	0	0	0	15
30015	50140	13015	225	30	0	0	0	15
30016	50140	13016	235	33	0	0	0	15
40001	50141	22	33	32	0	0	0	0
40002	50141	23	28	54	0	0	0	0
40003	50141	24	24	76	0	0	0	0
40004	50141	25	28	98	0	0	0	0
40005	50141	22	48	71	0	0	0	0
40006	50141	23	67	89	0	0	0	0
40007	50141	24	87	96	0	0	0	0
40008	50141	25	107	107	0	0	0	0
40009	50141	22	104	72	0	0	0	0
40010	50141	23	75	62	0	0	0	0
40011	50141	24	67	39	0	0	0	0
40012	50141	25	92	22	0	0	0	0
40013	50142	22	33	32	0	0	0	0
40014	50142	23	28	54	0	0	0	0
40015	50142	24	24	76	0	0	0	0
40016	50142	25	28	98	0	0	0	0
40017	50142	22	48	71	0	0	0	0
40018	50142	23	67	89	0	0	0	0
40019	50142	24	87	96	0	0	0	0
40020	50142	25	107	107	0	0	0	0
40021	50142	22	104	72	0	0	0	0
40022	50142	23	75	62	0	0	0	0
40023	50142	24	67	39	0	0	0	0
40024	50142	25	92	22	0	0	0	0
40025	50143	22	33	32	0	0	0	0
40026	50143	23	28	54	0	0	0	0
40027	50143	24	24	76	0	0	0	0
40028	50143	25	28	98	0	0	0	0
40029	50143	22	48	71	0	0	0	0
40030	50143	23	67	89	0	0	0	0
40031	50143	24	87	96	0	0	0	0
40032	50143	25	107	107	0	0	0	0
40033	50143	22	104	72	0	0	0	0
40034	50143	23	75	62	0	0	0	0
40035	50143	24	67	39	0	0	0	0
40036	50143	25	92	22	0	0	0	0
40037	50144	22	33	32	0	0	0	0
40038	50144	23	28	54	0	0	0	0
40039	50144	24	24	76	0	0	0	0
40040	50144	25	28	98	0	0	0	0
40041	50144	22	48	71	0	0	0	0
40042	50144	23	67	89	0	0	0	0
40043	50144	24	87	96	0	0	0	0
40044	50144	25	107	107	0	0	0	0
40045	50144	22	104	72	0	0	0	0
40046	50144	23	75	62	0	0	0	0
40047	50144	24	67	39	0	0	0	0
40048	50144	25	92	22	0	0	0	0
40049	50145	22	33	32	0	0	0	0
40050	50145	23	28	54	0	0	0	0
40051	50145	24	24	76	0	0	0	0
40052	50145	25	28	98	0	0	0	0
40053	50145	22	48	71	0	0	0	0
40054	50145	23	67	89	0	0	0	0
40055	50145	24	87	96	0	0	0	0
40056	50145	25	107	107	0	0	0	0
40057	50145	22	104	72	0	0	0	0
40058	50145	23	75	62	0	0	0	0
40059	50145	24	67	39	0	0	0	0
40060	50145	25	92	22	0	0	0	0
40061	50146	22	33	32	0	0	0	0
40062	50146	23	28	54	0	0	0	0
40063	50146	24	24	76	0	0	0	0
40064	50146	25	28	98	0	0	0	0
40065	50146	22	48	71	0	0	0	0
40066	50146	23	67	89	0	0	0	0
40067	50146	24	87	96	0	0	0	0
40068	50146	25	107	107	0	0	0	0
40069	50146	22	104	72	0	0	0	0
40070	50146	23	75	62	0	0	0	0
40071	50146	24	67	39	0	0	0	0
40072	50146	25	92	22	0	0	0	0
40073	50147	22	33	32	0	0	0	0
40074	50147	23	28	54	0	0	0	0
40075	50147	24	24	76	0	0	0	0
40076	50147	25	28	98	0	0	0	0
40077	50147	22	48	71	0	0	0	0
40078	50147	23	67	89	0	0	0	0
40079	50147	24	87	96	0	0	0	0
40080	50147	25	107	107	0	0	0	0
40081	50147	22	104	72	0	0	0	0
40082	50147	23	75	62	0	0	0	0
40083	50147	24	67	39	0	0	0	0
40084	50147	25	92	22	0	0	0	0
40085	50148	22	33	32	0	0	0	0
40086	50148	23	28	54	0	0	0	0
40087	50148	24	24	76	0	0	0	0
40088	50148	25	28	98	0	0	0	0
40089	50148	22	48	71	0	0	0	0
40090	50148	23	67	89	0	0	0	0
40091	50148	24	87	96	0	0	0	0
40092	50148	25	107	107	0	0	0	0
40093	50148	22	104	72	0	0	0	0
40094	50148	23	75	62	0	0	0	0
40095	50148	24	67	39	0	0	0	0
40096	50148	25	92	22	0	0	0	0
40097	50149	22	33	32	0	0	0	0
40098	50149	23	28	54	0	0	0	0
40099	50149	24	24	76	0	0	0	0
40100	50149	25	28	98	0	0	0	0
40101	50149	22	48	71	0	0	0	0
40102	50149	23	67	89	0	0	0	0
40103	50149	24	87	96	0	0	0	0
40104	50149	25	107	107	0	0	0	0
40105	50149	22	104	72	0	0	0	0
40106	50149	23	75	62	0	0	0	0
40107	50149	24	67	39	0	0	0	0
40108	50149	25	92	22	0	0	0	0
40109	50150	22	33	32	0	0	0	0
40110	50150	23	28	54	0	0	0	0
40111	50150	24	24	76	0	0	0	0
40112	50150	25	28	98	0	0	0	0
40113	50150	22	48	71	0	0	0	0
40114	50150	23	67	89	0	0	0	0
40115	50150	24	87	96	0	0	0	0
40116	50150	25	107	107	0	0	0	0
40117	50150	22	104	72	0	0	0	0
40118	50150	23	75	62	0	0	0	0
40119	50150	24	67	39	0	0	0	0
40120	50150	25	92	22	0	0	0	0
100000	50154	31000	40	37	0	0	0	0
100001	50157	31001	40	37	0	0	0	0
100002	50158	31002	40	37	0	0	0	0
100003	50172	31003	40	37	0	0	0	0
110000	50162	34001	31	35	0	0	0	0
110001	50163	34002	31	35	0	0	0	0
110002	50164	34003	31	35	0	0	0	0
110003	50165	34004	31	35	0	0	0	0
110004	50166	34005	31	35	0	0	0	0
110005	50167	34006	29	30	0	0	0	0
200000	50102	32000	146	31	0	0	0	0
200001	50103	32000	30	58	0	0	0	0
200002	50092	32000	17	45	0	0	0	0
200003	50094	32000	70	28	0	0	0	0
200004	50131	32001	61	55	0	0	0	0
200005	50132	32001	80	70	0	0	0	0
200006	50052	32001	16	70	0	0	0	0
200007	50093	32001	23	90	0	0	0	0
200008	50139	32002	68	60	0	0	0	0
200009	50155	32002	92	30	0	0	0	0
200010	50159	32002	111	45	0	0	0	0
200011	50160	32002	77	17	0	0	0	0
200012	50070	32003	31	42	0	0	0	0
200013	50071	32003	37	44	0	0	0	0
200014	50072	32003	15	48	0	0	0	0
200015	50073	32003	106	48	0	0	0	0
201001	51005	36011	31	35	0	0	0	0
201002	51010	36012	31	35	0	0	0	0
201003	51015	36013	31	35	0	0	0	0
201004	51020	36014	31	35	0	0	0	0
201005	51025	36015	31	35	0	0	0	0
201006	51030	36016	31	35	0	0	0	0
201007	51035	36017	31	35	0	0	0	0
201008	51040	36018	31	35	0	0	0	0
201009	51045	36019	31	35	0	0	0	0
201010	51050	36020	31	35	0	0	0	0
201011	51055	36021	31	35	0	0	0	0
201012	51060	36022	31	35	0	0	0	0
201013	51065	36023	31	35	0	0	0	0
201014	51070	36024	31	35	0	0	0	0
201015	51075	36025	31	35	0	0	0	0
201016	51080	36026	31	35	0	0	0	0
201017	51085	36027	31	35	0	0	0	0
201018	51090	36028	31	35	0	0	0	0
201019	51095	36029	31	35	0	0	0	0
201020	51100	36030	31	35	0	0	0	0
202002	80001	50001	33	106	0	0	0	0
300001	50002	60001	24	112	0	0	0	0
300002	50002	60002	31	111	0	0	0	0
300003	50002	60003	37	111	0	0	0	0
300004	50002	60004	44	114	0	0	0	0
300005	50002	60005	52	112	0	0	0	0
300006	50002	60006	58	110	0	0	0	0
300007	50002	60007	64	108	0	0	0	0
300008	50002	60008	70	102	0	0	0	0
300009	50002	60009	76	96	0	0	0	0
300010	50002	60010	70	88	0	0	0	0
300011	50002	60011	70	80	0	0	0	0
300012	50002	60012	74	72	0	0	0	0
300013	50002	60013	78	68	0	0	0	0
300014	50002	60014	83	63	0	0	0	0
300015	50002	60015	77	57	0	0	0	0
300016	50002	60016	71	51	0	0	0	0
300017	50002	60017	77	45	0	0	0	0
300018	50002	60018	77	37	0	0	0	0
300019	50002	60019	83	31	0	0	0	0
300020	50002	60020	91	30	0	0	0	0
300021	50002	60021	95	30	0	0	0	0
300022	50002	60022	99	34	0	0	0	0
300023	50002	60023	105	30	0	0	0	0
300024	50002	60024	111	26	0	0	0	0
300025	50002	60025	117	30	0	0	0	0
300026	50002	60026	114	39	0	0	0	0
300027	50002	60027	110	45	0	0	0	0
300028	50002	60028	102	47	0	0	0	0
300029	50002	60029	94	47	0	0	0	0
300030	50002	60030	94	53	0	0	0	0
300031	50002	60031	94	60	0	0	0	0
300032	50002	60032	94	66	0	0	0	0
300033	50002	60033	102	64	0	0	0	0
300034	50002	60034	107	66	0	0	0	0
300035	50002	60035	113	72	0	0	0	0
300036	50002	60036	120	75	0	0	0	0
300037	50002	60037	125	78	0	0	0	0
300038	50002	60038	130	81	0	0	0	0
300039	50002	60039	132	70	0	0	0	0
300040	50002	60040	139	67	0	0	0	0
300041	50002	60041	143	69	0	0	0	0
300042	50002	60042	140	76	0	0	0	0
300043	50002	60043	140	82	0	0	0	0
300044	50002	60044	140	87	0	0	0	0
300045	50002	60045	141	94	0	0	0	0
300046	50002	60046	141	102	0	0	0	0
300047	50002	60047	141	108	0	0	0	0
300048	50002	60048	132	113	0	0	0	0
300049	50002	60049	141	117	0	0	0	0
300050	50002	60050	149	115	0	0	0	0
300051	50002	60051	155	115	0	0	0	0
300052	50002	60052	155	121	0	0	0	0
300053	50002	60053	149	126	0	0	0	0
300054	50002	60054	152	87	0	0	0	0
300055	50002	60055	158	87	0	0	0	0
300056	50002	60056	163	89	0	0	0	0
300057	50002	60057	165	81	0	0	0	0
300058	50002	60058	173	81	0	0	0	0
300059	50002	60059	173	85	0	0	0	0
300060	50002	60060	173	90	0	0	0	0
300061	50002	60061	178	91	0	0	0	0
300062	50002	60062	178	85	0	0	0	0
300063	50002	60063	178	79	0	0	0	0
300064	50002	60064	182	79	0	0	0	0
300065	50002	60065	186	84	0	0	0	0
300066	50002	60066	117	41	0	0	0	0
300067	50002	60067	123	36	0	0	0	0
300068	50002	60068	123	28	0	0	0	0
300069	50002	60069	103	54	0	0	0	0
300070	50002	60070	105	58	0	0	0	0
300071	50002	60071	111	62	0	0	0	0
