INT	INT	INT	INT	STRING	STRING	INT	INT	INT	INT	STRING	STRING	INT	INT	INT	INT	INT	INT	INT	INT	INT	INT	INT	INT	INT	STRING	STRING	STRING	STRING	INT
id	groupid	attack_type	Level	name	desc	beneficial	special	duration	interval	attr	icon	display	Color	ShowTime	attack_modify_base	IsControl	Hp	HpPercentage	shieldValue	shieldRatio	trigType	trigTimes	Disperse	Source	Body	AddBuffEffect	RemoveBuffEffect	specialEffect	Fighting
4	1	0	1	眩晕	|进入|#00FF00|2||秒眩晕状态，不可使用任何技能。	0	2	1500	0	0	17	1	0	1	0	1	0	0	0	0	0	0	0	0	-1	-1	-1	-1	0
11	999	0	1	冰冻	|进入|#00FF00|1.5||秒冰冻状态，不可做任何操作。	0	9	1500	0	0	16	1	2	1	0	1	0	0	0	0	0	0	0	0	-1	-1	-1	-1	0
12	998	0	1	冰冻	|进入|#00FF00|3||秒冰冻状态，冰冻期间不能移动和攻击。	0	9	10000	0	0	17	1	2	1	0	1	0	0	0	0	0	0	0	0	-1	-1	-1	-1	0
89	2	0	1	黄金至尊披萨	打怪经验提高200%，可以其他多倍经验药水效果叠加。	1	0	3600000	3600000	102:0:200	6	1	0	1	0	0	0	0	0	0	0	0	0	0	-1	-1	-1	-1	0
90	3	0	1	至尊披萨	打怪经验提高100%，可以其他多倍经验药水效果叠加。	1	0	3600000	3600000	102:0:100	7	1	0	1	0	0	0	0	0	0	0	0	0	0	-1	-1	-1	-1	0
91	4	0	1	1.5经验药水	|打怪经验提高50%	1	0	3600000	3600000	102:0:50	8	1	0	1	0	0	0	0	0	0	0	0	0	0	-1	-1	-1	-1	0
92	5	0	1	2倍经验药水	|打怪经验提高100%	1	0	3600000	3600000	102:0:100	9	1	0	1	0	0	0	0	0	0	0	0	0	0	-1	-1	-1	-1	0
93	6	0	1	3倍经验药水	|打怪经验提高200%	1	0	3600000	3600000	102:0:200	10	1	0	1	0	0	0	0	0	0	0	0	0	0	-1	-1	-1	-1	0
94	7	0	1	5倍经验药水	|打怪经验提高400%	1	0	3600000	3600000	102:0:400	11	1	0	1	0	0	0	0	0	0	0	0	0	0	-1	-1	-1	-1	0
95	8	0	1	10倍经验药水	|打怪经验提高900%	1	0	3600000	3600000	102:0:900	12	1	0	1	0	0	0	0	0	0	0	0	0	0	-1	-1	-1	-1	0
601	9	0	1	冰冻	|冰封|#00FF00|3||秒，冰封期间不能移动。	0	5	3000	0	0	16	1	0	1	0	1	0	0	0	0	0	0	0	0	-1	-1	-1	-1	0
602	10	0	1	冰冻	|冰封|#00FF00|4||秒，冰封期间不能移动。	0	5	4000	0	0	16	1	0	1	0	1	0	0	0	0	0	0	0	0	-1	-1	-1	-1	0
603	11	0	1	冰冻	|冰封|#00FF00|5.4||秒，冰封期间不能移动。	0	5	5400	0	0	16	1	0	1	0	1	0	0	0	0	0	0	0	0	-1	-1	-1	-1	0
701	12	0	1	晕眩	|进入|#00FF00|3.6||秒眩晕状态，不可使用任何技能。	0	2	3600	0	0	17	1	0	1	0	1	0	0	0	0	0	0	0	0	-1	-1	-1	-1	0
702	13	0	1	晕眩	|进入|#00FF00|4||秒眩晕状态，不可使用任何技能。	0	2	4000	0	0	17	1	0	1	0	1	0	0	0	0	0	0	0	0	-1	-1	-1	-1	0
801	14	0	1	减速	|降低速度|#00FF00|50||%，持续|#00FF00|5||秒。	0	0	5000	0	15:-5000:0	20	1	0	1	0	1	0	0	0	0	0	0	0	0	-1	-1	-1	-1	0
802	15	0	1	加速	|加快速度|#00FF00|50||%，持续|#00FF00|3||秒。	0	0	3000	0	15:5000:0	20	1	0	1	0	0	0	0	0	0	0	0	0	0	-1	-1	-1	-1	0
803	16	0	1	减速90	|降低速度|#00FF00|90||%，持续|#00FF00|5||秒。	0	0	5000	0	15:-9000:0	20	1	0	1	0	1	0	0	0	0	0	0	0	0	-1	-1	-1	-1	0
901	17	0	1	钢铁汽水	|恢复	1	0	100	90	0	36	0	0	1	0	0	0	10	0	0	0	0	0	0	-1	-1	-1	-1	0
902	18	0	1	钢铁汽水	|铜墙铁壁	1	0	10000	10000	6:0:1000	37	1	0	1	0	0	0	0	0	0	0	0	0	0	-1	-1	-1	-1	0
903	19	0	1	橘子汽水	|恢复	1	0	100	90	0	38	0	0	1	0	0	5000	0	0	0	0	0	0	0	-1	-1	-1	-1	0
904	20	0	1	橘子汽水	|暴击气泡	1	0	10000	10000	21:0:100	39	1	0	1	0	0	0	0	0	0	0	0	0	0	-1	-1	-1	-1	0
905	905	0	1	半小时攻击药水	|使用后增加伤害20%	1	0	1800000	0	4:2000:0|5:2000:0	39	1	0	1	0	0	0	0	0	0	0	0	0	0	-1	-1	-1	-1	0
120	19	0	1	生命天赋	|增加|#00FF00|%SZ1||生命值	1	0	600000	0	1:0:0	5	1	0	1	0	0	0	0	0	0	0	0	0	0	-1	-1	-1	-1	0
121	20	0	1	物攻天赋	|增加|#00FF00|%SZ1||最大物攻	1	0	600000	0	6:0:0	18	1	0	1	0	0	0	0	0	0	0	0	0	0	-1	-1	-1	-1	0
122	21	0	1	魔攻天赋	|增加|#00FF00|%SZ1||最大魔攻	1	0	600000	0	8:0:0	19	1	0	1	0	0	0	0	0	0	0	0	0	0	-1	-1	-1	-1	0
123	22	0	1	物防天赋	|增加|#00FF00|%SZ1||物防	1	0	600000	0	9:0:0	2	1	0	1	0	0	0	0	0	0	0	0	0	0	-1	-1	-1	-1	0
124	23	0	1	魔防天赋	|增加|#00FF00|%SZ1||魔防	1	0	600000	0	10	13	1	0	1	0	0	0	0	0	0	0	0	0	0	-1	-1	-1	-1	0
125	24	0	1	战斗力天赋	|增加|#00FF00|%SZ1||战斗力	1	0	600000	0	20	13	1	0	1	0	0	0	0	0	0	0	0	0	0	-1	-1	-1	-1	0
126	25	0	1	军团复仇	|在军团战活动中极大增加生命和伤害加成	1	0	1800000	0	1:10000:0|17:0:3000	13	1	0	1	0	0	0	0	0	0	0	0	0	0	-1	-1	-1	-1	0
127	26	0	1	灵魂链接	|每只出战幻兽替主人承受10%伤害。	1	28	1800000	0	0	13	1	0	1	0	0	0	0	0	0	0	0	0	0	-1	-1	-1	-1	0
128	27	0	1	魔甲护体	|增加|#00FF00|%SZ1||防御，增加|#00FF00|%SZ2||魔防	1	0	1800000	0	9:0:0|10	88	1	0	1	0	0	0	0	0	0	0	0	0	0	-1	-1	-1	-1	0
129	28	0	1	无敌	|犹如霸王附体，解除自身一切不良状态。	1	3	100	0	0	3	1	0	1	0	0	0	0	0	0	0	0	0	0	-1	-1	-1	-1	0
130	29	0	1	加速	|加速|#00FF00|30||%，持续|#00FF00|5||秒。	1	26	5000	5000	19:3000:0	20	1	0	1	0	0	0	0	0	0	0	0	0	0	-1	-1	-1	-1	0
131	30	0	1	减速	|减速|#00FF00|60||%，持续|#00FF00|5||秒。	0	6	5000	5000	19:-6000:0	20	1	0	1	0	0	0	0	0	0	0	0	0	0	-1	-1	-1	-1	0
132	31	0	1	晕睡	|晕睡|#00FF00|4||秒，晕睡期间不能移动。	0	2	4000	0	0	16	1	0	1	0	0	0	0	0	0	0	0	0	0	-1	-1	-1	-1	0
133	32	0	1	眩晕	|进入|#00FF00|1||秒眩晕状态，不可使用任何技能。	0	2	1000	0	0	17	1	0	1	0	0	0	0	0	0	0	0	0	0	-1	-1	-1	-1	0
134	33	0	1	眩晕	|进入|#00FF00|2.1||秒眩晕状态，不可使用任何技能。	0	2	2100	0	0	17	1	0	1	0	0	0	0	0	0	0	0	0	0	-1	-1	-1	-1	0
135	34	0	1	军团烈酒	|军团之光经验加成|#00FF00|100||%，持续|#00FF00|10||分钟。	1	0	600000	600000	0	82	1	0	1	0	0	0	0	0	0	0	0	0	0	-1	-1	-1	-1	0
136	35	0	1	飞天神驹	人物速度降低30%	1	6	1800000	1800000	19:-3000:0	-1	0	0	1	0	0	0	0	0	0	0	0	0	0	-1	-1	-1	-1	0
137	36	0	1	PK保护中	当前不会受到其他玩家的攻击\n切换为非和平模式会取消PK保护效果	1	0	5400000	0	0	50	1	0	1	0	0	0	0	0	0	0	0	0	0	-1	-1	-1	-1	0
150	37	0	1	断筋	无法移动，持续5秒，冷却时间30秒	0	30	5000	0	19:-10000:0	50	1	0	1	0	1	0	0	0	0	0	0	0	0	-1	-1	-1	-1	0
151	38	0	1	冰封	移动速度降低60%，持续5秒，冷却时间20秒	0	0	5000	0	19:-6000:0	50	1	2	1	0	1	0	0	0	0	0	0	0	0	-1	-1	-1	-1	0
152	39	0	1	灼伤	每秒造成200000烧伤伤害，持续5秒，冷却时间30秒	0	9	5000	1000	31:0:-200000	50	1	0	1	0	0	0	0	0	0	0	0	0	0	-1	-1	-1	-1	0
153	40	0	1	保护	强力保护，受到的伤害大幅降低	1	0	10000	10000	18:0:10000000	51	1	6	1	0	0	0	0	0	0	0	0	0	0	-1	-1	-1	-1	0
154	41	0	1	石化	变成石头无法行动，持续6秒	0	2	6000	6000	0	52	1	5	1	0	0	0	0	0	0	0	0	0	0	-1	-1	-1	-1	0
155	42	0	1	巫毒	受到巫毒效果，物防降低80%，每2秒减少最大生命的2%，持续10秒	0	0	10000	2000	9:-8000:0|31:-200:0	53	1	1	1	0	0	0	0	0	0	0	0	0	0	-1	-1	-1	-1	0
156	43	0	1	剧毒	受到剧毒效果，每2秒减少最大生命的5%，持续10秒	0	0	10000	2000	31:-500:0	54	1	3	1	0	0	0	0	0	0	0	0	0	0	-1	-1	-1	-1	0
157	44	0	1	寒毒	受到寒毒效果，移动速度下降80%，每2秒减少最大生命的5%，持续10秒	0	0	10000	2000	19:-8000:0|31:-500:0	55	1	2	1	0	0	0	0	0	0	0	0	0	0	-1	-1	-1	-1	0
158	45	0	1	灼伤	受到灼伤效果，每2秒减少最大生命的3%，持续10秒	0	9	10000	2000	31:-300:0	56	1	0	1	0	0	0	0	0	0	0	0	0	0	-1	-1	-1	-1	0
159	46	0	1	伤害加成	鼓舞伤害加成	1	0	900000	0	17:0:0	13	1	0	1	0	0	0	0	0	0	0	0	0	0	-1	-1	-1	-1	0
160	47	0	1	躲避追踪	持续时间内别人用追踪令将无法追踪到你的精确位置。	1	0	1800000	1800000	0	13	1	0	1	0	0	0	0	0	0	0	0	0	0	-1	-1	-1	-1	0
161	48	0	1	生命药水(小)	增加20%生命上限	1	0	600000	600000	1:2000:0	63	1	0	1	0	0	0	0	0	0	0	0	0	0	-1	-1	-1	-1	0
162	48	0	1	生命药水(大)	增加50%生命上限	1	0	600000	600000	1:5000:0	64	1	0	1	0	0	0	0	0	0	0	0	0	0	-1	-1	-1	-1	0
163	50	0	1	攻击药水(小)	增加20%伤害加成	1	0	600000	600000	17:0:2000	65	1	0	1	0	0	0	0	0	0	0	0	0	0	-1	-1	-1	-1	0
164	50	0	1	攻击药水(大)	增加50%伤害加成	1	0	600000	600000	17:0:5000	66	1	0	1	0	0	0	0	0	0	0	0	0	0	-1	-1	-1	-1	0
165	52	0	1	战斗力药水(小)	增加200点战斗力	1	0	600000	600000	20	67	1	0	1	0	0	0	0	0	0	0	0	0	0	-1	-1	-1	-1	0
166	52	0	1	战斗力药水(大)	增加500点战斗力	1	0	600000	600000	20	68	1	0	1	0	0	0	0	0	0	0	0	0	0	-1	-1	-1	-1	0
167	54	0	1	物防药水(小)	增加20%物防	1	0	600000	600000	9:2000:0	69	1	0	1	0	0	0	0	0	0	0	0	0	0	-1	-1	-1	-1	0
168	54	0	1	物防药水(大)	增加50%物防	1	0	600000	600000	9:5000:0	70	1	0	1	0	0	0	0	0	0	0	0	0	0	-1	-1	-1	-1	0
169	56	0	1	扛旗BUFF	移动速度降低50%	0	6	500000	500000	19:-5000:0	29	1	0	1	0	0	0	0	0	0	0	0	0	0	-1	-1	-1	-1	0
170	57	0	1	复仇BUFF	|伤害减免|#00FF00|%SZ1||%，伤害加成|#00FF00|%SZ2||%	1	0	1800000	1800000	18:0:0|17:0:0	83	1	0	0	0	0	0	0	0	0	0	0	0	0	-1	-1	-1	-1	0
171	58	0	1	战士克星	对战士伤害加成50%，受到战士伤害减免50%	1	0	500000	500000	0	84	1	0	0	0	0	0	0	0	0	0	0	0	0	-1	-1	-1	-1	0
172	59	0	1	法师克星	对法师伤害加成50%，受到法师伤害减免50%	1	0	500000	500000	0	84	1	0	0	0	0	0	0	0	0	0	0	0	0	-1	-1	-1	-1	0
173	60	0	1	龙骑克星	对龙骑伤害加成50%，受到龙骑伤害减免50%	1	0	500000	500000	0	84	1	0	0	0	0	0	0	0	0	0	0	0	0	-1	-1	-1	-1	0
174	61	0	1	黑暗降临	视野大幅度降低，持续时间10秒	0	10	10000	0	0	57	1	0	1	0	0	0	0	0	0	0	0	0	0	-1	-1	-1	-1	0
175	62	0	1	魔防药水(小)	增加20%魔防	1	0	600000	600000	10:2000:0	71	1	0	1	0	0	0	0	0	0	0	0	0	0	-1	-1	-1	-1	0
176	63	0	1	魔防药水(大)	增加50%魔防	1	0	600000	600000	10:5000:0	72	1	0	1	0	0	0	0	0	0	0	0	0	0	-1	-1	-1	-1	0
177	64	0	1	血脉之力	增加50%伤害，持续时间10秒	1	0	10000	10000	15:0:500	206	1	4	1	0	0	0	0	0	0	0	0	0	0	-1	-1	-1	-1	0
178	65	0	1	金属皮肤	皮肤暂时变成金属，受到伤害大幅降低，持续时间10秒	1	0	10000	10000	16:0:900	211	1	6	1	0	0	0	0	0	0	0	0	0	0	-1	-1	-1	-1	0
179	66	0	1	石化	变成一块石头无法行动，但物理防御大幅提高，持续时间10秒	0	8	10000	10000	6:0:500000|7:0:500000	52	1	5	1	0	0	0	0	0	0	0	0	0	0	-1	-1	-1	-1	0
180	67	0	1	沉睡	吃了安眠药睡着，被攻击恢复，持续时间10秒	0	6	10000	10000	0	17	1	1	1	0	0	0	0	0	0	0	0	0	0	-1	-1	-1	-1	0
181	68	0	1	冻疮	被寒冷冻气冻伤，移动速度下降80%，持续5秒	0	0	5000	5000	12:-8000:0	87	1	2	1	0	0	0	0	0	0	0	0	0	0	-1	-1	-1	-1	0
182	182	0	1	愈合	每秒恢复10%的血量,持续5秒	1	0	5000	1000	0	54	1	3	1	0	0	0	10	0	0	0	0	0	0	-1	-1	-1	-1	0
183	70	0	1	善之灵	受到善之灵祝福，恢复大量生命，持续3秒	1	33	10000	1000	31:0:500000	62	1	0	1	0	0	0	0	0	0	0	0	0	0	-1	-1	-1	-1	0
184	71	0	1	狂暴	怒气大涨，造成伤害提升500%，移动速度降低80%，持续20秒	1	0	20000	0	6:50000:0|19:-8000:0	80	1	4	1	0	0	0	0	0	0	0	0	0	0	-1	-1	-1	-1	0
185	72	0	1	复仇之血	被复仇的意志所控制，造成伤害提升200%，伤害减免提升50%	1	116	1800000	0	6:20000:0|5:20000:0	81	1	0	1	0	0	0	0	0	0	0	0	0	0	-1	-1	-1	-1	0
186	73	0	1	晕眩	被雪球砸晕了，暂时无法移动。	0	2	5000	0	0	17	1	0	1	0	0	0	0	0	0	0	0	0	0	-1	-1	-1	-1	0
187	74	0	1	钝化诅咒	受到钝化诅咒影响，物理攻击降低80%，持续20秒	0	35	20000	0	5:-8000:0|6:-8000:0	73	1	0	1	0	0	0	0	0	0	0	0	0	0	-1	-1	-1	-1	0
188	75	0	1	痛苦加剧	受到痛苦加剧效果，被攻击受到更多伤害，持续20秒	0	37	20000	0	9:-10000:0	61	1	0	1	0	0	0	0	0	0	0	0	0	0	-1	-1	-1	-1	0
189	76	0	1	重生十字章	可立即抵消一次死亡效果，立即满血重生人物和死亡的幻兽。升级十字章可降低重生冷却时间。	0	0	864000000	864000000	0	74	1	0	0	0	0	0	0	0	0	0	0	0	0	-1	-1	-1	-1	0
190	77	0	1	狂暴	怒气大涨，造成伤害提升500%，移动速度降低80%，持续20秒	1	0	20000	0	8:50000:0|19:-8000:0	80	1	4	1	0	0	0	0	0	0	0	0	0	0	-1	-1	-1	-1	0
191	78	0	1	物攻抗性	可以对物理攻击产生50%的减伤	1	0	600000	600000	25:0:50	85	1	0	0	0	0	0	0	0	0	0	0	0	0	-1	-1	-1	-1	0
192	79	0	1	魔攻抗性	可以对魔法攻击产生50%的减伤	1	0	600000	600000	26:0:50	86	1	0	0	0	0	0	0	0	0	0	0	0	0	-1	-1	-1	-1	0
193	80	0	1	冰封万里	|并造成减速|#00FF00|30||%，持续|#00FF00|4||秒。	0	6	4000	4000	19:-3000:0	87	1	0	1	0	0	0	0	0	0	0	0	0	0	-1	-1	-1	-1	0
194	52	0	1	战斗力药水(大)	增加500点战斗力	1	0	86400000	86400000	20	68	1	0	1	0	0	0	0	0	0	0	0	0	0	-1	-1	-1	-1	0
195	87	0	1	畏惧	受到攻击，移动速度降低95%	0	0	3000	3000	19:-9500:0	59	1	0	1	0	0	0	0	0	0	0	0	0	0	-1	-1	-1	-1	0
196	88	0	1	无敌	无敌状态，伤害大幅提高	1	0	30000	30000	18:0:10000000|17:0:10000000	60	1	6	1	0	0	0	0	0	0	0	0	0	0	-1	-1	-1	-1	0
197	197	0	1	自爆	造成30%当前血量伤害	0	0	100	100	0	206	0	1	0	10000	0	0	50	0	0	0	0	0	0	-1	-1	-1	-1	0
202	202	0	1	暗影愈合	每秒恢复基础伤害50%的血量	1	0	5000	1000	0	85	1	1	1	5000	0	0	0	0	0	0	0	0	0	-1	-1	-1	-1	0
203	203	0	1	眩晕	|进入|#00FF00|0.5||秒眩晕状态，不可使用任何技能。	0	1	500	0	0	17	1	0	1	0	1	0	0	0	0	0	0	1	0	-1	-1	-1	-1	0
204	204	0	2	眩晕	|进入|#00FF00|0.75||秒眩晕状态，不可使用任何技能。	0	1	750	0	0	17	1	0	1	0	1	0	0	0	0	0	0	1	0	-1	-1	-1	-1	0
205	205	0	3	眩晕	|进入|#00FF00|1.0||秒眩晕状态，不可使用任何技能。	0	1	1000	0	0	17	1	0	1	0	1	0	0	0	0	0	0	1	0	-1	-1	-1	-1	0
206	206	0	4	眩晕	|进入|#00FF00|1.5||秒眩晕状态，不可使用任何技能。	0	1	1500	0	0	17	1	0	1	0	1	0	0	0	0	0	0	1	0	-1	-1	-1	-1	0
207	207	0	5	眩晕	|进入|#00FF00|2||秒眩晕状态，不可使用任何技能。	0	1	2000	0	0	17	1	0	1	0	1	0	0	0	0	0	0	1	0	-1	-1	-1	-1	0
208	208	0	1	冰霜	移动速度降低30%，持续3秒	0	100	3000	0	33:-3000:0	50	1	0	1	0	1	0	0	0	0	0	0	1	0	-1	-1	-1	-1	0
209	208	0	2	冰霜	移动速度降低40%，持续3秒	0	100	3000	0	33:-4000:0	50	1	0	1	0	1	0	0	0	0	0	0	1	0	-1	-1	-1	-1	0
210	208	0	3	冰霜	移动速度降低50%，持续3秒	0	100	3000	0	33:-5000:0	50	1	0	1	0	1	0	0	0	0	0	0	1	0	-1	-1	-1	-1	0
211	211	0	1	冰冻	|进入|#00FF00|3||秒冰冻状态，可以使用技能但无法移动。	0	3	3000	0	0	17	1	0	1	0	1	0	0	0	0	0	0	1	0	-1	-1	-1	-1	0
212	212	0	1	伤害封印	伤害降低	0	0	3600000	0	4:-5000:0|5:-5000:0	17	1	0	0	0	0	0	0	0	0	0	0	0	0	-1	-1	-1	-1	0
213	213	0	1	防御封印	防御降低	0	0	3600000	0	8:-8000:0	17	1	0	0	0	0	0	0	0	0	0	0	0	0	-1	-1	-1	-1	0
214	214	0	1	血量封印	血量上限减少	0	0	3600000	0	1:-9000:0	17	1	0	0	0	0	0	0	0	0	0	0	0	0	-1	-1	-1	-1	0
215	215	0	1	攻速1	攻击速度提升100	1	0	600000	0	34:0:100	17	1	0	0	0	0	0	0	0	0	0	0	0	0	-1	-1	-1	-1	0
216	216	0	1	攻速2	攻击速度提升300	1	0	600000	0	34:0:300	17	1	0	0	0	0	0	0	0	0	0	0	0	0	-1	-1	-1	-1	0
217	217	0	1	鼓舞1级	生命伤害提高10%	1	0	1800000	0	1:1000:0|4:1000:0|5:1000:0	80	1	3	1	0	0	0	0	0	0	0	0	0	0	-1	-1	-1	-1	0
218	217	0	2	鼓舞2级	生命伤害提高20%	1	0	1800000	0	1:2000:0|4:2000:0|5:2000:0	80	1	3	1	0	0	0	0	0	0	0	0	0	0	-1	-1	-1	-1	0
219	217	0	3	鼓舞3级	生命伤害提高30%	1	0	1800000	0	1:3000:0|4:3000:0|5:3000:0	80	1	2	1	0	0	0	0	0	0	0	0	0	0	-1	-1	-1	-1	0
220	220	0	1	新手守护	受到伤害大幅降低，持续时间30秒	1	0	30000	0	16:0:950	211	1	0	1	0	0	0	0	0	0	0	0	0	0	-1	-1	-1	-1	0
232	232	0	1	狼图腾	增加50%生命上限	1	0	1800000	0	1:5000:0	209	1	0	1	0	0	0	0	0	0	0	0	0	0	-1	-1	-1	-1	0
233	233	0	1	狮图腾	增加30%伤害加成	1	0	1800000	0	15:0:300	206	1	0	1	0	0	0	0	0	0	0	0	0	0	-1	-1	-1	-1	0
234	234	0	1	虎图腾	增加30%伤害减免	1	0	1800000	0	16:0:300	212	1	0	1	0	0	0	0	0	0	0	0	0	0	-1	-1	-1	-1	0
235	235	0	1	风云碑	增加30%移动速度	1	0	1800000	0	12:3000:0	207	1	0	1	0	0	0	0	0	0	0	0	0	0	-1	-1	-1	-1	0
236	232	0	5	金币鼓舞1级	生命伤害提高50%	1	0	1800000	0	1:5000:0|4:5000:0|5:5000:0	80	1	2	1	0	0	0	0	0	0	0	0	0	0	-1	-1	-1	-1	0
237	237	0	1	折磨	生命伤害提高50%	1	0	1800000	0	1:5000:0|4:5000:0|5:5000:0	80	1	2	1	0	0	0	0	0	0	0	0	0	0	-1	-1	-1	-1	0
238	238	0	1	折磨X	生命伤害提高100%	1	0	1800000	0	1:10000:0|4:10000:0|5:10000:0	80	1	2	1	0	0	0	0	0	0	0	0	0	0	-1	-1	-1	-1	0
239	239	0	6	眩晕	|进入|#00FF00|2.5||秒眩晕状态，不可使用任何技能。	0	1	2500	0	0	17	1	0	1	0	1	0	0	0	0	0	0	1	0	-1	-1	-1	-1	0
240	240	0	7	眩晕	|进入|#00FF00|3||秒眩晕状态，不可使用任何技能。	0	1	3000	0	0	17	1	0	1	0	1	0	0	0	0	0	0	1	0	-1	-1	-1	-1	0
300	300	0	1	圣体盾Lv1	伤害减免+10%	1	115	120000	0	16:0:100	92	1	0	1	0	0	0	0	0	0	0	0	0	0	-1	mofadunshifa	-1	-1	0
301	300	0	2	圣体盾Lv2	伤害减免+11%	1	115	130000	0	16:0:110	92	1	0	1	0	0	0	0	0	0	0	0	0	0	-1	mofadunshifa	-1	-1	0
302	300	0	3	圣体盾Lv3	伤害减免+12%	1	115	140000	0	16:0:120	92	1	0	1	0	0	0	0	0	0	0	0	0	0	-1	mofadunshifa	-1	-1	0
303	300	0	4	圣体盾Lv4	伤害减免+13%	1	115	150000	0	16:0:130	92	1	0	1	0	0	0	0	0	0	0	0	0	0	-1	mofadunshifa	-1	-1	0
304	300	0	5	圣体盾Lv5	伤害减免+15%	1	115	170000	0	16:0:150	92	1	0	1	0	0	0	0	0	0	0	0	0	0	-1	mofadunshifa	-1	-1	0
305	300	0	6	圣体盾Lv6	伤害减免+17%	1	115	190000	0	16:0:170	92	1	0	1	0	0	0	0	0	0	0	0	0	0	-1	mofadunshifa	-1	-1	0
306	300	0	7	圣体盾Lv7	伤害减免+19%	1	115	210000	0	16:0:190	92	1	0	1	0	0	0	0	0	0	0	0	0	0	-1	mofadunshifa	-1	-1	0
307	300	0	8	圣体盾Lv8	伤害减免+22%	1	115	240000	0	16:0:220	92	1	0	1	0	0	0	0	0	0	0	0	0	0	-1	mofadunshifa	-1	-1	0
308	300	0	9	圣体盾Lv9	伤害减免+25%	1	115	270000	0	16:0:250	92	1	0	1	0	0	0	0	0	0	0	0	0	0	-1	mofadunshifa	-1	-1	0
309	300	0	10	圣体盾Lv10	伤害减免+30%	1	115	300000	0	16:0:300	92	1	0	1	0	0	0	0	0	0	0	0	0	0	-1	mofadunshifa	-1	-1	0
320	320	1	1	鬼影爪Lv1	#debc6a|每秒减少|#00ff00|攻击的10%|#debc6a|生命并降低对方|#00ff00|2%|#debc6a|防御，持续11秒。	0	114	11000	1000	6:-200:0|7:-200:0	75	1	3	1	1000	0	0	0	0	0	0	0	1	0	-1	-1	-1	-1	0
321	320	1	2	鬼影爪Lv2	#debc6a|每秒减少|#00ff00|攻击的10.5%|#debc6a|生命并降低对方|#00ff00|4%|#debc6a|防御，持续12秒。	0	114	12000	1000	6:-400:0|7:-400:0	75	1	3	1	1050	0	0	0	0	0	0	0	1	0	-1	-1	-1	-1	0
322	320	1	3	鬼影爪Lv3	#debc6a|每秒减少|#00ff00|攻击的11%|#debc6a|生命并降低对方|#00ff00|6%|#debc6a|防御，持续13秒。	0	114	13000	1000	6:-600:0|7:-600:0	75	1	3	1	1100	0	0	0	0	0	0	0	1	0	-1	-1	-1	-1	0
323	320	1	4	鬼影爪Lv4	#debc6a|每秒减少|#00ff00|攻击的11.5%|#debc6a|生命并降低对方|#00ff00|8%|#debc6a|防御，持续14秒。	0	114	14000	1000	6:-800:0|7:-800:0	75	1	3	1	1150	0	0	0	0	0	0	0	1	0	-1	-1	-1	-1	0
324	320	1	5	鬼影爪Lv5	#debc6a|每秒减少|#00ff00|攻击的12%|#debc6a|生命并降低对方|#00ff00|10%|#debc6a|防御，持续15秒。	0	114	15000	1000	6:-1000:0|7:-1000:0	75	1	3	1	1200	0	0	0	0	0	0	0	1	0	-1	-1	-1	-1	0
325	320	1	6	鬼影爪Lv6	#debc6a|每秒减少|#00ff00|攻击的12.5%|#debc6a|生命并降低对方|#00ff00|12%|#debc6a|防御，持续16秒。	0	114	16000	1000	6:-1200:0|7:-1200:0	75	1	3	1	1250	0	0	0	0	0	0	0	1	0	-1	-1	-1	-1	0
326	320	1	7	鬼影爪Lv7	#debc6a|每秒减少|#00ff00|攻击的13%|#debc6a|生命并降低对方|#00ff00|14%|#debc6a|防御，持续17秒。	0	114	17000	1000	6:-1400:0|7:-1400:0	75	1	3	1	1300	0	0	0	0	0	0	0	1	0	-1	-1	-1	-1	0
327	320	1	8	鬼影爪Lv8	#debc6a|每秒减少|#00ff00|攻击的13.5%|#debc6a|生命并降低对方|#00ff00|16%|#debc6a|防御，持续18秒。	0	114	18000	1000	6:-1600:0|7:-1600:0	75	1	3	1	1350	0	0	0	0	0	0	0	1	0	-1	-1	-1	-1	0
328	320	1	9	鬼影爪Lv9	#debc6a|每秒减少|#00ff00|攻击的14%|#debc6a|生命并降低对方|#00ff00|18%|#debc6a|防御，持续19秒。	0	114	19000	1000	6:-1800:0|7:-1800:0	75	1	3	1	1400	0	0	0	0	0	0	0	1	0	-1	-1	-1	-1	0
329	320	1	10	鬼影爪Lv10	#debc6a|每秒减少|#00ff00|攻击的15%|#debc6a|生命并降低对方|#00ff00|20%|#debc6a|防御，持续20秒。	0	114	20000	1000	6:-2000:0|7:-2000:0	75	1	3	1	1500	0	0	0	0	0	0	0	1	0	-1	-1	-1	-1	0
901	901	0	1	生命药水	|每秒恢复生命值|#00FF00|5000||点	1	0	1000	1000	0	85	0	0	0	0	0	5000	0	0	0	0	0	0	0	-1	-1	-1	-1	0
902	902	0	1	跨服王者给你的温暖	增加50%伤害，持续时间10秒	1	0	604800000	10000	15:0:20	2	1	4	1	0	0	0	0	0	0	0	0	0	0	-1	-1	-1	-1	0
903	903	0	1	速度陷阱	增加30%移动速度	1	0	10000	0	12:3000:0	207	1	0	1	0	0	0	0	0	0	0	0	0	0	-1	-1	-1	-1	0
1001	1001	0	1	旋风斩Lv1	免疫控制	1	4	3000	0	33:0:30	85	1	0	1	0	0	0	0	0	0	0	0	0	0	-1	-1	-1	-1	0
1002	1001	0	1	旋风斩Lv2	免疫控制	1	4	3000	0	33:0:30	85	1	0	1	0	0	0	0	0	0	0	0	0	0	-1	-1	-1	-1	0
1003	1001	0	1	旋风斩Lv3	免疫控制	1	4	3000	0	33:0:30	85	1	0	1	0	0	0	0	0	0	0	0	0	0	-1	-1	-1	-1	0
1004	1001	0	1	旋风斩Lv4	免疫控制	1	4	3000	0	33:0:30	85	1	0	1	0	0	0	0	0	0	0	0	0	0	-1	-1	-1	-1	0
1005	1001	0	1	旋风斩Lv5	免疫控制	1	4	3000	0	33:0:30	85	1	0	1	0	0	0	0	0	0	0	0	0	0	-1	-1	-1	-1	0
1006	1001	0	1	旋风斩Lv6	免疫控制	1	4	3000	0	33:0:30	85	1	0	1	0	0	0	0	0	0	0	0	0	0	-1	-1	-1	-1	0
1007	1001	0	1	旋风斩Lv7	免疫控制	1	4	3000	0	33:0:30	85	1	0	1	0	0	0	0	0	0	0	0	0	0	-1	-1	-1	-1	0
1008	1001	0	1	旋风斩Lv8	免疫控制	1	4	3000	0	33:0:30	85	1	0	1	0	0	0	0	0	0	0	0	0	0	-1	-1	-1	-1	0
1009	1001	0	1	旋风斩Lv9	免疫控制	1	4	3000	0	33:0:30	85	1	0	1	0	0	0	0	0	0	0	0	0	0	-1	-1	-1	-1	0
1010	1001	0	1	旋风斩Lv10	免疫控制	1	4	3000	0	33:0:30	85	1	0	1	0	0	0	0	0	0	0	0	0	0	-1	-1	-1	-1	0
1101	1101	0	1	警觉Lv1	增加57.5%的防御值，持续10秒	1	106	10000	0	6:5750:0	50	1	0	1	0	0	0	0	0	0	0	0	1	0	-1	-1	-1	-1	0
1102	1101	0	2	警觉Lv2	增加60%的防御值，持续10秒	1	106	10000	0	6:6000:0	50	1	0	1	0	0	0	0	0	0	0	0	1	0	-1	-1	-1	-1	0
1103	1101	0	3	警觉Lv3	增加62.5%的防御值，持续10秒	1	106	10000	0	6:6250:0	50	1	0	1	0	0	0	0	0	0	0	0	1	0	-1	-1	-1	-1	0
1104	1101	0	4	警觉Lv4	增加65.5%的防御值，持续10秒	1	106	10000	0	6:6550:0	50	1	0	1	0	0	0	0	0	0	0	0	1	0	-1	-1	-1	-1	0
1105	1101	0	5	警觉Lv5	增加68%的防御值，持续10秒	1	106	10000	0	6:6800:0	50	1	0	1	0	0	0	0	0	0	0	0	1	0	-1	-1	-1	-1	0
1106	1101	0	6	警觉Lv6	增加73%的防御值，持续10秒	1	106	10000	0	6:7300:0	50	1	0	1	0	0	0	0	0	0	0	0	1	0	-1	-1	-1	-1	0
1107	1101	0	7	警觉Lv7	增加75.5%的防御值，持续10秒	1	106	10000	0	6:7550:0	50	1	0	1	0	0	0	0	0	0	0	0	1	0	-1	-1	-1	-1	0
1108	1101	0	8	警觉Lv8	增加78%的防御值，持续10秒	1	106	10000	0	6:7800:0	50	1	0	1	0	0	0	0	0	0	0	0	1	0	-1	-1	-1	-1	0
1109	1101	0	9	警觉Lv9	增加80.5%的防御值，持续10秒	1	106	10000	0	6:8050:0	50	1	0	1	0	0	0	0	0	0	0	0	1	0	-1	-1	-1	-1	0
1110	1101	0	10	警觉Lv10	增加86%的防御值，持续10秒	1	106	10000	0	6:8600:0	50	1	0	1	0	0	0	0	0	0	0	0	1	0	-1	-1	-1	-1	0
1201	1201	0	1	牺牲Lv1	降低血量上限，增加基础攻击和忽视闪避，持续15秒	1	0	15000	0	1:-1000:0|4:1000:0|5:1000:0|20:0:100	50	1	0	1	0	0	0	0	0	0	0	0	1	0	-1	-1	-1	-1	0
1202	1201	0	2	牺牲Lv2	降低血量上限，增加基础攻击和忽视闪避，持续15秒	1	0	15000	0	1:-1000:0|4:1100:0|5:1100:0|20:0:110	50	1	0	1	0	0	0	0	0	0	0	0	1	0	-1	-1	-1	-1	0
1203	1201	0	3	牺牲Lv3	降低血量上限，增加基础攻击和忽视闪避，持续15秒	1	0	15000	0	1:-1000:0|4:1200:0|5:1200:0|20:0:120	50	1	0	1	0	0	0	0	0	0	0	0	1	0	-1	-1	-1	-1	0
1204	1201	0	4	牺牲Lv4	降低血量上限，增加基础攻击和忽视闪避，持续15秒	1	0	15000	0	1:-1000:0|4:1300:0|5:1300:0|20:0:130	50	1	0	1	0	0	0	0	0	0	0	0	1	0	-1	-1	-1	-1	0
1205	1201	0	5	牺牲Lv5	降低血量上限，增加基础攻击和忽视闪避，持续15秒	1	0	15000	0	1:-1000:0|4:1400:0|5:1400:0|20:0:140	50	1	0	1	0	0	0	0	0	0	0	0	1	0	-1	-1	-1	-1	0
1206	1201	0	6	牺牲Lv6	降低血量上限，增加基础攻击和忽视闪避，持续15秒	1	0	15000	0	1:-1000:0|4:1600:0|5:1600:0|20:0:160	50	1	0	1	0	0	0	0	0	0	0	0	1	0	-1	-1	-1	-1	0
1207	1201	0	7	牺牲Lv7	降低血量上限，增加基础攻击和忽视闪避，持续15秒	1	0	15000	0	1:-1000:0|4:1700:0|5:1700:0|20:0:170	50	1	0	1	0	0	0	0	0	0	0	0	1	0	-1	-1	-1	-1	0
1208	1201	0	8	牺牲Lv8	降低血量上限，增加基础攻击和忽视闪避，持续15秒	1	0	15000	0	1:-1000:0|4:1800:0|5:1800:0|20:0:180	50	1	0	1	0	0	0	0	0	0	0	0	1	0	-1	-1	-1	-1	0
1209	1201	0	9	牺牲Lv9	降低血量上限，增加基础攻击和忽视闪避，持续15秒	1	0	15000	0	1:-1000:0|4:1900:0|5:1900:0|20:0:190	50	1	0	1	0	0	0	0	0	0	0	0	1	0	-1	-1	-1	-1	0
1210	1201	0	10	牺牲Lv10	降低血量上限，增加基础攻击和忽视闪避，持续15秒	1	0	15000	0	1:-1000:0|4:2200:0|5:2200:0|20:0:220	50	1	0	1	0	0	0	0	0	0	0	0	1	0	-1	-1	-1	-1	0
1401	1401	3	1	凝视Lv1	被火焰魔眼凝视，持续受到火焰伤害，持续5秒	0	108	5000	1000	0	85	1	0	1	10000	0	0	0	0	0	0	0	1	0	-1	-1	-1	-1	0
1402	1401	3	2	凝视Lv2	被火焰魔眼凝视，持续受到火焰伤害，持续5秒	0	108	5000	1000	0	85	1	0	1	11000	0	0	0	0	0	0	0	1	0	-1	-1	-1	-1	0
1403	1401	3	3	凝视Lv3	被火焰魔眼凝视，持续受到火焰伤害，持续5秒	0	108	5000	1000	0	85	1	0	1	12000	0	0	0	0	0	0	0	1	0	-1	-1	-1	-1	0
1404	1401	3	4	凝视Lv4	被火焰魔眼凝视，持续受到火焰伤害，持续5秒	0	108	5000	1000	0	85	1	0	1	13000	0	0	0	0	0	0	0	1	0	-1	-1	-1	-1	0
1405	1401	3	5	凝视Lv5	被火焰魔眼凝视，持续受到火焰伤害，持续5秒	0	108	5000	1000	0	85	1	0	1	14000	0	0	0	0	0	0	0	1	0	-1	-1	-1	-1	0
1406	1401	3	6	凝视Lv6	被火焰魔眼凝视，持续受到火焰伤害，持续5秒	0	108	5000	1000	0	85	1	0	1	16000	0	0	0	0	0	0	0	1	0	-1	-1	-1	-1	0
1407	1401	3	7	凝视Lv7	被火焰魔眼凝视，持续受到火焰伤害，持续5秒	0	108	5000	1000	0	85	1	0	1	17000	0	0	0	0	0	0	0	1	0	-1	-1	-1	-1	0
1408	1401	3	8	凝视Lv8	被火焰魔眼凝视，持续受到火焰伤害，持续5秒	0	108	5000	1000	0	85	1	0	1	18000	0	0	0	0	0	0	0	1	0	-1	-1	-1	-1	0
1409	1401	3	9	凝视Lv9	被火焰魔眼凝视，持续受到火焰伤害，持续5秒	0	108	5000	1000	0	85	1	0	1	19000	0	0	0	0	0	0	0	1	0	-1	-1	-1	-1	0
1410	1401	3	10	凝视Lv10	被火焰魔眼凝视，持续受到火焰伤害，持续5秒	0	108	5000	1000	0	85	1	0	1	22000	0	0	0	0	0	0	0	1	0	-1	-1	-1	-1	0
1501	1501	4	1	毒素Lv1	受到毒素伤害，持续5秒	0	114	5000	1000	0	50	1	3	1	4000	0	0	0	0	0	0	0	1	0	-1	-1	-1	-1	0
1502	1501	4	2	毒素Lv2	受到毒素伤害，持续5秒	0	114	5000	1000	0	50	1	3	1	4200	0	0	0	0	0	0	0	1	0	-1	-1	-1	-1	0
1503	1501	4	3	毒素Lv3	受到毒素伤害，持续5秒	0	114	5000	1000	0	50	1	3	1	4400	0	0	0	0	0	0	0	1	0	-1	-1	-1	-1	0
1504	1501	4	4	毒素Lv4	受到毒素伤害，持续5秒	0	114	5000	1000	0	50	1	3	1	4600	0	0	0	0	0	0	0	1	0	-1	-1	-1	-1	0
1505	1501	4	5	毒素Lv5	受到毒素伤害，持续5秒	0	114	5000	1000	0	50	1	3	1	4800	0	0	0	0	0	0	0	1	0	-1	-1	-1	-1	0
1506	1501	4	6	毒素Lv6	受到毒素伤害，持续5秒	0	114	5000	1000	0	50	1	3	1	5400	0	0	0	0	0	0	0	1	0	-1	-1	-1	-1	0
1507	1501	4	7	毒素Lv7	受到毒素伤害，持续5秒	0	114	5000	1000	0	50	1	3	1	5600	0	0	0	0	0	0	0	1	0	-1	-1	-1	-1	0
1508	1501	4	8	毒素Lv8	受到毒素伤害，持续5秒	0	114	5000	1000	0	50	1	3	1	5800	0	0	0	0	0	0	0	1	0	-1	-1	-1	-1	0
1509	1501	4	9	毒素Lv9	受到毒素伤害，持续5秒	0	114	5000	1000	0	50	1	3	1	6000	0	0	0	0	0	0	0	1	0	-1	-1	-1	-1	0
1510	1501	4	10	毒素Lv10	受到毒素伤害，持续5秒	0	114	5000	1000	0	50	1	3	1	6600	0	0	0	0	0	0	0	1	0	-1	-1	-1	-1	0
1701	1701	0	1	电荷Lv1	全抗性降低，持续10秒	0	0	10000	0	7:0:-79|8:0:-79|9:0:-79|10:0:-79|11:0:-79|12:0:-79	50	1	3	1	0	0	0	0	0	0	0	0	1	0	-1	-1	-1	-1	0
1702	1701	0	2	电荷Lv2	全抗性降低，持续10秒	0	0	10000	0	7:0:-117|8:0:-117|9:0:-117|10:0:-117|11:0:-117|12:0:-117	50	1	3	1	0	0	0	0	0	0	0	0	1	0	-1	-1	-1	-1	0
1703	1701	0	3	电荷Lv3	全抗性降低，持续10秒	0	0	10000	0	7:0:-154|8:0:-154|9:0:-154|10:0:-154|11:0:-154|12:0:-154	50	1	3	1	0	0	0	0	0	0	0	0	1	0	-1	-1	-1	-1	0
1704	1701	0	4	电荷Lv4	全抗性降低，持续10秒	0	0	10000	0	7:0:-192|8:0:-192|9:0:-192|10:0:-192|11:0:-192|12:0:-192	50	1	3	1	0	0	0	0	0	0	0	0	1	0	-1	-1	-1	-1	0
1705	1701	0	5	电荷Lv5	全抗性降低，持续10秒	0	0	10000	0	7:0:-229|8:0:-229|9:0:-229|10:0:-229|11:0:-229|12:0:-229	50	1	3	1	0	0	0	0	0	0	0	0	1	0	-1	-1	-1	-1	0
1706	1701	0	6	电荷Lv6	全抗性降低，持续10秒	0	0	10000	0	7:0:-305|8:0:-305|9:0:-305|10:0:-305|11:0:-305|12:0:-305	50	1	3	1	0	0	0	0	0	0	0	0	1	0	-1	-1	-1	-1	0
1707	1701	0	7	电荷Lv7	全抗性降低，持续10秒	0	0	10000	0	7:0:-342|8:0:-342|9:0:-342|10:0:-342|11:0:-342|12:0:-342	50	1	3	1	0	0	0	0	0	0	0	0	1	0	-1	-1	-1	-1	0
1708	1701	0	8	电荷Lv8	全抗性降低，持续10秒	0	0	10000	0	7:0:-380|8:0:-380|9:0:-380|10:0:-380|11:0:-380|12:0:-380	50	1	3	1	0	0	0	0	0	0	0	0	1	0	-1	-1	-1	-1	0
1709	1701	0	9	电荷Lv9	全抗性降低，持续10秒	0	0	10000	0	7:0:-417|8:0:-417|9:0:-417|10:0:-417|11:0:-417|12:0:-417	50	1	3	1	0	0	0	0	0	0	0	0	1	0	-1	-1	-1	-1	0
1710	1701	0	10	电荷Lv10	全抗性降低，持续10秒	0	0	10000	0	7:0:-492|8:0:-492|9:0:-492|10:0:-492|11:0:-492|12:0:-492	50	1	3	1	0	0	0	0	0	0	0	0	1	0	-1	-1	-1	-1	0
2001	2001	0	1	碎甲Lv1	防御值降低，持续10秒	0	107	7000	0	6:0:-400	50	1	0	1	0	0	0	0	0	0	0	0	1	0	-1	-1	-1	-1	0
2002	2001	0	2	碎甲Lv2	防御值降低，持续10秒	0	107	7000	0	6:0:-600	50	1	0	1	0	0	0	0	0	0	0	0	1	0	-1	-1	-1	-1	0
2003	2001	0	3	碎甲Lv3	防御值降低，持续10秒	0	107	7000	0	6:0:-900	50	1	0	1	0	0	0	0	0	0	0	0	1	0	-1	-1	-1	-1	0
2004	2001	0	4	碎甲Lv4	防御值降低，持续10秒	0	107	7000	0	6:0:-1100	50	1	0	1	0	0	0	0	0	0	0	0	1	0	-1	-1	-1	-1	0
2005	2001	0	5	碎甲Lv5	防御值降低，持续10秒	0	107	7000	0	6:0:-1300	50	1	0	1	0	0	0	0	0	0	0	0	1	0	-1	-1	-1	-1	0
2006	2001	0	6	碎甲Lv6	防御值降低，持续10秒	0	107	7000	0	6:0:-1700	50	1	0	1	0	0	0	0	0	0	0	0	1	0	-1	-1	-1	-1	0
2007	2001	0	7	碎甲Lv7	防御值降低，持续10秒	0	107	7000	0	6:0:-1900	50	1	0	1	0	0	0	0	0	0	0	0	1	0	-1	-1	-1	-1	0
2008	2001	0	8	碎甲Lv8	防御值降低，持续10秒	0	107	7000	0	6:0:-2100	50	1	0	1	0	0	0	0	0	0	0	0	1	0	-1	-1	-1	-1	0
2009	2001	0	9	碎甲Lv9	防御值降低，持续10秒	0	107	7000	0	6:0:-2300	50	1	0	1	0	0	0	0	0	0	0	0	1	0	-1	-1	-1	-1	0
2010	2001	0	10	碎甲Lv10	防御值降低，持续10秒	0	107	7000	0	6:0:-2700	50	1	0	1	0	0	0	0	0	0	0	0	1	0	-1	-1	-1	-1	0
2021	2021	1	1	撕裂Lv1	不断失血，持续5秒	0	112	6000	1000	0	50	1	0	1	1056	0	0	0	0	0	0	0	1	1	-1	-1	-1	-1	0
2022	2021	1	2	撕裂Lv2	不断失血，持续5秒	0	112	6000	1000	0	50	1	0	1	1136	0	0	0	0	0	0	0	1	1	-1	-1	-1	-1	0
2023	2021	1	3	撕裂Lv3	不断失血，持续5秒	0	112	6000	1000	0	50	1	0	1	1232	0	0	0	0	0	0	0	1	1	-1	-1	-1	-1	0
2024	2021	1	4	撕裂Lv4	不断失血，持续5秒	0	112	6000	1000	0	50	1	0	1	1328	0	0	0	0	0	0	0	1	1	-1	-1	-1	-1	0
2025	2021	1	5	撕裂Lv5	不断失血，持续5秒	0	112	6000	1000	0	50	1	0	1	1424	0	0	0	0	0	0	0	1	1	-1	-1	-1	-1	0
2026	2021	1	6	撕裂Lv6	不断失血，持续5秒	0	112	6000	1000	0	50	1	0	1	1600	0	0	0	0	0	0	0	1	1	-1	-1	-1	-1	0
2027	2021	1	7	撕裂Lv7	不断失血，持续5秒	0	112	6000	1000	0	50	1	0	1	1696	0	0	0	0	0	0	0	1	1	-1	-1	-1	-1	0
2028	2021	1	8	撕裂Lv8	不断失血，持续5秒	0	112	6000	1000	0	50	1	0	1	1792	0	0	0	0	0	0	0	1	1	-1	-1	-1	-1	0
2029	2021	1	9	撕裂Lv9	不断失血，持续5秒	0	112	6000	1000	0	50	1	0	1	1872	0	0	0	0	0	0	0	1	1	-1	-1	-1	-1	0
2030	2021	1	10	撕裂Lv10	不断失血，持续5秒	0	112	6000	1000	0	50	1	0	1	2064	0	0	0	0	0	0	0	1	1	-1	-1	-1	-1	0
2041	2041	0	1	愈战愈勇Lv1	基础攻击提升，持续10秒	1	104	6000	0	4:0:218|5:0:218	50	1	0	1	0	0	0	0	0	0	0	0	1	0	-1	-1	-1	-1	0
2042	2041	0	2	愈战愈勇Lv2	基础攻击提升，持续10秒	1	104	6000	0	4:0:326|5:0:326	50	1	0	1	0	0	0	0	0	0	0	0	1	0	-1	-1	-1	-1	0
2043	2041	0	3	愈战愈勇Lv3	基础攻击提升，持续10秒	1	104	6000	0	4:0:435|5:0:435	50	1	0	1	0	0	0	0	0	0	0	0	1	0	-1	-1	-1	-1	0
2044	2041	0	4	愈战愈勇Lv4	基础攻击提升，持续10秒	1	104	6000	0	4:0:544|5:0:544	50	1	0	1	0	0	0	0	0	0	0	0	1	0	-1	-1	-1	-1	0
2045	2041	0	5	愈战愈勇Lv5	基础攻击提升，持续10秒	1	104	6000	0	4:0:653|5:0:653	50	1	0	1	0	0	0	0	0	0	0	0	1	0	-1	-1	-1	-1	0
2046	2041	0	6	愈战愈勇Lv6	基础攻击提升，持续10秒	1	104	6000	0	4:0:871|5:0:871	50	1	0	1	0	0	0	0	0	0	0	0	1	0	-1	-1	-1	-1	0
2047	2041	0	7	愈战愈勇Lv7	基础攻击提升，持续10秒	1	104	6000	0	4:0:979|5:0:979	50	1	0	1	0	0	0	0	0	0	0	0	1	0	-1	-1	-1	-1	0
2048	2041	0	8	愈战愈勇Lv8	基础攻击提升，持续10秒	1	104	6000	0	4:0:1088|5:0:1088	50	1	0	1	0	0	0	0	0	0	0	0	1	0	-1	-1	-1	-1	0
2049	2041	0	9	愈战愈勇Lv9	基础攻击提升，持续10秒	1	104	6000	0	4:0:1197|5:0:1197	50	1	0	1	0	0	0	0	0	0	0	0	1	0	-1	-1	-1	-1	0
2050	2041	0	10	愈战愈勇Lv10	基础攻击提升，持续10秒	1	104	6000	0	4:0:1415|5:0:1415	50	1	0	1	0	0	0	0	0	0	0	0	1	0	-1	-1	-1	-1	0
2061	2061	0	1	血之狂暴Lv1	基础攻击提升，持续5秒	1	104	5000	0	4:0:218|5:0:218	50	1	4	1	0	0	0	0	0	0	0	0	1	0	-1	-1	-1	-1	0
2062	2061	0	2	血之狂暴Lv2	基础攻击提升，持续5秒	1	104	5000	0	4:0:326|5:0:326	50	1	4	1	0	0	0	0	0	0	0	0	1	0	-1	-1	-1	-1	0
2063	2061	0	3	血之狂暴Lv3	基础攻击提升，持续5秒	1	104	5000	0	4:0:435|5:0:435	50	1	4	1	0	0	0	0	0	0	0	0	1	0	-1	-1	-1	-1	0
2064	2061	0	4	血之狂暴Lv4	基础攻击提升，持续5秒	1	104	5000	0	4:0:544|5:0:544	50	1	4	1	0	0	0	0	0	0	0	0	1	0	-1	-1	-1	-1	0
2065	2061	0	5	血之狂暴Lv5	基础攻击提升，持续5秒	1	104	5000	0	4:0:653|5:0:653	50	1	4	1	0	0	0	0	0	0	0	0	1	0	-1	-1	-1	-1	0
2066	2061	0	6	血之狂暴Lv6	基础攻击提升，持续5秒	1	104	5000	0	4:0:871|5:0:871	50	1	4	1	0	0	0	0	0	0	0	0	1	0	-1	-1	-1	-1	0
2067	2061	0	7	血之狂暴Lv7	基础攻击提升，持续5秒	1	104	5000	0	4:0:979|5:0:979	50	1	4	1	0	0	0	0	0	0	0	0	1	0	-1	-1	-1	-1	0
2068	2061	0	8	血之狂暴Lv8	基础攻击提升，持续5秒	1	104	5000	0	4:0:1088|5:0:1088	50	1	4	1	0	0	0	0	0	0	0	0	1	0	-1	-1	-1	-1	0
2069	2061	0	9	血之狂暴Lv9	基础攻击提升，持续5秒	1	104	5000	0	4:0:1197|5:0:1197	50	1	4	1	0	0	0	0	0	0	0	0	1	0	-1	-1	-1	-1	0
2070	2061	0	10	血之狂暴Lv10	基础攻击提升，持续5秒	1	104	5000	0	4:0:1415|5:0:1415	50	1	4	1	0	0	0	0	0	0	0	0	1	0	-1	-1	-1	-1	0
2081	2081	0	1	顺势斩Lv1	物理加成提升，持续5秒	1	0	5000	0	4:0:119	50	1	0	1	0	0	0	0	0	0	0	0	1	0	-1	-1	-1	-1	0
2082	2081	0	2	顺势斩Lv2	物理加成提升，持续5秒	1	0	5000	0	4:0:175	50	1	0	1	0	0	0	0	0	0	0	0	1	0	-1	-1	-1	-1	0
2083	2081	0	3	顺势斩Lv3	物理加成提升，持续5秒	1	0	5000	0	4:0:231	50	1	0	1	0	0	0	0	0	0	0	0	1	0	-1	-1	-1	-1	0
2084	2081	0	4	顺势斩Lv4	物理加成提升，持续5秒	1	0	5000	0	4:0:287	50	1	0	1	0	0	0	0	0	0	0	0	1	0	-1	-1	-1	-1	0
2085	2081	0	5	顺势斩Lv5	物理加成提升，持续5秒	1	0	5000	0	4:0:343	50	1	0	1	0	0	0	0	0	0	0	0	1	0	-1	-1	-1	-1	0
2086	2081	0	6	顺势斩Lv6	物理加成提升，持续5秒	1	0	5000	0	4:0:455	50	1	0	1	0	0	0	0	0	0	0	0	1	0	-1	-1	-1	-1	0
2087	2081	0	7	顺势斩Lv7	物理加成提升，持续5秒	1	0	5000	0	4:0:511	50	1	0	1	0	0	0	0	0	0	0	0	1	0	-1	-1	-1	-1	0
2088	2081	0	8	顺势斩Lv8	物理加成提升，持续5秒	1	0	5000	0	4:0:567	50	1	0	1	0	0	0	0	0	0	0	0	1	0	-1	-1	-1	-1	0
2089	2081	0	9	顺势斩Lv9	物理加成提升，持续5秒	1	0	5000	0	4:0:624	50	1	0	1	0	0	0	0	0	0	0	0	1	0	-1	-1	-1	-1	0
2090	2081	0	10	顺势斩Lv10	物理加成提升，持续5秒	1	0	5000	0	4:0:736	50	1	0	1	0	0	0	0	0	0	0	0	1	0	-1	-1	-1	-1	0
2201	2201	0	1	共振粉碎Lv1	护甲被音波粉碎，物理抵抗降低，持续5秒	0	107	5000	0	7:0:-79	50	1	0	1	0	0	0	0	0	0	0	0	1	0	-1	-1	-1	-1	0
2202	2201	0	2	共振粉碎Lv2	护甲被音波粉碎，物理抵抗降低，持续5秒	0	107	5000	0	7:0:-117	50	1	0	1	0	0	0	0	0	0	0	0	1	0	-1	-1	-1	-1	0
2203	2201	0	3	共振粉碎Lv3	护甲被音波粉碎，物理抵抗降低，持续5秒	0	107	5000	0	7:0:-154	50	1	0	1	0	0	0	0	0	0	0	0	1	0	-1	-1	-1	-1	0
2204	2201	0	4	共振粉碎Lv4	护甲被音波粉碎，物理抵抗降低，持续5秒	0	107	5000	0	7:0:-192	50	1	0	1	0	0	0	0	0	0	0	0	1	0	-1	-1	-1	-1	0
2205	2201	0	5	共振粉碎Lv5	护甲被音波粉碎，物理抵抗降低，持续5秒	0	107	5000	0	7:0:-229	50	1	0	1	0	0	0	0	0	0	0	0	1	0	-1	-1	-1	-1	0
2206	2201	0	6	共振粉碎Lv6	护甲被音波粉碎，物理抵抗降低，持续5秒	0	107	5000	0	7:0:-305	50	1	0	1	0	0	0	0	0	0	0	0	1	0	-1	-1	-1	-1	0
2207	2201	0	7	共振粉碎Lv7	护甲被音波粉碎，物理抵抗降低，持续5秒	0	107	5000	0	7:0:-342	50	1	0	1	0	0	0	0	0	0	0	0	1	0	-1	-1	-1	-1	0
2208	2201	0	8	共振粉碎Lv8	护甲被音波粉碎，物理抵抗降低，持续5秒	0	107	5000	0	7:0:-380	50	1	0	1	0	0	0	0	0	0	0	0	1	0	-1	-1	-1	-1	0
2209	2201	0	9	共振粉碎Lv9	护甲被音波粉碎，物理抵抗降低，持续5秒	0	107	5000	0	7:0:-417	50	1	0	1	0	0	0	0	0	0	0	0	1	0	-1	-1	-1	-1	0
2210	2201	0	10	共振粉碎Lv10	护甲被音波粉碎，物理抵抗降低，持续5秒	0	107	5000	0	7:0:-492	50	1	0	1	0	0	0	0	0	0	0	0	1	0	-1	-1	-1	-1	0
2221	2221	0	1	刺耳之音Lv1	失去战斗意志，基础伤害降低，持续10秒	0	105	10000	0	4:0:-250|5:0:-250	50	1	0	1	0	0	0	0	0	0	0	0	1	0	-1	-1	-1	-1	0
2222	2221	0	2	刺耳之音Lv2	失去战斗意志，基础伤害降低，持续10秒	0	105	10000	0	4:0:-368|5:0:-368	50	1	0	1	0	0	0	0	0	0	0	0	1	0	-1	-1	-1	-1	0
2223	2221	0	3	刺耳之音Lv3	失去战斗意志，基础伤害降低，持续10秒	0	105	10000	0	4:0:-486|5:0:-486	50	1	0	1	0	0	0	0	0	0	0	0	1	0	-1	-1	-1	-1	0
2224	2221	0	4	刺耳之音Lv4	失去战斗意志，基础伤害降低，持续10秒	0	105	10000	0	4:0:-605|5:0:-605	50	1	0	1	0	0	0	0	0	0	0	0	1	0	-1	-1	-1	-1	0
2225	2221	0	5	刺耳之音Lv5	失去战斗意志，基础伤害降低，持续10秒	0	105	10000	0	4:0:-724|5:0:-724	50	1	0	1	0	0	0	0	0	0	0	0	1	0	-1	-1	-1	-1	0
2226	2221	0	6	刺耳之音Lv6	失去战斗意志，基础伤害降低，持续10秒	0	105	10000	0	4:0:-960|5:0:-960	50	1	0	1	0	0	0	0	0	0	0	0	1	0	-1	-1	-1	-1	0
2227	2221	0	7	刺耳之音Lv7	失去战斗意志，基础伤害降低，持续10秒	0	105	10000	0	4:0:-1078|5:0:-1078	50	1	0	1	0	0	0	0	0	0	0	0	1	0	-1	-1	-1	-1	0
2228	2221	0	8	刺耳之音Lv8	失去战斗意志，基础伤害降低，持续10秒	0	105	10000	0	4:0:-1197|5:0:-1197	50	1	0	1	0	0	0	0	0	0	0	0	1	0	-1	-1	-1	-1	0
2229	2221	0	9	刺耳之音Lv9	失去战斗意志，基础伤害降低，持续10秒	0	105	10000	0	4:0:-1315|5:0:-1315	50	1	0	1	0	0	0	0	0	0	0	0	1	0	-1	-1	-1	-1	0
2230	2221	0	10	刺耳之音Lv10	失去战斗意志，基础伤害降低，持续10秒	0	105	10000	0	4:0:-1552|5:0:-1552	50	1	0	1	0	0	0	0	0	0	0	0	1	0	-1	-1	-1	-1	0
2241	2241	0	1	警戒Lv1	警戒防御，增加格挡率和格挡值，持续5秒	1	106	5000	0	24:0:12|25:0:65	41	2	0	1	0	0	0	0	0	0	0	0	1	0	-1	-1	-1	-1	0
2242	2241	0	2	警戒Lv2	警戒防御，增加格挡率和格挡值，持续5秒	1	106	5000	0	24:0:18|25:0:96	50	4	0	1	0	0	0	0	0	0	0	0	1	0	-1	-1	-1	-1	0
2243	2241	0	3	警戒Lv3	警戒防御，增加格挡率和格挡值，持续5秒	1	106	5000	0	24:0:23|25:0:127	62	5	0	1	0	0	0	0	0	0	0	0	1	0	-1	-1	-1	-1	0
2244	2241	0	4	警戒Lv4	警戒防御，增加格挡率和格挡值，持续5秒	1	106	5000	0	24:0:29|25:0:158	74	6	0	1	0	0	0	0	0	0	0	0	1	0	-1	-1	-1	-1	0
2245	2241	0	5	警戒Lv5	警戒防御，增加格挡率和格挡值，持续5秒	1	106	5000	0	24:0:35|25:0:189	86	7	0	1	0	0	0	0	0	0	0	0	1	0	-1	-1	-1	-1	0
2246	2241	0	6	警戒Lv6	警戒防御，增加格挡率和格挡值，持续5秒	1	106	5000	0	24:0:46|25:0:251	99	8	0	1	0	0	0	0	0	0	0	0	1	0	-1	-1	-1	-1	0
2247	2241	0	7	警戒Lv7	警戒防御，增加格挡率和格挡值，持续5秒	1	106	5000	0	24:0:52|25:0:282	111	9	0	1	0	0	0	0	0	0	0	0	1	0	-1	-1	-1	-1	0
2248	2241	0	8	警戒Lv8	警戒防御，增加格挡率和格挡值，持续5秒	1	106	5000	0	24:0:58|25:0:313	123	10	0	1	0	0	0	0	0	0	0	0	1	0	-1	-1	-1	-1	0
2249	2241	0	9	警戒Lv9	警戒防御，增加格挡率和格挡值，持续5秒	1	106	5000	0	24:0:63|25:0:344	148	12	0	1	0	0	0	0	0	0	0	0	1	0	-1	-1	-1	-1	0
2250	2241	0	10	警戒Lv10	警戒防御，增加格挡率和格挡值，持续5秒	1	106	5000	0	24:0:75|25:0:406	160	13	0	1	0	0	0	0	0	0	0	0	1	0	-1	-1	-1	-1	0
2261	2261	0	1	不屈Lv1	不屈的意志！大幅增加防御力，持续10秒	1	106	10000	0	6:0:495	50	1	0	1	0	0	0	0	0	0	0	0	1	0	-1	-1	-1	-1	0
2262	2261	0	2	不屈Lv2	不屈的意志！大幅增加防御力，持续10秒	1	106	10000	0	6:0:730	50	1	0	1	0	0	0	0	0	0	0	0	1	0	-1	-1	-1	-1	0
2263	2261	0	3	不屈Lv3	不屈的意志！大幅增加防御力，持续10秒	1	106	10000	0	6:0:964	50	1	0	1	0	0	0	0	0	0	0	0	1	0	-1	-1	-1	-1	0
2264	2261	0	4	不屈Lv4	不屈的意志！大幅增加防御力，持续10秒	1	106	10000	0	6:0:1199	50	1	0	1	0	0	0	0	0	0	0	0	1	0	-1	-1	-1	-1	0
2265	2261	0	5	不屈Lv5	不屈的意志！大幅增加防御力，持续10秒	1	106	10000	0	6:0:1434	50	1	0	1	0	0	0	0	0	0	0	0	1	0	-1	-1	-1	-1	0
2266	2261	0	6	不屈Lv6	不屈的意志！大幅增加防御力，持续10秒	1	106	10000	0	6:0:1903	50	1	0	1	0	0	0	0	0	0	0	0	1	0	-1	-1	-1	-1	0
2267	2261	0	7	不屈Lv7	不屈的意志！大幅增加防御力，持续10秒	1	106	10000	0	6:0:2138	50	1	0	1	0	0	0	0	0	0	0	0	1	0	-1	-1	-1	-1	0
2268	2261	0	8	不屈Lv8	不屈的意志！大幅增加防御力，持续10秒	1	106	10000	0	6:0:2372	50	1	0	1	0	0	0	0	0	0	0	0	1	0	-1	-1	-1	-1	0
2269	2261	0	9	不屈Lv9	不屈的意志！大幅增加防御力，持续10秒	1	106	10000	0	6:0:2607	50	1	0	1	0	0	0	0	0	0	0	0	1	0	-1	-1	-1	-1	0
2270	2261	0	10	不屈Lv10	不屈的意志！大幅增加防御力，持续10秒	1	106	10000	0	6:0:3076	50	1	0	1	0	0	0	0	0	0	0	0	1	0	-1	-1	-1	-1	0
2401	2401	6	1	救赎Lv1	逐渐恢复生命，持续5秒	1	0	5000	1000	0	50	1	0	1	151	0	0	0	0	0	0	0	1	0	-1	-1	-1	-1	0
2402	2401	6	2	救赎Lv2	逐渐恢复生命，持续5秒	1	0	5000	1000	0	50	1	0	1	223	0	0	0	0	0	0	0	1	0	-1	-1	-1	-1	0
2403	2401	6	3	救赎Lv3	逐渐恢复生命，持续5秒	1	0	5000	1000	0	50	1	0	1	294	0	0	0	0	0	0	0	1	0	-1	-1	-1	-1	0
2404	2401	6	4	救赎Lv4	逐渐恢复生命，持续5秒	1	0	5000	1000	0	50	1	0	1	366	0	0	0	0	0	0	0	1	0	-1	-1	-1	-1	0
2405	2401	6	5	救赎Lv5	逐渐恢复生命，持续5秒	1	0	5000	1000	0	50	1	0	1	438	0	0	0	0	0	0	0	1	0	-1	-1	-1	-1	0
2406	2401	6	6	救赎Lv6	逐渐恢复生命，持续5秒	1	0	5000	1000	0	50	1	0	1	581	0	0	0	0	0	0	0	1	0	-1	-1	-1	-1	0
2407	2401	6	7	救赎Lv7	逐渐恢复生命，持续5秒	1	0	5000	1000	0	50	1	0	1	653	0	0	0	0	0	0	0	1	0	-1	-1	-1	-1	0
2408	2401	6	8	救赎Lv8	逐渐恢复生命，持续5秒	1	0	5000	1000	0	50	1	0	1	724	0	0	0	0	0	0	0	1	0	-1	-1	-1	-1	0
2409	2401	6	9	救赎Lv9	逐渐恢复生命，持续5秒	1	0	5000	1000	0	50	1	0	1	796	0	0	0	0	0	0	0	1	0	-1	-1	-1	-1	0
2410	2401	6	10	救赎Lv10	逐渐恢复生命，持续5秒	1	0	5000	1000	0	50	1	0	1	939	0	0	0	0	0	0	0	1	0	-1	-1	-1	-1	0
2421	2421	6	1	圣焰Lv1	受到圣光灼伤，持续5秒	0	113	5000	1000	0	50	1	0	1	1056	0	0	0	0	0	0	0	1	1	-1	-1	-1	-1	0
2422	2421	6	2	圣焰Lv2	受到圣光灼伤，持续5秒	0	113	5000	1000	0	50	1	0	1	1136	0	0	0	0	0	0	0	1	1	-1	-1	-1	-1	0
2423	2421	6	3	圣焰Lv3	受到圣光灼伤，持续5秒	0	113	5000	1000	0	50	1	0	1	1232	0	0	0	0	0	0	0	1	1	-1	-1	-1	-1	0
2424	2421	6	4	圣焰Lv4	受到圣光灼伤，持续5秒	0	113	5000	1000	0	50	1	0	1	1328	0	0	0	0	0	0	0	1	1	-1	-1	-1	-1	0
2425	2421	6	5	圣焰Lv5	受到圣光灼伤，持续5秒	0	113	5000	1000	0	50	1	0	1	1424	0	0	0	0	0	0	0	1	1	-1	-1	-1	-1	0
2426	2421	6	6	圣焰Lv6	受到圣光灼伤，持续5秒	0	113	5000	1000	0	50	1	0	1	1600	0	0	0	0	0	0	0	1	1	-1	-1	-1	-1	0
2427	2421	6	7	圣焰Lv7	受到圣光灼伤，持续5秒	0	113	5000	1000	0	50	1	0	1	1696	0	0	0	0	0	0	0	1	1	-1	-1	-1	-1	0
2428	2421	6	8	圣焰Lv8	受到圣光灼伤，持续5秒	0	113	5000	1000	0	50	1	0	1	1792	0	0	0	0	0	0	0	1	1	-1	-1	-1	-1	0
2429	2421	6	9	圣焰Lv9	受到圣光灼伤，持续5秒	0	113	5000	1000	0	50	1	0	1	1872	0	0	0	0	0	0	0	1	1	-1	-1	-1	-1	0
2430	2421	6	10	圣焰Lv10	受到圣光灼伤，持续5秒	0	113	5000	1000	0	50	1	0	1	2064	0	0	0	0	0	0	0	1	1	-1	-1	-1	-1	0
2441	2441	0	1	祝福Lv1	神圣加成提升，持续5秒	1	0	5000	0	18:0:119	50	1	0	1	0	0	0	0	0	0	0	0	1	0	-1	-1	-1	-1	0
2442	2441	0	2	祝福Lv2	神圣加成提升，持续5秒	1	0	5000	0	18:0:175	50	1	0	1	0	0	0	0	0	0	0	0	1	0	-1	-1	-1	-1	0
2443	2441	0	3	祝福Lv3	神圣加成提升，持续5秒	1	0	5000	0	18:0:231	50	1	0	1	0	0	0	0	0	0	0	0	1	0	-1	-1	-1	-1	0
2444	2441	0	4	祝福Lv4	神圣加成提升，持续5秒	1	0	5000	0	18:0:287	50	1	0	1	0	0	0	0	0	0	0	0	1	0	-1	-1	-1	-1	0
2445	2441	0	5	祝福Lv5	神圣加成提升，持续5秒	1	0	5000	0	18:0:343	50	1	0	1	0	0	0	0	0	0	0	0	1	0	-1	-1	-1	-1	0
2446	2441	0	6	祝福Lv6	神圣加成提升，持续5秒	1	0	5000	0	18:0:455	50	1	0	1	0	0	0	0	0	0	0	0	1	0	-1	-1	-1	-1	0
2447	2441	0	7	祝福Lv7	神圣加成提升，持续5秒	1	0	5000	0	18:0:511	50	1	0	1	0	0	0	0	0	0	0	0	1	0	-1	-1	-1	-1	0
2448	2441	0	8	祝福Lv8	神圣加成提升，持续5秒	1	0	5000	0	18:0:567	50	1	0	1	0	0	0	0	0	0	0	0	1	0	-1	-1	-1	-1	0
2449	2441	0	9	祝福Lv9	神圣加成提升，持续5秒	1	0	5000	0	18:0:624	50	1	0	1	0	0	0	0	0	0	0	0	1	0	-1	-1	-1	-1	0
2450	2441	0	10	祝福Lv10	神圣加成提升，持续5秒	1	0	5000	0	18:0:736	50	1	0	1	0	0	0	0	0	0	0	0	1	0	-1	-1	-1	-1	0
2461	2461	6	1	护盾Lv1	吸收伤害	1	109	5000	0	0	50	1	0	1	0	0	0	0	0	2	0	0	1	0	-1	-1	-1	-1	0
2462	2461	6	2	护盾Lv2	吸收伤害	1	109	5000	0	0	50	1	0	1	0	0	0	0	0	3	0	0	1	0	-1	-1	-1	-1	0
2463	2461	6	3	护盾Lv3	吸收伤害	1	109	5000	0	0	50	1	0	1	0	0	0	0	0	4	0	0	1	0	-1	-1	-1	-1	0
2464	2461	6	4	护盾Lv4	吸收伤害	1	109	5000	0	0	50	1	0	1	0	0	0	0	0	5	0	0	1	0	-1	-1	-1	-1	0
2465	2461	6	5	护盾Lv5	吸收伤害	1	109	5000	0	0	50	1	0	1	0	0	0	0	0	6	0	0	1	0	-1	-1	-1	-1	0
2466	2461	6	6	护盾Lv6	吸收伤害	1	109	5000	0	0	50	1	0	1	0	0	0	0	0	7	0	0	1	0	-1	-1	-1	-1	0
2467	2461	6	7	护盾Lv7	吸收伤害	1	109	5000	0	0	50	1	0	1	0	0	0	0	0	8	0	0	1	0	-1	-1	-1	-1	0
2468	2461	6	8	护盾Lv8	吸收伤害	1	109	5000	0	0	50	1	0	1	0	0	0	0	0	9	0	0	1	0	-1	-1	-1	-1	0
2469	2461	6	9	护盾Lv9	吸收伤害	1	109	5000	0	0	50	1	0	1	0	0	0	0	0	10	0	0	1	0	-1	-1	-1	-1	0
2470	2461	6	10	护盾Lv10	吸收伤害	1	109	5000	0	0	50	1	0	1	0	0	0	0	0	11	0	0	1	0	-1	-1	-1	-1	0
2481	2481	2	1	神圣闪电Lv1	被神圣的闪电缠绕，受到伤害，持续5秒	0	0	5000	1000	0	50	1	0	1	1056	0	0	0	0	0	0	0	1	1	-1	-1	-1	-1	0
2482	2481	2	2	神圣闪电Lv2	被神圣的闪电缠绕，受到伤害，持续5秒	0	0	5000	1000	0	50	1	0	1	1136	0	0	0	0	0	0	0	1	1	-1	-1	-1	-1	0
2483	2481	2	3	神圣闪电Lv3	被神圣的闪电缠绕，受到伤害，持续5秒	0	0	5000	1000	0	50	1	0	1	1232	0	0	0	0	0	0	0	1	1	-1	-1	-1	-1	0
2484	2481	2	4	神圣闪电Lv4	被神圣的闪电缠绕，受到伤害，持续5秒	0	0	5000	1000	0	50	1	0	1	1328	0	0	0	0	0	0	0	1	1	-1	-1	-1	-1	0
2485	2481	2	5	神圣闪电Lv5	被神圣的闪电缠绕，受到伤害，持续5秒	0	0	5000	1000	0	50	1	0	1	1424	0	0	0	0	0	0	0	1	1	-1	-1	-1	-1	0
2486	2481	2	6	神圣闪电Lv6	被神圣的闪电缠绕，受到伤害，持续5秒	0	0	5000	1000	0	50	1	0	1	1600	0	0	0	0	0	0	0	1	1	-1	-1	-1	-1	0
2487	2481	2	7	神圣闪电Lv7	被神圣的闪电缠绕，受到伤害，持续5秒	0	0	5000	1000	0	50	1	0	1	1696	0	0	0	0	0	0	0	1	1	-1	-1	-1	-1	0
2488	2481	2	8	神圣闪电Lv8	被神圣的闪电缠绕，受到伤害，持续5秒	0	0	5000	1000	0	50	1	0	1	1792	0	0	0	0	0	0	0	1	1	-1	-1	-1	-1	0
2489	2481	2	9	神圣闪电Lv9	被神圣的闪电缠绕，受到伤害，持续5秒	0	0	5000	1000	0	50	1	0	1	1872	0	0	0	0	0	0	0	1	1	-1	-1	-1	-1	0
2490	2481	2	10	神圣闪电Lv10	被神圣的闪电缠绕，受到伤害，持续5秒	0	0	5000	1000	0	50	1	0	1	2064	0	0	0	0	0	0	0	1	1	-1	-1	-1	-1	0
2601	2601	4	1	寒冰破片Lv1	寒冰破片即将爆炸	0	0	3100	3000	0	50	1	0	1	3960	0	0	0	0	0	0	0	1	1	-1	-1	-1	-1	0
2602	2601	4	2	寒冰破片Lv2	寒冰破片即将爆炸	0	0	3100	3000	0	50	1	0	1	4320	0	0	0	0	0	0	0	1	1	-1	-1	-1	-1	0
2603	2601	4	3	寒冰破片Lv3	寒冰破片即将爆炸	0	0	3100	3000	0	50	1	0	1	4680	0	0	0	0	0	0	0	1	1	-1	-1	-1	-1	0
2604	2601	4	4	寒冰破片Lv4	寒冰破片即将爆炸	0	0	3100	3000	0	50	1	0	1	5040	0	0	0	0	0	0	0	1	1	-1	-1	-1	-1	0
2605	2601	4	5	寒冰破片Lv5	寒冰破片即将爆炸	0	0	3100	3000	0	50	1	0	1	5400	0	0	0	0	0	0	0	1	1	-1	-1	-1	-1	0
2606	2601	4	6	寒冰破片Lv6	寒冰破片即将爆炸	0	0	3100	3000	0	50	1	0	1	6180	0	0	0	0	0	0	0	1	1	-1	-1	-1	-1	0
2607	2601	4	7	寒冰破片Lv7	寒冰破片即将爆炸	0	0	3100	3000	0	50	1	0	1	6540	0	0	0	0	0	0	0	1	1	-1	-1	-1	-1	0
2608	2601	4	8	寒冰破片Lv8	寒冰破片即将爆炸	0	0	3100	3000	0	50	1	0	1	6900	0	0	0	0	0	0	0	1	1	-1	-1	-1	-1	0
2609	2601	4	9	寒冰破片Lv9	寒冰破片即将爆炸	0	0	3100	3000	0	50	1	0	1	7260	0	0	0	0	0	0	0	1	1	-1	-1	-1	-1	0
2610	2601	4	10	寒冰破片Lv10	寒冰破片即将爆炸	0	0	3100	3000	0	50	1	0	1	7980	0	0	0	0	0	0	0	1	1	-1	-1	-1	-1	0
2621	2621	0	1	冰寒刺骨Lv1	寒冷抗性降低，持续10秒	0	0	10000	0	10:0:-79	50	1	0	1	0	0	0	0	0	0	0	0	1	0	-1	-1	-1	-1	0
2622	2621	0	2	冰寒刺骨Lv2	寒冷抗性降低，持续10秒	0	0	10000	0	10:0:-117	50	1	0	1	0	0	0	0	0	0	0	0	1	0	-1	-1	-1	-1	0
2623	2621	0	3	冰寒刺骨Lv3	寒冷抗性降低，持续10秒	0	0	10000	0	10:0:-154	50	1	0	1	0	0	0	0	0	0	0	0	1	0	-1	-1	-1	-1	0
2624	2621	0	4	冰寒刺骨Lv4	寒冷抗性降低，持续10秒	0	0	10000	0	10:0:-192	50	1	0	1	0	0	0	0	0	0	0	0	1	0	-1	-1	-1	-1	0
2625	2621	0	5	冰寒刺骨Lv5	寒冷抗性降低，持续10秒	0	0	10000	0	10:0:-229	50	1	0	1	0	0	0	0	0	0	0	0	1	0	-1	-1	-1	-1	0
2626	2621	0	6	冰寒刺骨Lv6	寒冷抗性降低，持续10秒	0	0	10000	0	10:0:-305	50	1	0	1	0	0	0	0	0	0	0	0	1	0	-1	-1	-1	-1	0
2627	2621	0	7	冰寒刺骨Lv7	寒冷抗性降低，持续10秒	0	0	10000	0	10:0:-342	50	1	0	1	0	0	0	0	0	0	0	0	1	0	-1	-1	-1	-1	0
2628	2621	0	8	冰寒刺骨Lv8	寒冷抗性降低，持续10秒	0	0	10000	0	10:0:-380	50	1	0	1	0	0	0	0	0	0	0	0	1	0	-1	-1	-1	-1	0
2629	2621	0	9	冰寒刺骨Lv9	寒冷抗性降低，持续10秒	0	0	10000	0	10:0:-417	50	1	0	1	0	0	0	0	0	0	0	0	1	0	-1	-1	-1	-1	0
2630	2621	0	10	冰寒刺骨Lv10	寒冷抗性降低，持续10秒	0	0	10000	0	10:0:-492	50	1	0	1	0	0	0	0	0	0	0	0	1	0	-1	-1	-1	-1	0
2641	2641	0	1	减速Lv1	移动速度降低2%，持续5秒	0	100	5000	0	33:-200:0	50	1	0	1	0	0	0	0	0	0	0	0	1	0	-1	-1	-1	-1	0
2642	2641	0	2	减速Lv2	移动速度降低4%，持续5秒	0	100	5000	0	33:-400:0	50	1	0	1	0	0	0	0	0	0	0	0	1	0	-1	-1	-1	-1	0
2643	2641	0	3	减速Lv3	移动速度降低5%，持续5秒	0	100	5000	0	33:-500:0	50	1	0	1	0	0	0	0	0	0	0	0	1	0	-1	-1	-1	-1	0
2644	2641	0	4	减速Lv4	移动速度降低6%，持续5秒	0	100	5000	0	33:-600:0	50	1	0	1	0	0	0	0	0	0	0	0	1	0	-1	-1	-1	-1	0
2645	2641	0	5	减速Lv5	移动速度降低7%，持续5秒	0	100	5000	0	33:-700:0	50	1	0	1	0	0	0	0	0	0	0	0	1	0	-1	-1	-1	-1	0
2646	2641	0	6	减速Lv6	移动速度降低9%，持续5秒	0	100	5000	0	33:-900:0	50	1	0	1	0	0	0	0	0	0	0	0	1	0	-1	-1	-1	-1	0
2647	2641	0	7	减速Lv7	移动速度降低10%，持续5秒	0	100	5000	0	33:-1000:0	50	1	0	1	0	0	0	0	0	0	0	0	1	0	-1	-1	-1	-1	0
2648	2641	0	8	减速Lv8	移动速度降低12%，持续5秒	0	100	5000	0	33:-1200:0	50	1	0	1	0	0	0	0	0	0	0	0	1	0	-1	-1	-1	-1	0
2649	2641	0	9	减速Lv9	移动速度降低13%，持续5秒	0	100	5000	0	33:-1300:0	50	1	0	1	0	0	0	0	0	0	0	0	1	0	-1	-1	-1	-1	0
2650	2641	0	10	减速Lv10	移动速度降低15%，持续5秒	0	100	5000	0	33:-1500:0	50	1	0	1	0	0	0	0	0	0	0	0	1	0	-1	-1	-1	-1	0
2661	2661	0	1	冰霜秘能Lv1	10秒内的下一次技能将得到加强，冰霜加成大幅提升	1	0	10000	0	16:0:119	50	1	0	1	0	0	0	0	0	0	1	1	1	0	-1	-1	-1	-1	0
2662	2661	0	2	冰霜秘能Lv2	10秒内的下一次技能将得到加强，冰霜加成大幅提升	1	0	10000	0	16:0:175	50	1	0	1	0	0	0	0	0	0	1	1	1	0	-1	-1	-1	-1	0
2663	2661	0	3	冰霜秘能Lv3	10秒内的下一次技能将得到加强，冰霜加成大幅提升	1	0	10000	0	16:0:231	50	1	0	1	0	0	0	0	0	0	1	1	1	0	-1	-1	-1	-1	0
2664	2661	0	4	冰霜秘能Lv4	10秒内的下一次技能将得到加强，冰霜加成大幅提升	1	0	10000	0	16:0:287	50	1	0	1	0	0	0	0	0	0	1	1	1	0	-1	-1	-1	-1	0
2665	2661	0	5	冰霜秘能Lv5	10秒内的下一次技能将得到加强，冰霜加成大幅提升	1	0	10000	0	16:0:343	50	1	0	1	0	0	0	0	0	0	1	1	1	0	-1	-1	-1	-1	0
2666	2661	0	6	冰霜秘能Lv6	10秒内的下一次技能将得到加强，冰霜加成大幅提升	1	0	10000	0	16:0:455	50	1	0	1	0	0	0	0	0	0	1	1	1	0	-1	-1	-1	-1	0
2667	2661	0	7	冰霜秘能Lv7	10秒内的下一次技能将得到加强，冰霜加成大幅提升	1	0	10000	0	16:0:511	50	1	0	1	0	0	0	0	0	0	1	1	1	0	-1	-1	-1	-1	0
2668	2661	0	8	冰霜秘能Lv8	10秒内的下一次技能将得到加强，冰霜加成大幅提升	1	0	10000	0	16:0:567	50	1	0	1	0	0	0	0	0	0	1	1	1	0	-1	-1	-1	-1	0
2669	2661	0	9	冰霜秘能Lv9	10秒内的下一次技能将得到加强，冰霜加成大幅提升	1	0	10000	0	16:0:624	50	1	0	1	0	0	0	0	0	0	1	1	1	0	-1	-1	-1	-1	0
2670	2661	0	10	冰霜秘能Lv10	10秒内的下一次技能将得到加强，冰霜加成大幅提升	1	0	10000	0	16:0:736	50	1	0	1	0	0	0	0	0	0	1	1	1	0	-1	-1	-1	-1	0
2681	2681	0	1	冷却Lv1	火焰抵抗提升，持续10秒	1	0	10000	0	9:0:238	50	1	0	1	0	0	0	0	0	0	0	0	1	0	-1	-1	-1	-1	0
2682	2681	0	2	冷却Lv2	火焰抵抗提升，持续10秒	1	0	10000	0	9:0:350	50	1	0	1	0	0	0	0	0	0	0	0	1	0	-1	-1	-1	-1	0
2683	2681	0	3	冷却Lv3	火焰抵抗提升，持续10秒	1	0	10000	0	9:0:463	50	1	0	1	0	0	0	0	0	0	0	0	1	0	-1	-1	-1	-1	0
2684	2681	0	4	冷却Lv4	火焰抵抗提升，持续10秒	1	0	10000	0	9:0:576	50	1	0	1	0	0	0	0	0	0	0	0	1	0	-1	-1	-1	-1	0
2685	2681	0	5	冷却Lv5	火焰抵抗提升，持续10秒	1	0	10000	0	9:0:688	50	1	0	1	0	0	0	0	0	0	0	0	1	0	-1	-1	-1	-1	0
2686	2681	0	6	冷却Lv6	火焰抵抗提升，持续10秒	1	0	10000	0	9:0:914	50	1	0	1	0	0	0	0	0	0	0	0	1	0	-1	-1	-1	-1	0
2687	2681	0	7	冷却Lv7	火焰抵抗提升，持续10秒	1	0	10000	0	9:0:1026	50	1	0	1	0	0	0	0	0	0	0	0	1	0	-1	-1	-1	-1	0
2688	2681	0	8	冷却Lv8	火焰抵抗提升，持续10秒	1	0	10000	0	9:0:1139	50	1	0	1	0	0	0	0	0	0	0	0	1	0	-1	-1	-1	-1	0
2689	2681	0	9	冷却Lv9	火焰抵抗提升，持续10秒	1	0	10000	0	9:0:1251	50	1	0	1	0	0	0	0	0	0	0	0	1	0	-1	-1	-1	-1	0
2690	2681	0	10	冷却Lv10	火焰抵抗提升，持续10秒	1	0	10000	0	9:0:1477	50	1	0	1	0	0	0	0	0	0	0	0	1	0	-1	-1	-1	-1	0
2801	2801	0	1	猛火Lv1	火焰加成提升，持续10秒	1	104	10000	0	15:0:119	38	1	0	1	0	0	0	0	0	0	0	0	1	0	-1	-1	-1	-1	0
2802	2801	0	2	猛火Lv2	火焰加成提升，持续10秒	1	104	10000	0	15:0:175	51	1	0	1	0	0	0	0	0	0	0	0	1	0	-1	-1	-1	-1	0
2803	2801	0	3	猛火Lv3	火焰加成提升，持续10秒	1	104	10000	0	15:0:231	76	1	0	1	0	0	0	0	0	0	0	0	1	0	-1	-1	-1	-1	0
2804	2801	0	4	猛火Lv4	火焰加成提升，持续10秒	1	104	10000	0	15:0:287	89	1	0	1	0	0	0	0	0	0	0	0	1	0	-1	-1	-1	-1	0
2805	2801	0	5	猛火Lv5	火焰加成提升，持续10秒	1	104	10000	0	15:0:343	102	1	0	1	0	0	0	0	0	0	0	0	1	0	-1	-1	-1	-1	0
2806	2801	0	6	猛火Lv6	火焰加成提升，持续10秒	1	104	10000	0	15:0:455	127	1	0	1	0	0	0	0	0	0	0	0	1	0	-1	-1	-1	-1	0
2807	2801	0	7	猛火Lv7	火焰加成提升，持续10秒	1	104	10000	0	15:0:511	140	1	0	1	0	0	0	0	0	0	0	0	1	0	-1	-1	-1	-1	0
2808	2801	0	8	猛火Lv8	火焰加成提升，持续10秒	1	104	10000	0	15:0:567	152	1	0	1	0	0	0	0	0	0	0	0	1	0	-1	-1	-1	-1	0
2809	2801	0	9	猛火Lv9	火焰加成提升，持续10秒	1	104	10000	0	15:0:624	178	1	0	1	0	0	0	0	0	0	0	0	1	0	-1	-1	-1	-1	0
2810	2801	0	10	猛火Lv10	火焰加成提升，持续10秒	1	104	10000	0	15:0:736	190	1	0	1	0	0	0	0	0	0	0	0	1	0	-1	-1	-1	-1	0
2821	2821	3	1	爆燃Lv1	持续燃烧，受到火焰伤害，持续5秒	0	0	5000	1000	0	50	1	0	1	1056	0	0	0	0	0	0	0	1	1	-1	-1	-1	-1	0
2822	2821	3	2	爆燃Lv2	持续燃烧，受到火焰伤害，持续5秒	0	0	5000	1000	0	50	1	0	1	1136	0	0	0	0	0	0	0	1	1	-1	-1	-1	-1	0
2823	2821	3	3	爆燃Lv3	持续燃烧，受到火焰伤害，持续5秒	0	0	5000	1000	0	50	1	0	1	1232	0	0	0	0	0	0	0	1	1	-1	-1	-1	-1	0
2824	2821	3	4	爆燃Lv4	持续燃烧，受到火焰伤害，持续5秒	0	0	5000	1000	0	50	1	0	1	1328	0	0	0	0	0	0	0	1	1	-1	-1	-1	-1	0
2825	2821	3	5	爆燃Lv5	持续燃烧，受到火焰伤害，持续5秒	0	0	5000	1000	0	50	1	0	1	1424	0	0	0	0	0	0	0	1	1	-1	-1	-1	-1	0
2826	2821	3	6	爆燃Lv6	持续燃烧，受到火焰伤害，持续5秒	0	0	5000	1000	0	50	1	0	1	1600	0	0	0	0	0	0	0	1	1	-1	-1	-1	-1	0
2827	2821	3	7	爆燃Lv7	持续燃烧，受到火焰伤害，持续5秒	0	0	5000	1000	0	50	1	0	1	1696	0	0	0	0	0	0	0	1	1	-1	-1	-1	-1	0
2828	2821	3	8	爆燃Lv8	持续燃烧，受到火焰伤害，持续5秒	0	0	5000	1000	0	50	1	0	1	1792	0	0	0	0	0	0	0	1	1	-1	-1	-1	-1	0
2829	2821	3	9	爆燃Lv9	持续燃烧，受到火焰伤害，持续5秒	0	0	5000	1000	0	50	1	0	1	1872	0	0	0	0	0	0	0	1	1	-1	-1	-1	-1	0
2830	2821	3	10	爆燃Lv10	持续燃烧，受到火焰伤害，持续5秒	0	0	5000	1000	0	50	1	0	1	2064	0	0	0	0	0	0	0	1	1	-1	-1	-1	-1	0
2841	2841	3	1	温暖小火Lv1	被温暖包围，冰霜抵抗提升，持续10秒	0	0	10000	0	10:0:238	50	1	0	1	0	0	0	0	0	0	0	0	1	1	-1	-1	-1	-1	0
2842	2841	3	2	温暖小火Lv2	被温暖包围，冰霜抵抗提升，持续10秒	0	0	10000	0	10:0:350	50	1	0	1	0	0	0	0	0	0	0	0	1	1	-1	-1	-1	-1	0
2843	2841	3	3	温暖小火Lv3	被温暖包围，冰霜抵抗提升，持续10秒	0	0	10000	0	10:0:463	50	1	0	1	0	0	0	0	0	0	0	0	1	1	-1	-1	-1	-1	0
2844	2841	3	4	温暖小火Lv4	被温暖包围，冰霜抵抗提升，持续10秒	0	0	10000	0	10:0:576	50	1	0	1	0	0	0	0	0	0	0	0	1	1	-1	-1	-1	-1	0
2845	2841	3	5	温暖小火Lv5	被温暖包围，冰霜抵抗提升，持续10秒	0	0	10000	0	10:0:688	50	1	0	1	0	0	0	0	0	0	0	0	1	1	-1	-1	-1	-1	0
2846	2841	3	6	温暖小火Lv6	被温暖包围，冰霜抵抗提升，持续10秒	0	0	10000	0	10:0:914	50	1	0	1	0	0	0	0	0	0	0	0	1	1	-1	-1	-1	-1	0
2847	2841	3	7	温暖小火Lv7	被温暖包围，冰霜抵抗提升，持续10秒	0	0	10000	0	10:0:1026	50	1	0	1	0	0	0	0	0	0	0	0	1	1	-1	-1	-1	-1	0
2848	2841	3	8	温暖小火Lv8	被温暖包围，冰霜抵抗提升，持续10秒	0	0	10000	0	10:0:1139	50	1	0	1	0	0	0	0	0	0	0	0	1	1	-1	-1	-1	-1	0
2849	2841	3	9	温暖小火Lv9	被温暖包围，冰霜抵抗提升，持续10秒	0	0	10000	0	10:0:1251	50	1	0	1	0	0	0	0	0	0	0	0	1	1	-1	-1	-1	-1	0
2850	2841	3	10	温暖小火Lv10	被温暖包围，冰霜抵抗提升，持续10秒	0	0	10000	0	10:0:1477	50	1	0	1	0	0	0	0	0	0	0	0	1	1	-1	-1	-1	-1	0
2861	2861	0	1	火凤转生Lv1	生命恢复速度和火焰抵抗增加，持续10秒	1	0	10000	0	3:0:261|9:0:238	50	1	0	1	0	0	0	0	0	0	0	0	1	0	-1	-1	-1	-1	0
2862	2861	0	2	火凤转生Lv2	生命恢复速度和火焰抵抗增加，持续10秒	1	0	10000	0	3:0:385|9:0:350	50	1	0	1	0	0	0	0	0	0	0	0	1	0	-1	-1	-1	-1	0
2863	2861	0	3	火凤转生Lv3	生命恢复速度和火焰抵抗增加，持续10秒	1	0	10000	0	3:0:509|9:0:463	50	1	0	1	0	0	0	0	0	0	0	0	1	0	-1	-1	-1	-1	0
2864	2861	0	4	火凤转生Lv4	生命恢复速度和火焰抵抗增加，持续10秒	1	0	10000	0	3:0:633|9:0:576	50	1	0	1	0	0	0	0	0	0	0	0	1	0	-1	-1	-1	-1	0
2865	2861	0	5	火凤转生Lv5	生命恢复速度和火焰抵抗增加，持续10秒	1	0	10000	0	3:0:757|9:0:688	50	1	0	1	0	0	0	0	0	0	0	0	1	0	-1	-1	-1	-1	0
2866	2861	0	6	火凤转生Lv6	生命恢复速度和火焰抵抗增加，持续10秒	1	0	10000	0	3:0:1004|9:0:914	50	1	0	1	0	0	0	0	0	0	0	0	1	0	-1	-1	-1	-1	0
2867	2861	0	7	火凤转生Lv7	生命恢复速度和火焰抵抗增加，持续10秒	1	0	10000	0	3:0:1128|9:0:1026	50	1	0	1	0	0	0	0	0	0	0	0	1	0	-1	-1	-1	-1	0
2868	2861	0	8	火凤转生Lv8	生命恢复速度和火焰抵抗增加，持续10秒	1	0	10000	0	3:0:1253|9:0:1139	50	1	0	1	0	0	0	0	0	0	0	0	1	0	-1	-1	-1	-1	0
2869	2861	0	9	火凤转生Lv9	生命恢复速度和火焰抵抗增加，持续10秒	1	0	10000	0	3:0:1377|9:0:1251	50	1	0	1	0	0	0	0	0	0	0	0	1	0	-1	-1	-1	-1	0
2870	2861	0	10	火凤转生Lv10	生命恢复速度和火焰抵抗增加，持续10秒	1	0	10000	0	3:0:1625|9:0:1477	50	1	0	1	0	0	0	0	0	0	0	0	1	0	-1	-1	-1	-1	0
3001	3001	0	1	骨毒Lv1	受到毒素伤害，持续5秒	0	114	5000	1000	0	50	1	0	1	1056	0	0	0	0	0	0	0	1	1	-1	-1	-1	-1	0
3002	3001	0	2	骨毒Lv2	受到毒素伤害，持续5秒	0	114	5000	1000	0	50	1	0	1	1152	0	0	0	0	0	0	0	1	1	-1	-1	-1	-1	0
3003	3001	0	3	骨毒Lv3	受到毒素伤害，持续5秒	0	114	5000	1000	0	50	1	0	1	1248	0	0	0	0	0	0	0	1	1	-1	-1	-1	-1	0
3004	3001	0	4	骨毒Lv4	受到毒素伤害，持续5秒	0	114	5000	1000	0	50	1	0	1	1344	0	0	0	0	0	0	0	1	1	-1	-1	-1	-1	0
3005	3001	0	5	骨毒Lv5	受到毒素伤害，持续5秒	0	114	5000	1000	0	50	1	0	1	1440	0	0	0	0	0	0	0	1	1	-1	-1	-1	-1	0
3006	3001	0	6	骨毒Lv6	受到毒素伤害，持续5秒	0	114	5000	1000	0	50	1	0	1	1648	0	0	0	0	0	0	0	1	1	-1	-1	-1	-1	0
3007	3001	0	7	骨毒Lv7	受到毒素伤害，持续5秒	0	114	5000	1000	0	50	1	0	1	1744	0	0	0	0	0	0	0	1	1	-1	-1	-1	-1	0
3008	3001	0	8	骨毒Lv8	受到毒素伤害，持续5秒	0	114	5000	1000	0	50	1	0	1	1840	0	0	0	0	0	0	0	1	1	-1	-1	-1	-1	0
3009	3001	0	9	骨毒Lv9	受到毒素伤害，持续5秒	0	114	5000	1000	0	50	1	0	1	1936	0	0	0	0	0	0	0	1	1	-1	-1	-1	-1	0
3010	3001	0	10	骨毒Lv10	受到毒素伤害，持续5秒	0	114	5000	1000	0	50	1	0	1	2128	0	0	0	0	0	0	0	1	1	-1	-1	-1	-1	0
3021	3021	0	1	虚弱诅咒Lv1	基础伤害降低，持续10秒	0	0	10000	0	4:0:218|5:-20:218	50	7	0	1	0	0	0	0	0	0	0	0	1	0	-1	-1	-1	-1	0
3022	3021	0	2	虚弱诅咒Lv2	基础伤害降低，持续10秒	0	0	10000	0	4:0:326|5:-40:326	50	11	0	1	0	0	0	0	0	0	0	0	1	0	-1	-1	-1	-1	0
3023	3021	0	3	虚弱诅咒Lv3	基础伤害降低，持续10秒	0	0	10000	0	4:0:435|5:-50:435	50	14	0	1	0	0	0	0	0	0	0	0	1	0	-1	-1	-1	-1	0
3024	3021	0	4	虚弱诅咒Lv4	基础伤害降低，持续10秒	0	0	10000	0	4:0:544|5:-60:544	50	17	0	1	0	0	0	0	0	0	0	0	1	0	-1	-1	-1	-1	0
3025	3021	0	5	虚弱诅咒Lv5	基础伤害降低，持续10秒	0	0	10000	0	4:0:653|5:-70:653	50	21	0	1	0	0	0	0	0	0	0	0	1	0	-1	-1	-1	-1	0
3026	3021	0	6	虚弱诅咒Lv6	基础伤害降低，持续10秒	0	0	10000	0	4:0:871|5:-90:871	50	24	0	1	0	0	0	0	0	0	0	0	1	0	-1	-1	-1	-1	0
3027	3021	0	7	虚弱诅咒Lv7	基础伤害降低，持续10秒	0	0	10000	0	4:0:979|5:-100:979	50	28	0	1	0	0	0	0	0	0	0	0	1	0	-1	-1	-1	-1	0
3028	3021	0	8	虚弱诅咒Lv8	基础伤害降低，持续10秒	0	0	10000	0	4:0:1088|5:-110:1088	50	31	0	1	0	0	0	0	0	0	0	0	1	0	-1	-1	-1	-1	0
3029	3021	0	9	虚弱诅咒Lv9	基础伤害降低，持续10秒	0	0	10000	0	4:0:1197|5:-130:1197	50	35	0	1	0	0	0	0	0	0	0	0	1	0	-1	-1	-1	-1	0
3030	3021	0	10	虚弱诅咒Lv10	基础伤害降低，持续10秒	0	0	10000	0	4:0:1415|5:-150:1415	50	38	0	1	0	0	0	0	0	0	0	0	1	0	-1	-1	-1	-1	0
3041	3041	0	1	毒素Lv1	受到毒素伤害，持续5秒	0	114	5000	1000	0	50	1	0	1	1056	0	0	0	0	0	0	0	1	1	-1	-1	-1	-1	0
3042	3041	0	2	毒素Lv2	受到毒素伤害，持续5秒	0	114	5000	1000	0	50	1	0	1	1152	0	0	0	0	0	0	0	1	1	-1	-1	-1	-1	0
3043	3041	0	3	毒素Lv3	受到毒素伤害，持续5秒	0	114	5000	1000	0	50	1	0	1	1248	0	0	0	0	0	0	0	1	1	-1	-1	-1	-1	0
3044	3041	0	4	毒素Lv4	受到毒素伤害，持续5秒	0	114	5000	1000	0	50	1	0	1	1344	0	0	0	0	0	0	0	1	1	-1	-1	-1	-1	0
3045	3041	0	5	毒素Lv5	受到毒素伤害，持续5秒	0	114	5000	1000	0	50	1	0	1	1440	0	0	0	0	0	0	0	1	1	-1	-1	-1	-1	0
3046	3041	0	6	毒素Lv6	受到毒素伤害，持续5秒	0	114	5000	1000	0	50	1	0	1	1648	0	0	0	0	0	0	0	1	1	-1	-1	-1	-1	0
3047	3041	0	7	毒素Lv7	受到毒素伤害，持续5秒	0	114	5000	1000	0	50	1	0	1	1744	0	0	0	0	0	0	0	1	1	-1	-1	-1	-1	0
3048	3041	0	8	毒素Lv8	受到毒素伤害，持续5秒	0	114	5000	1000	0	50	1	0	1	1840	0	0	0	0	0	0	0	1	1	-1	-1	-1	-1	0
3049	3041	0	9	毒素Lv9	受到毒素伤害，持续5秒	0	114	5000	1000	0	50	1	0	1	1936	0	0	0	0	0	0	0	1	1	-1	-1	-1	-1	0
3050	3041	0	10	毒素Lv10	受到毒素伤害，持续5秒	0	114	5000	1000	0	50	1	0	1	2128	0	0	0	0	0	0	0	1	1	-1	-1	-1	-1	0
3101	3101	0	1	死亡领主Lv1	毒素加成提升	1	0	1800000	0	17:0:25	50	1	0	0	0	0	0	0	0	0	0	0	0	0	-1	-1	-1	-1	0
3102	3101	0	2	死亡领主Lv2	毒素加成提升	1	0	1800000	0	17:0:51	50	1	0	0	0	0	0	0	0	0	0	0	0	0	-1	-1	-1	-1	0
3103	3101	0	3	死亡领主Lv3	毒素加成提升	1	0	1800000	0	17:0:63	50	1	0	0	0	0	0	0	0	0	0	0	0	0	-1	-1	-1	-1	0
3104	3101	0	4	死亡领主Lv4	毒素加成提升	1	0	1800000	0	17:0:76	50	1	0	0	0	0	0	0	0	0	0	0	0	0	-1	-1	-1	-1	0
3105	3101	0	5	死亡领主Lv5	毒素加成提升	1	0	1800000	0	17:0:89	50	1	0	0	0	0	0	0	0	0	0	0	0	0	-1	-1	-1	-1	0
3106	3101	0	6	死亡领主Lv6	毒素加成提升	1	0	1800000	0	17:0:101	50	1	0	0	0	0	0	0	0	0	0	0	0	0	-1	-1	-1	-1	0
3107	3101	0	7	死亡领主Lv7	毒素加成提升	1	0	1800000	0	17:0:114	50	1	0	0	0	0	0	0	0	0	0	0	0	0	-1	-1	-1	-1	0
3108	3101	0	8	死亡领主Lv8	毒素加成提升	1	0	1800000	0	17:0:139	50	1	0	0	0	0	0	0	0	0	0	0	0	0	-1	-1	-1	-1	0
3109	3101	0	9	死亡领主Lv9	毒素加成提升	1	0	1800000	0	17:0:152	50	1	0	0	0	0	0	0	0	0	0	0	0	0	-1	-1	-1	-1	0
3110	3101	0	10	死亡领主Lv10	毒素加成提升	1	0	1800000	0	17:0:165	50	1	0	0	0	0	0	0	0	0	0	0	0	0	-1	-1	-1	-1	0
3201	3201	0	1	破甲Lv1	被飞刃命中，防御降低，持续10秒	0	107	10000	0	6:0:-700	50	1	0	1	0	0	0	0	0	0	0	0	1	0	-1	-1	-1	-1	0
3202	3201	0	2	破甲Lv2	被飞刃命中，防御降低，持续11秒	0	107	10000	0	6:0:-1000	50	1	0	1	0	0	0	0	0	0	0	0	1	0	-1	-1	-1	-1	0
3203	3201	0	3	破甲Lv3	被飞刃命中，防御降低，持续12秒	0	107	10000	0	6:0:-1300	50	1	0	1	0	0	0	0	0	0	0	0	1	0	-1	-1	-1	-1	0
3204	3201	0	4	破甲Lv4	被飞刃命中，防御降低，持续13秒	0	107	10000	0	6:0:-1600	50	1	0	1	0	0	0	0	0	0	0	0	1	0	-1	-1	-1	-1	0
3205	3201	0	5	破甲Lv5	被飞刃命中，防御降低，持续14秒	0	107	10000	0	6:0:-1900	50	1	0	1	0	0	0	0	0	0	0	0	1	0	-1	-1	-1	-1	0
3206	3201	0	6	破甲Lv6	被飞刃命中，防御降低，持续15秒	0	107	10000	0	6:0:-2200	50	1	0	1	0	0	0	0	0	0	0	0	1	0	-1	-1	-1	-1	0
3207	3201	0	7	破甲Lv7	被飞刃命中，防御降低，持续16秒	0	107	10000	0	6:0:-2500	50	1	0	1	0	0	0	0	0	0	0	0	1	0	-1	-1	-1	-1	0
3208	3201	0	8	破甲Lv8	被飞刃命中，防御降低，持续17秒	0	107	10000	0	6:0:-2900	50	1	0	1	0	0	0	0	0	0	0	0	1	0	-1	-1	-1	-1	0
3209	3201	0	9	破甲Lv9	被飞刃命中，防御降低，持续18秒	0	107	10000	0	6:0:-3200	50	1	0	1	0	0	0	0	0	0	0	0	1	0	-1	-1	-1	-1	0
3210	3201	0	10	破甲Lv10	被飞刃命中，防御降低，持续19秒	0	107	10000	0	6:0:-3500	50	1	0	1	0	0	0	0	0	0	0	0	1	0	-1	-1	-1	-1	0
3221	3221	0	1	粘性炸弹Lv1	一颗大炸弹，5秒钟后爆炸！快想想办法…	0	111	5100	5000	0	50	1	0	1	3960	0	0	0	0	0	0	0	1	1	-1	-1	-1	-1	0
3222	3221	0	2	粘性炸弹Lv2	一颗大炸弹，5秒钟后爆炸！快想想办法…	0	111	5100	5000	0	50	1	0	1	4320	0	0	0	0	0	0	0	1	1	-1	-1	-1	-1	0
3223	3221	0	3	粘性炸弹Lv3	一颗大炸弹，5秒钟后爆炸！快想想办法…	0	111	5100	5000	0	50	1	0	1	4680	0	0	0	0	0	0	0	1	1	-1	-1	-1	-1	0
3224	3221	0	4	粘性炸弹Lv4	一颗大炸弹，5秒钟后爆炸！快想想办法…	0	111	5100	5000	0	50	1	0	1	5040	0	0	0	0	0	0	0	1	1	-1	-1	-1	-1	0
3225	3221	0	5	粘性炸弹Lv5	一颗大炸弹，5秒钟后爆炸！快想想办法…	0	111	5100	5000	0	50	1	0	1	5400	0	0	0	0	0	0	0	1	1	-1	-1	-1	-1	0
3226	3221	0	6	粘性炸弹Lv6	一颗大炸弹，5秒钟后爆炸！快想想办法…	0	111	5100	5000	0	50	1	0	1	6180	0	0	0	0	0	0	0	1	1	-1	-1	-1	-1	0
3227	3221	0	7	粘性炸弹Lv7	一颗大炸弹，5秒钟后爆炸！快想想办法…	0	111	5100	5000	0	50	1	0	1	6540	0	0	0	0	0	0	0	1	1	-1	-1	-1	-1	0
3228	3221	0	8	粘性炸弹Lv8	一颗大炸弹，5秒钟后爆炸！快想想办法…	0	111	5100	5000	0	50	1	0	1	6900	0	0	0	0	0	0	0	1	1	-1	-1	-1	-1	0
3229	3221	0	9	粘性炸弹Lv9	一颗大炸弹，5秒钟后爆炸！快想想办法…	0	111	5100	5000	0	50	1	0	1	7260	0	0	0	0	0	0	0	1	1	-1	-1	-1	-1	0
3230	3221	0	10	粘性炸弹Lv10	一颗大炸弹，5秒钟后爆炸！快想想办法…	0	111	5100	5000	0	50	1	0	1	7980	0	0	0	0	0	0	0	1	1	-1	-1	-1	-1	0
3241	3241	0	1	生存专家Lv1	提升移动速度，持续3秒	1	0	3000	0	33:0:-4	50	1	0	1	0	0	0	0	0	0	0	0	1	0	-1	-1	-1	-1	0
3242	3241	0	2	生存专家Lv2	提升移动速度，持续3秒	1	0	3000	0	33:0:-7	50	1	0	1	0	0	0	0	0	0	0	0	1	0	-1	-1	-1	-1	0
3243	3241	0	3	生存专家Lv3	提升移动速度，持续3秒	1	0	3000	0	33:0:-9	50	1	0	1	0	0	0	0	0	0	0	0	1	0	-1	-1	-1	-1	0
3244	3241	0	4	生存专家Lv4	提升移动速度，持续3秒	1	0	3000	0	33:0:-11	50	1	0	1	0	0	0	0	0	0	0	0	1	0	-1	-1	-1	-1	0
3245	3241	0	5	生存专家Lv5	提升移动速度，持续3秒	1	0	3000	0	33:0:-13	50	1	0	1	0	0	0	0	0	0	0	0	1	0	-1	-1	-1	-1	0
3246	3241	0	6	生存专家Lv6	提升移动速度，持续3秒	1	0	3000	0	33:0:-16	50	1	0	1	0	0	0	0	0	0	0	0	1	0	-1	-1	-1	-1	0
3247	3241	0	7	生存专家Lv7	提升移动速度，持续3秒	1	0	3000	0	33:0:-18	50	1	0	1	0	0	0	0	0	0	0	0	1	0	-1	-1	-1	-1	0
3248	3241	0	8	生存专家Lv8	提升移动速度，持续3秒	1	0	3000	0	33:0:-22	50	1	0	1	0	0	0	0	0	0	0	0	1	0	-1	-1	-1	-1	0
3249	3241	0	9	生存专家Lv9	提升移动速度，持续3秒	1	0	3000	0	33:0:-23	50	1	0	1	0	0	0	0	0	0	0	0	1	0	-1	-1	-1	-1	0
3250	3241	0	10	生存专家Lv10	提升移动速度，持续3秒	1	0	3000	0	33:0:-27	50	1	0	1	0	0	0	0	0	0	0	0	1	0	-1	-1	-1	-1	0
3261	3261	0	1	致残Lv1	降低移动速度，持续5秒	0	0	5000	0	33:0:-5	50	1	0	1	0	0	0	0	0	0	0	0	1	0	-1	-1	-1	-1	0
3262	3261	0	2	致残Lv2	降低移动速度，持续5秒	0	0	5000	0	33:0:-8	50	1	0	1	0	0	0	0	0	0	0	0	1	0	-1	-1	-1	-1	0
3263	3261	0	3	致残Lv3	降低移动速度，持续5秒	0	0	5000	0	33:0:-11	50	1	0	1	0	0	0	0	0	0	0	0	1	0	-1	-1	-1	-1	0
3264	3261	0	4	致残Lv4	降低移动速度，持续5秒	0	0	5000	0	33:0:-13	50	1	0	1	0	0	0	0	0	0	0	0	1	0	-1	-1	-1	-1	0
3265	3261	0	5	致残Lv5	降低移动速度，持续5秒	0	0	5000	0	33:0:-16	50	1	0	1	0	0	0	0	0	0	0	0	1	0	-1	-1	-1	-1	0
3266	3261	0	6	致残Lv6	降低移动速度，持续5秒	0	0	5000	0	33:0:-19	50	1	0	1	0	0	0	0	0	0	0	0	1	0	-1	-1	-1	-1	0
3267	3261	0	7	致残Lv7	降低移动速度，持续5秒	0	0	5000	0	33:0:-22	50	1	0	1	0	0	0	0	0	0	0	0	1	0	-1	-1	-1	-1	0
3268	3261	0	8	致残Lv8	降低移动速度，持续5秒	0	0	5000	0	33:0:-26	50	1	0	1	0	0	0	0	0	0	0	0	1	0	-1	-1	-1	-1	0
3269	3261	0	9	致残Lv9	降低移动速度，持续5秒	0	0	5000	0	33:0:-28	50	1	0	1	0	0	0	0	0	0	0	0	1	0	-1	-1	-1	-1	0
3270	3261	0	10	致残Lv10	降低移动速度，持续5秒	0	0	5000	0	33:0:-32	50	1	0	1	0	0	0	0	0	0	0	0	1	0	-1	-1	-1	-1	0
3401	3401	1	1	内伤Lv1	受到内伤，3秒后受到额外伤害	0	0	3100	3000	0	50	0	0	1	1760	0	0	0	0	0	0	0	1	1	-1	-1	-1	-1	0
3402	3401	1	2	内伤Lv2	受到内伤，3秒后受到额外伤害	0	0	3100	3000	0	50	0	0	1	1920	0	0	0	0	0	0	0	1	1	-1	-1	-1	-1	0
3403	3401	1	3	内伤Lv3	受到内伤，3秒后受到额外伤害	0	0	3100	3000	0	50	0	0	1	2080	0	0	0	0	0	0	0	1	1	-1	-1	-1	-1	0
3404	3401	1	4	内伤Lv4	受到内伤，3秒后受到额外伤害	0	0	3100	3000	0	50	0	0	1	2240	0	0	0	0	0	0	0	1	1	-1	-1	-1	-1	0
3405	3401	1	5	内伤Lv5	受到内伤，3秒后受到额外伤害	0	0	3100	3000	0	50	0	0	1	2400	0	0	0	0	0	0	0	1	1	-1	-1	-1	-1	0
3406	3401	1	6	内伤Lv6	受到内伤，3秒后受到额外伤害	0	0	3100	3000	0	50	0	0	1	2747	0	0	0	0	0	0	0	1	1	-1	-1	-1	-1	0
3407	3401	1	7	内伤Lv7	受到内伤，3秒后受到额外伤害	0	0	3100	3000	0	50	0	0	1	2907	0	0	0	0	0	0	0	1	1	-1	-1	-1	-1	0
3408	3401	1	8	内伤Lv8	受到内伤，3秒后受到额外伤害	0	0	3100	3000	0	50	0	0	1	3067	0	0	0	0	0	0	0	1	1	-1	-1	-1	-1	0
3409	3401	1	9	内伤Lv9	受到内伤，3秒后受到额外伤害	0	0	3100	3000	0	50	0	0	1	3227	0	0	0	0	0	0	0	1	1	-1	-1	-1	-1	0
3410	3401	1	10	内伤Lv10	受到内伤，3秒后受到额外伤害	0	0	3100	3000	0	50	0	0	1	3547	0	0	0	0	0	0	0	1	1	-1	-1	-1	-1	0
3421	3421	1	1	风从虎Lv1	虎虎虎！	1	0	5000	0	34:0:24	50	1	0	1	0	0	0	0	0	0	0	0	1	0	-1	-1	-1	-1	0
3422	3421	1	2	风从虎Lv2	虎虎虎！	1	0	5000	0	34:0:35	50	1	0	1	0	0	0	0	0	0	0	0	1	0	-1	-1	-1	-1	0
3423	3421	1	3	风从虎Lv3	虎虎虎！	1	0	5000	0	34:0:47	50	1	0	1	0	0	0	0	0	0	0	0	1	0	-1	-1	-1	-1	0
3424	3421	1	4	风从虎Lv4	虎虎虎！	1	0	5000	0	34:0:58	50	1	0	1	0	0	0	0	0	0	0	0	1	0	-1	-1	-1	-1	0
3425	3421	1	5	风从虎Lv5	虎虎虎！	1	0	5000	0	34:0:70	50	1	0	1	0	0	0	0	0	0	0	0	1	0	-1	-1	-1	-1	0
3426	3421	1	6	风从虎Lv6	虎虎虎！	1	0	5000	0	34:0:92	50	1	0	1	0	0	0	0	0	0	0	0	1	0	-1	-1	-1	-1	0
3427	3421	1	7	风从虎Lv7	虎虎虎！	1	0	5000	0	34:0:104	50	1	0	1	0	0	0	0	0	0	0	0	1	0	-1	-1	-1	-1	0
3428	3421	1	8	风从虎Lv8	虎虎虎！	1	0	5000	0	34:0:115	50	1	0	1	0	0	0	0	0	0	0	0	1	0	-1	-1	-1	-1	0
3429	3421	1	9	风从虎Lv9	虎虎虎！	1	0	5000	0	34:0:127	50	1	0	1	0	0	0	0	0	0	0	0	1	0	-1	-1	-1	-1	0
3430	3421	1	10	风从虎Lv10	虎虎虎！	1	0	5000	0	34:0:149	50	1	0	1	0	0	0	0	0	0	0	0	1	0	-1	-1	-1	-1	0
3441	3441	0	1	心眼Lv1	我看见你了！	1	0	10000	0	20:0:22	50	1	0	1	0	0	0	0	0	0	0	0	1	0	-1	-1	-1	-1	0
3442	3441	0	2	心眼Lv2	我看见你了！	1	0	10000	0	20:0:32	50	1	0	1	0	0	0	0	0	0	0	0	1	0	-1	-1	-1	-1	0
3443	3441	0	3	心眼Lv3	我看见你了！	1	0	10000	0	20:0:42	50	1	0	1	0	0	0	0	0	0	0	0	1	0	-1	-1	-1	-1	0
3444	3441	0	4	心眼Lv4	我看见你了！	1	0	10000	0	20:0:52	50	1	0	1	0	0	0	0	0	0	0	0	1	0	-1	-1	-1	-1	0
3445	3441	0	5	心眼Lv5	我看见你了！	1	0	10000	0	20:0:63	50	1	0	1	0	0	0	0	0	0	0	0	1	0	-1	-1	-1	-1	0
3446	3441	0	6	心眼Lv6	我看见你了！	1	0	10000	0	20:0:83	50	1	0	1	0	0	0	0	0	0	0	0	1	0	-1	-1	-1	-1	0
3447	3441	0	7	心眼Lv7	我看见你了！	1	0	10000	0	20:0:93	50	1	0	1	0	0	0	0	0	0	0	0	1	0	-1	-1	-1	-1	0
3448	3441	0	8	心眼Lv8	我看见你了！	1	0	10000	0	20:0:104	50	1	0	1	0	0	0	0	0	0	0	0	1	0	-1	-1	-1	-1	0
3449	3441	0	9	心眼Lv9	我看见你了！	1	0	10000	0	20:0:114	50	1	0	1	0	0	0	0	0	0	0	0	1	0	-1	-1	-1	-1	0
3450	3441	0	10	心眼Lv10	我看见你了！	1	0	10000	0	20:0:134	50	1	0	1	0	0	0	0	0	0	0	0	1	0	-1	-1	-1	-1	0
3461	3461	1	1	龙之缚Lv1	被龙之力量束缚，移动速度降低	0	0	5000	0	33:0:-4	50	1	0	1	0	0	0	0	0	0	0	0	1	0	-1	-1	-1	-1	0
3462	3461	1	2	龙之缚Lv2	被龙之力量束缚，移动速度降低	0	0	5000	0	33:0:-7	50	1	0	1	0	0	0	0	0	0	0	0	1	0	-1	-1	-1	-1	0
3463	3461	1	3	龙之缚Lv3	被龙之力量束缚，移动速度降低	0	0	5000	0	33:0:-9	50	1	0	1	0	0	0	0	0	0	0	0	1	0	-1	-1	-1	-1	0
3464	3461	1	4	龙之缚Lv4	被龙之力量束缚，移动速度降低	0	0	5000	0	33:0:-11	50	1	0	1	0	0	0	0	0	0	0	0	1	0	-1	-1	-1	-1	0
3465	3461	1	5	龙之缚Lv5	被龙之力量束缚，移动速度降低	0	0	5000	0	33:0:-13	50	1	0	1	0	0	0	0	0	0	0	0	1	0	-1	-1	-1	-1	0
3466	3461	1	6	龙之缚Lv6	被龙之力量束缚，移动速度降低	0	0	5000	0	33:0:-16	50	1	0	1	0	0	0	0	0	0	0	0	1	0	-1	-1	-1	-1	0
3467	3461	1	7	龙之缚Lv7	被龙之力量束缚，移动速度降低	0	0	5000	0	33:0:-18	50	1	0	1	0	0	0	0	0	0	0	0	1	0	-1	-1	-1	-1	0
3468	3461	1	8	龙之缚Lv8	被龙之力量束缚，移动速度降低	0	0	5000	0	33:0:-22	50	1	0	1	0	0	0	0	0	0	0	0	1	0	-1	-1	-1	-1	0
3469	3461	1	9	龙之缚Lv9	被龙之力量束缚，移动速度降低	0	0	5000	0	33:0:-23	50	1	0	1	0	0	0	0	0	0	0	0	1	0	-1	-1	-1	-1	0
3470	3461	1	10	龙之缚Lv10	被龙之力量束缚，移动速度降低	0	0	5000	0	33:0:-27	50	1	0	1	0	0	0	0	0	0	0	0	1	0	-1	-1	-1	-1	0
3481	3481	1	1	内力护盾Lv1	吸收伤害	1	110	5000	0	0	50	1	0	1	0	0	0	0	0	2	0	0	1	0	-1	-1	-1	-1	0
3482	3481	1	2	内力护盾Lv2	吸收伤害	1	110	5000	0	0	50	1	0	1	0	0	0	0	0	3	0	0	1	0	-1	-1	-1	-1	0
3483	3481	1	3	内力护盾Lv3	吸收伤害	1	110	5000	0	0	50	1	0	1	0	0	0	0	0	4	0	0	1	0	-1	-1	-1	-1	0
3484	3481	1	4	内力护盾Lv4	吸收伤害	1	110	5000	0	0	50	1	0	1	0	0	0	0	0	5	0	0	1	0	-1	-1	-1	-1	0
3485	3481	1	5	内力护盾Lv5	吸收伤害	1	110	5000	0	0	50	1	0	1	0	0	0	0	0	6	0	0	1	0	-1	-1	-1	-1	0
3486	3481	1	6	内力护盾Lv6	吸收伤害	1	110	5000	0	0	50	1	0	1	0	0	0	0	0	7	0	0	1	0	-1	-1	-1	-1	0
3487	3481	1	7	内力护盾Lv7	吸收伤害	1	110	5000	0	0	50	1	0	1	0	0	0	0	0	8	0	0	1	0	-1	-1	-1	-1	0
3488	3481	1	8	内力护盾Lv8	吸收伤害	1	110	5000	0	0	50	1	0	1	0	0	0	0	0	9	0	0	1	0	-1	-1	-1	-1	0
3489	3481	1	9	内力护盾Lv9	吸收伤害	1	110	5000	0	0	50	1	0	1	0	0	0	0	0	10	0	0	1	0	-1	-1	-1	-1	0
3490	3481	1	10	内力护盾Lv10	吸收伤害	1	110	5000	0	0	50	1	0	1	0	0	0	0	0	11	0	0	1	0	-1	-1	-1	-1	0
3501	3501	1	1	凤炎Lv1	被凤炎点燃，受到火焰伤害，持续5秒	0	113	5000	1000	0	50	1	0	1	1056	0	0	0	0	0	0	0	1	0	-1	-1	-1	-1	0
3502	3501	1	2	凤炎Lv2	被凤炎点燃，受到火焰伤害，持续5秒	0	113	5000	1000	0	50	1	0	1	1136	0	0	0	0	0	0	0	1	0	-1	-1	-1	-1	0
3503	3501	1	3	凤炎Lv3	被凤炎点燃，受到火焰伤害，持续5秒	0	113	5000	1000	0	50	1	0	1	1232	0	0	0	0	0	0	0	1	0	-1	-1	-1	-1	0
3504	3501	1	4	凤炎Lv4	被凤炎点燃，受到火焰伤害，持续5秒	0	113	5000	1000	0	50	1	0	1	1328	0	0	0	0	0	0	0	1	0	-1	-1	-1	-1	0
3505	3501	1	5	凤炎Lv5	被凤炎点燃，受到火焰伤害，持续5秒	0	113	5000	1000	0	50	1	0	1	1424	0	0	0	0	0	0	0	1	0	-1	-1	-1	-1	0
3506	3501	1	6	凤炎Lv6	被凤炎点燃，受到火焰伤害，持续5秒	0	113	5000	1000	0	50	1	0	1	1600	0	0	0	0	0	0	0	1	0	-1	-1	-1	-1	0
3507	3501	1	7	凤炎Lv7	被凤炎点燃，受到火焰伤害，持续5秒	0	113	5000	1000	0	50	1	0	1	1696	0	0	0	0	0	0	0	1	0	-1	-1	-1	-1	0
3508	3501	1	8	凤炎Lv8	被凤炎点燃，受到火焰伤害，持续5秒	0	113	5000	1000	0	50	1	0	1	1792	0	0	0	0	0	0	0	1	0	-1	-1	-1	-1	0
3509	3501	1	9	凤炎Lv9	被凤炎点燃，受到火焰伤害，持续5秒	0	113	5000	1000	0	50	1	0	1	1872	0	0	0	0	0	0	0	1	0	-1	-1	-1	-1	0
3510	3501	1	10	凤炎Lv10	被凤炎点燃，受到火焰伤害，持续5秒	0	113	5000	1000	0	50	1	0	1	2064	0	0	0	0	0	0	0	1	0	-1	-1	-1	-1	0
3601	3601	1	1	阴影标记Lv1	被阴影标记，物理抵抗降低，持续10秒	0	0	10000	0	7:0:-79	50	1	0	1	528	0	0	0	0	0	0	0	1	1	-1	-1	-1	-1	0
3602	3601	1	2	阴影标记Lv2	被阴影标记，物理抵抗降低，持续10秒	0	0	10000	0	7:0:-117	50	1	0	1	568	0	0	0	0	0	0	0	1	1	-1	-1	-1	-1	0
3603	3601	1	3	阴影标记Lv3	被阴影标记，物理抵抗降低，持续10秒	0	0	10000	0	7:0:-154	50	1	0	1	616	0	0	0	0	0	0	0	1	1	-1	-1	-1	-1	0
3604	3601	1	4	阴影标记Lv4	被阴影标记，物理抵抗降低，持续10秒	0	0	10000	0	7:0:-192	50	1	0	1	664	0	0	0	0	0	0	0	1	1	-1	-1	-1	-1	0
3605	3601	1	5	阴影标记Lv5	被阴影标记，物理抵抗降低，持续10秒	0	0	10000	0	7:0:-229	50	1	0	1	712	0	0	0	0	0	0	0	1	1	-1	-1	-1	-1	0
3606	3601	1	6	阴影标记Lv6	被阴影标记，物理抵抗降低，持续10秒	0	0	10000	0	7:0:-305	50	1	0	1	800	0	0	0	0	0	0	0	1	1	-1	-1	-1	-1	0
3607	3601	1	7	阴影标记Lv7	被阴影标记，物理抵抗降低，持续10秒	0	0	10000	0	7:0:-342	50	1	0	1	848	0	0	0	0	0	0	0	1	1	-1	-1	-1	-1	0
3608	3601	1	8	阴影标记Lv8	被阴影标记，物理抵抗降低，持续10秒	0	0	10000	0	7:0:-380	50	1	0	1	896	0	0	0	0	0	0	0	1	1	-1	-1	-1	-1	0
3609	3601	1	9	阴影标记Lv9	被阴影标记，物理抵抗降低，持续10秒	0	0	10000	0	7:0:-417	50	1	0	1	936	0	0	0	0	0	0	0	1	1	-1	-1	-1	-1	0
3610	3601	1	10	阴影标记Lv10	被阴影标记，物理抵抗降低，持续10秒	0	0	10000	0	7:0:-492	50	1	0	1	1032	0	0	0	0	0	0	0	1	1	-1	-1	-1	-1	0
3621	3621	0	1	幻影刃Lv1	第二次伤害	0	0	110	100	0	50	0	0	1	3960	0	0	0	0	0	0	0	0	1	-1	-1	-1	-1	0
3622	3621	0	2	幻影刃Lv2	第二次伤害	0	0	110	100	0	50	0	0	1	4320	0	0	0	0	0	0	0	0	1	-1	-1	-1	-1	0
3623	3621	0	3	幻影刃Lv3	第二次伤害	0	0	110	100	0	50	0	0	1	4680	0	0	0	0	0	0	0	0	1	-1	-1	-1	-1	0
3624	3621	0	4	幻影刃Lv4	第二次伤害	0	0	110	100	0	50	0	0	1	5040	0	0	0	0	0	0	0	0	1	-1	-1	-1	-1	0
3625	3621	0	5	幻影刃Lv5	第二次伤害	0	0	110	100	0	50	0	0	1	5400	0	0	0	0	0	0	0	0	1	-1	-1	-1	-1	0
3626	3621	0	6	幻影刃Lv6	第二次伤害	0	0	110	100	0	50	0	0	1	6180	0	0	0	0	0	0	0	0	1	-1	-1	-1	-1	0
3627	3621	0	7	幻影刃Lv7	第二次伤害	0	0	110	100	0	50	0	0	1	6540	0	0	0	0	0	0	0	0	1	-1	-1	-1	-1	0
3628	3621	0	8	幻影刃Lv8	第二次伤害	0	0	110	100	0	50	0	0	1	6900	0	0	0	0	0	0	0	0	1	-1	-1	-1	-1	0
3629	3621	0	9	幻影刃Lv9	第二次伤害	0	0	110	100	0	50	0	0	1	7260	0	0	0	0	0	0	0	0	1	-1	-1	-1	-1	0
3630	3621	0	10	幻影刃Lv10	第二次伤害	0	0	110	100	0	50	0	0	1	7980	0	0	0	0	0	0	0	0	1	-1	-1	-1	-1	0
3641	3641	0	1	融入暗影Lv1	闪避率提升，持续5秒	1	0	5000	0	19:0:20	50	1	0	1	3960	0	0	0	0	0	0	0	1	0	-1	-1	-1	-1	0
3642	3641	0	2	融入暗影Lv2	闪避率提升，持续5秒	1	0	5000	0	19:0:40	50	1	0	1	4260	0	0	0	0	0	0	0	1	0	-1	-1	-1	-1	0
3643	3641	0	3	融入暗影Lv3	闪避率提升，持续5秒	1	0	5000	0	19:0:50	50	1	0	1	4620	0	0	0	0	0	0	0	1	0	-1	-1	-1	-1	0
3644	3641	0	4	融入暗影Lv4	闪避率提升，持续5秒	1	0	5000	0	19:0:60	50	1	0	1	4980	0	0	0	0	0	0	0	1	0	-1	-1	-1	-1	0
3645	3641	0	5	融入暗影Lv5	闪避率提升，持续5秒	1	0	5000	0	19:0:70	50	1	0	1	5340	0	0	0	0	0	0	0	1	0	-1	-1	-1	-1	0
3646	3641	0	6	融入暗影Lv6	闪避率提升，持续5秒	1	0	5000	0	19:0:80	50	1	0	1	6000	0	0	0	0	0	0	0	1	0	-1	-1	-1	-1	0
3647	3641	0	7	融入暗影Lv7	闪避率提升，持续5秒	1	0	5000	0	19:0:90	50	1	0	1	6360	0	0	0	0	0	0	0	1	0	-1	-1	-1	-1	0
3648	3641	0	8	融入暗影Lv8	闪避率提升，持续5秒	1	0	5000	0	19:0:100	50	1	0	1	6720	0	0	0	0	0	0	0	1	0	-1	-1	-1	-1	0
3649	3641	0	9	融入暗影Lv9	闪避率提升，持续5秒	1	0	5000	0	19:0:120	50	1	0	1	7020	0	0	0	0	0	0	0	1	0	-1	-1	-1	-1	0
3650	3641	0	10	融入暗影Lv10	闪避率提升，持续5秒	1	0	5000	0	19:0:130	50	1	0	1	7740	0	0	0	0	0	0	0	1	0	-1	-1	-1	-1	0
3661	3661	0	1	暗影汲取Lv1	造成伤害的一部分将转化为自身生命值，持续10秒	1	0	10000	0	31:0:216	50	1	0	1	528	0	0	0	0	0	0	0	1	0	-1	-1	-1	-1	0
3662	3661	0	2	暗影汲取Lv2	造成伤害的一部分将转化为自身生命值，持续10秒	1	0	10000	0	31:0:319	50	1	0	1	568	0	0	0	0	0	0	0	1	0	-1	-1	-1	-1	0
3663	3661	0	3	暗影汲取Lv3	造成伤害的一部分将转化为自身生命值，持续10秒	1	0	10000	0	31:0:421	50	1	0	1	616	0	0	0	0	0	0	0	1	0	-1	-1	-1	-1	0
3664	3661	0	4	暗影汲取Lv4	造成伤害的一部分将转化为自身生命值，持续10秒	1	0	10000	0	31:0:524	50	1	0	1	664	0	0	0	0	0	0	0	1	0	-1	-1	-1	-1	0
3665	3661	0	5	暗影汲取Lv5	造成伤害的一部分将转化为自身生命值，持续10秒	1	0	10000	0	31:0:626	50	1	0	1	712	0	0	0	0	0	0	0	1	0	-1	-1	-1	-1	0
3666	3661	0	6	暗影汲取Lv6	造成伤害的一部分将转化为自身生命值，持续10秒	1	0	10000	0	31:0:831	50	1	0	1	800	0	0	0	0	0	0	0	1	0	-1	-1	-1	-1	0
3667	3661	0	7	暗影汲取Lv7	造成伤害的一部分将转化为自身生命值，持续10秒	1	0	10000	0	31:0:934	50	1	0	1	848	0	0	0	0	0	0	0	1	0	-1	-1	-1	-1	0
3668	3661	0	8	暗影汲取Lv8	造成伤害的一部分将转化为自身生命值，持续10秒	1	0	10000	0	31:0:1036	50	1	0	1	896	0	0	0	0	0	0	0	1	0	-1	-1	-1	-1	0
3669	3661	0	9	暗影汲取Lv9	造成伤害的一部分将转化为自身生命值，持续10秒	1	0	10000	0	31:0:1139	50	1	0	1	936	0	0	0	0	0	0	0	1	0	-1	-1	-1	-1	0
3670	3661	0	10	暗影汲取Lv10	造成伤害的一部分将转化为自身生命值，持续10秒	1	0	10000	0	31:0:1343	50	1	0	1	1032	0	0	0	0	0	0	0	1	0	-1	-1	-1	-1	0
3681	3681	0	1	影缭乱Lv1	物理加成提升	1	0	10000	0	13:0:54	50	1	0	1	528	0	0	0	0	0	0	0	1	0	-1	-1	-1	-1	0
3682	3681	0	2	影缭乱Lv2	物理加成提升	1	0	10000	0	13:0:82	50	1	0	1	568	0	0	0	0	0	0	0	1	0	-1	-1	-1	-1	0
3683	3681	0	3	影缭乱Lv3	物理加成提升	1	0	10000	0	13:0:109	50	1	0	1	616	0	0	0	0	0	0	0	1	0	-1	-1	-1	-1	0
3684	3681	0	4	影缭乱Lv4	物理加成提升	1	0	10000	0	13:0:136	50	1	0	1	664	0	0	0	0	0	0	0	1	0	-1	-1	-1	-1	0
3685	3681	0	5	影缭乱Lv5	物理加成提升	1	0	10000	0	13:0:163	50	1	0	1	712	0	0	0	0	0	0	0	1	0	-1	-1	-1	-1	0
3686	3681	0	6	影缭乱Lv6	物理加成提升	1	0	10000	0	13:0:218	50	1	0	1	800	0	0	0	0	0	0	0	1	0	-1	-1	-1	-1	0
3687	3681	0	7	影缭乱Lv7	物理加成提升	1	0	10000	0	13:0:218	50	1	0	1	848	0	0	0	0	0	0	0	1	0	-1	-1	-1	-1	0
3688	3681	0	8	影缭乱Lv8	物理加成提升	1	0	10000	0	13:0:245	50	1	0	1	896	0	0	0	0	0	0	0	1	0	-1	-1	-1	-1	0
3689	3681	0	9	影缭乱Lv9	物理加成提升	1	0	10000	0	13:0:272	50	1	0	1	936	0	0	0	0	0	0	0	1	0	-1	-1	-1	-1	0
3690	3681	0	10	影缭乱Lv10	物理加成提升	1	0	10000	0	13:0:326	50	1	0	1	1032	0	0	0	0	0	0	0	1	0	-1	-1	-1	-1	0
4501	4501	0	1	圣光守护Lv1	提高自身2.2%闪避，持续5秒	1	0	5000	0	19:220:0	50	1	4	1	0	0	0	0	0	0	0	0	1	0	-1	-1	-1	-1	0
4502	4501	0	2	圣光守护Lv2	提高自身3.2%闪避，持续5秒	1	0	5000	0	19:320:0	50	1	4	1	0	0	0	0	0	0	0	0	1	0	-1	-1	-1	-1	0
4503	4501	0	3	圣光守护Lv3	提高自身4.2%闪避，持续5秒	1	0	5000	0	19:420:0	50	1	4	1	0	0	0	0	0	0	0	0	1	0	-1	-1	-1	-1	0
4504	4501	0	4	圣光守护Lv4	提高自身5.2%闪避，持续5秒	1	0	5000	0	19:520:0	50	1	4	1	0	0	0	0	0	0	0	0	1	0	-1	-1	-1	-1	0
4505	4501	0	5	圣光守护Lv5	提高自身6.3%闪避，持续5秒	1	0	5000	0	19:630:0	50	1	4	1	0	0	0	0	0	0	0	0	1	0	-1	-1	-1	-1	0
4506	4501	0	6	圣光守护Lv6	提高自身8.3%闪避，持续5秒	1	0	5000	0	19:830:0	50	1	4	1	0	0	0	0	0	0	0	0	1	0	-1	-1	-1	-1	0
4507	4501	0	7	圣光守护Lv7	提高自身9.3%闪避，持续5秒	1	0	5000	0	19:930:0	50	1	4	1	0	0	0	0	0	0	0	0	1	0	-1	-1	-1	-1	0
4508	4501	0	8	圣光守护Lv8	提高自身10.4%闪避，持续5秒	1	0	5000	0	19:1040:0	50	1	4	1	0	0	0	0	0	0	0	0	1	0	-1	-1	-1	-1	0
4509	4501	0	9	圣光守护Lv9	提高自身11.4%闪避，持续5秒	1	0	5000	0	19:1140:0	50	1	4	1	0	0	0	0	0	0	0	0	1	0	-1	-1	-1	-1	0
4510	4501	0	10	圣光守护Lv10	提高自身13.4%闪避，持续5秒	1	0	5000	0	19:1340:0	50	1	4	1	0	0	0	0	0	0	0	0	1	0	-1	-1	-1	-1	0
4521	4521	0	1	神圣屏障Lv1	获得一个生命值上限2%的护盾吸收伤害，护盾持续5秒	1	7	5000	0	0	50	1	4	1	0	0	0	0	0	2	0	0	1	0	-1	-1	-1	-1	0
4522	4521	0	2	神圣屏障Lv2	获得一个生命值上限3%的护盾吸收伤害，护盾持续5秒	1	7	5000	0	0	50	1	4	1	0	0	0	0	0	3	0	0	1	0	-1	-1	-1	-1	0
4523	4521	0	3	神圣屏障Lv3	获得一个生命值上限4%的护盾吸收伤害，护盾持续5秒	1	7	5000	0	0	50	1	4	1	0	0	0	0	0	4	0	0	1	0	-1	-1	-1	-1	0
4524	4521	0	4	神圣屏障Lv4	获得一个生命值上限5%的护盾吸收伤害，护盾持续5秒	1	7	5000	0	0	50	1	4	1	0	0	0	0	0	5	0	0	1	0	-1	-1	-1	-1	0
4525	4521	0	5	神圣屏障Lv5	获得一个生命值上限6%的护盾吸收伤害，护盾持续5秒	1	7	5000	0	0	50	1	4	1	0	0	0	0	0	6	0	0	1	0	-1	-1	-1	-1	0
4526	4521	0	6	神圣屏障Lv6	获得一个生命值上限7%的护盾吸收伤害，护盾持续5秒	1	7	5000	0	0	50	1	4	1	0	0	0	0	0	7	0	0	1	0	-1	-1	-1	-1	0
4527	4521	0	7	神圣屏障Lv7	获得一个生命值上限8%的护盾吸收伤害，护盾持续5秒	1	7	5000	0	0	50	1	4	1	0	0	0	0	0	8	0	0	1	0	-1	-1	-1	-1	0
4528	4521	0	8	神圣屏障Lv8	获得一个生命值上限9%的护盾吸收伤害，护盾持续5秒	1	7	5000	0	0	50	1	4	1	0	0	0	0	0	9	0	0	1	0	-1	-1	-1	-1	0
4529	4521	0	9	神圣屏障Lv9	获得一个生命值上限10%的护盾吸收伤害，护盾持续5秒	1	7	5000	0	0	50	1	4	1	0	0	0	0	0	10	0	0	1	0	-1	-1	-1	-1	0
4530	4521	0	10	神圣屏障Lv10	获得一个生命值上限11%的护盾吸收伤害，护盾持续5秒	1	7	5000	0	0	50	1	4	1	0	0	0	0	0	11	0	0	1	0	-1	-1	-1	-1	0
5001	5001	0	1	冲刺LV1	冲刺期间伤害减免提升24%	1	0	600	0	29:2400:0	50	1	4	1	0	0	0	0	0	0	0	0	1	0	-1	-1	-1	-1	0
5002	5001	0	2	冲刺LV2	冲刺期间伤害减免提升35.4%	1	0	600	0	29:3540:0	50	1	4	1	0	0	0	0	0	0	0	0	1	0	-1	-1	-1	-1	0
5003	5001	0	3	冲刺LV3	冲刺期间伤害减免提升46.8%	1	0	600	0	29:4680:0	50	1	4	1	0	0	0	0	0	0	0	0	1	0	-1	-1	-1	-1	0
5004	5001	0	4	冲刺LV4	冲刺期间伤害减免提升58.2%	1	0	600	0	29:5820:0	50	1	4	1	0	0	0	0	0	0	0	0	1	0	-1	-1	-1	-1	0
5005	5001	0	5	冲刺LV5	冲刺期间伤害减免提升69.6%	1	0	600	0	29:6960:0	50	1	4	1	0	0	0	0	0	0	0	0	1	0	-1	-1	-1	-1	0
5006	5001	0	6	冲刺LV6	冲刺期间伤害减免提升92.3%	1	0	600	0	29:9230:0	50	1	4	1	0	0	0	0	0	0	0	0	1	0	-1	-1	-1	-1	0
5007	5001	0	7	冲刺LV7	冲刺期间伤害减免提升103.7%	1	0	600	0	29:10370:0	50	1	4	1	0	0	0	0	0	0	0	0	1	0	-1	-1	-1	-1	0
5008	5001	0	8	冲刺LV8	冲刺期间伤害减免提升115.1%	1	0	600	0	29:11510:0	50	1	4	1	0	0	0	0	0	0	0	0	1	0	-1	-1	-1	-1	0
5009	5001	0	9	冲刺LV9	冲刺期间伤害减免提升126.5%	1	0	600	0	29:12650:0	50	1	4	1	0	0	0	0	0	0	0	0	1	0	-1	-1	-1	-1	0
5010	5001	0	10	冲刺LV10	冲刺期间伤害减免提升149.3%	1	0	600	0	29:14930:0	50	1	4	1	0	0	0	0	0	0	0	0	1	0	-1	-1	-1	-1	0
5501	5501	0	1	先祖之魂2件Lv1	提升伤害、防御、移动速度	1	0	20000	0	4:0:560|5:0:560|33:0:65|6:0:560	50	1	0	1	0	0	0	0	0	0	0	0	1	0	zhanshi1000_nan	anhei_xianzu_chuxian	anhei_xianzu_xiaoshi	-1	0
5502	5501	0	2	先祖之魂2件Lv2	提升伤害、防御、移动速度	1	0	20000	0	4:0:720|5:0:720|33:0:65|6:0:720	50	1	0	1	0	0	0	0	0	0	0	0	1	0	zhanshi1000_nan	anhei_xianzu_chuxian	anhei_xianzu_xiaoshi	-1	0
5503	5501	0	3	先祖之魂2件Lv3	提升伤害、防御、移动速度	1	0	20000	0	4:0:880|5:0:880|33:0:65|6:0:880	50	1	0	1	0	0	0	0	0	0	0	0	1	0	zhanshi1000_nan	anhei_xianzu_chuxian	anhei_xianzu_xiaoshi	-1	0
5504	5501	0	4	先祖之魂2件Lv4	提升伤害、防御、移动速度	1	0	20000	0	4:0:1040|5:0:1040|33:0:65|6:0:1040	50	1	0	1	0	0	0	0	0	0	0	0	1	0	zhanshi1000_nan	anhei_xianzu_chuxian	anhei_xianzu_xiaoshi	-1	0
5505	5501	0	5	先祖之魂2件Lv5	提升伤害、防御、移动速度	1	0	20000	0	4:0:1200|5:0:1200|33:0:65|6:0:1200	50	1	0	1	0	0	0	0	0	0	0	0	1	0	zhanshi1000_nan	anhei_xianzu_chuxian	anhei_xianzu_xiaoshi	-1	0
5506	5501	0	6	先祖之魂2件Lv6	提升伤害、防御、移动速度	1	0	20000	0	4:0:1360|5:0:1360|33:0:65|6:0:1360	50	1	0	1	0	0	0	0	0	0	0	0	1	0	zhanshi1000_nan	anhei_xianzu_chuxian	anhei_xianzu_xiaoshi	-1	0
5507	5501	0	7	先祖之魂2件Lv7	提升伤害、防御、移动速度	1	0	20000	0	4:0:1520|5:0:1520|33:0:65|6:0:1520	50	1	0	1	0	0	0	0	0	0	0	0	1	0	zhanshi1000_nan	anhei_xianzu_chuxian	anhei_xianzu_xiaoshi	-1	0
5508	5501	0	8	先祖之魂2件Lv8	提升伤害、防御、移动速度	1	0	20000	0	4:0:1680|5:0:1680|33:0:65|6:0:1680	50	1	0	1	0	0	0	0	0	0	0	0	1	0	zhanshi1000_nan	anhei_xianzu_chuxian	anhei_xianzu_xiaoshi	-1	0
5509	5501	0	9	先祖之魂2件Lv9	提升伤害、防御、移动速度	1	0	20000	0	4:0:1840|5:0:1840|33:0:65|6:0:1840	50	1	0	1	0	0	0	0	0	0	0	0	1	0	zhanshi1000_nan	anhei_xianzu_chuxian	anhei_xianzu_xiaoshi	-1	0
5510	5501	0	10	先祖之魂2件Lv10	提升伤害、防御、移动速度	1	0	20000	0	4:0:2000|5:0:2000|33:0:65|6:0:2000	50	1	0	1	0	0	0	0	0	0	0	0	1	0	zhanshi1000_nan	anhei_xianzu_chuxian	anhei_xianzu_xiaoshi	-1	0
5521	5521	0	1	先祖之魂3件Lv1	提升格挡率、格挡值	1	0	30000	0	24:0:50|25:0:612	50	1	0	1	0	0	0	0	0	0	0	0	1	0	-1	-1	-1	-1	0
5522	5521	0	2	先祖之魂3件Lv2	提升格挡率、格挡值	1	0	30000	0	24:0:50|25:0:667	50	1	0	1	0	0	0	0	0	0	0	0	1	0	-1	-1	-1	-1	0
5523	5521	0	3	先祖之魂3件Lv3	提升格挡率、格挡值	1	0	30000	0	24:0:50|25:0:723	50	1	0	1	0	0	0	0	0	0	0	0	1	0	-1	-1	-1	-1	0
5524	5521	0	4	先祖之魂3件Lv4	提升格挡率、格挡值	1	0	30000	0	24:0:50|25:0:778	50	1	0	1	0	0	0	0	0	0	0	0	1	0	-1	-1	-1	-1	0
5525	5521	0	5	先祖之魂3件Lv5	提升格挡率、格挡值	1	0	30000	0	24:0:50|25:0:834	50	1	0	1	0	0	0	0	0	0	0	0	1	0	-1	-1	-1	-1	0
5526	5521	0	6	先祖之魂3件Lv6	提升格挡率、格挡值	1	0	30000	0	24:0:50|25:0:889	50	1	0	1	0	0	0	0	0	0	0	0	1	0	-1	-1	-1	-1	0
5527	5521	0	7	先祖之魂3件Lv7	提升格挡率、格挡值	1	0	30000	0	24:0:50|25:0:945	50	1	0	1	0	0	0	0	0	0	0	0	1	0	-1	-1	-1	-1	0
5528	5521	0	8	先祖之魂3件Lv8	提升格挡率、格挡值	1	0	30000	0	24:0:50|25:0:1000	50	1	0	1	0	0	0	0	0	0	0	0	1	0	-1	-1	-1	-1	0
5529	5521	0	9	先祖之魂3件Lv9	提升格挡率、格挡值	1	0	30000	0	24:0:50|25:0:1056	50	1	0	1	0	0	0	0	0	0	0	0	1	0	-1	-1	-1	-1	0
5530	5521	0	10	先祖之魂3件Lv10	提升格挡率、格挡值	1	0	30000	0	24:0:50|25:0:1112	50	1	0	1	0	0	0	0	0	0	0	0	1	0	-1	-1	-1	-1	0
5541	5541	0	1	先祖之魂4件Lv1	提升伤害减免	1	0	30000	0	29:0:70	50	1	0	1	0	0	0	0	0	0	0	0	1	0	-1	-1	-1	-1	0
5542	5541	0	2	先祖之魂4件Lv2	提升伤害减免	1	0	30000	0	29:0:90	50	1	0	1	0	0	0	0	0	0	0	0	1	0	-1	-1	-1	-1	0
5543	5541	0	3	先祖之魂4件Lv3	提升伤害减免	1	0	30000	0	29:0:110	50	1	0	1	0	0	0	0	0	0	0	0	1	0	-1	-1	-1	-1	0
5544	5541	0	4	先祖之魂4件Lv4	提升伤害减免	1	0	30000	0	29:0:130	50	1	0	1	0	0	0	0	0	0	0	0	1	0	-1	-1	-1	-1	0
5545	5541	0	5	先祖之魂4件Lv5	提升伤害减免	1	0	30000	0	29:0:150	50	1	0	1	0	0	0	0	0	0	0	0	1	0	-1	-1	-1	-1	0
5546	5541	0	6	先祖之魂4件Lv6	提升伤害减免	1	0	30000	0	29:0:170	50	1	0	1	0	0	0	0	0	0	0	0	1	0	-1	-1	-1	-1	0
5547	5541	0	7	先祖之魂4件Lv7	提升伤害减免	1	0	30000	0	29:0:190	50	1	0	1	0	0	0	0	0	0	0	0	1	0	-1	-1	-1	-1	0
5548	5541	0	8	先祖之魂4件Lv8	提升伤害减免	1	0	30000	0	29:0:210	50	1	0	1	0	0	0	0	0	0	0	0	1	0	-1	-1	-1	-1	0
5549	5541	0	9	先祖之魂4件Lv9	提升伤害减免	1	0	30000	0	29:0:230	50	1	0	1	0	0	0	0	0	0	0	0	1	0	-1	-1	-1	-1	0
5550	5541	0	10	先祖之魂4件Lv10	提升伤害减免	1	0	30000	0	29:0:250	50	1	0	1	0	0	0	0	0	0	0	0	1	0	-1	-1	-1	-1	0
5601	5601	0	1	御法者2件Lv1	提升伤害、防御、移动速度	1	0	20000	0	4:0:560|5:0:560|33:0:65|6:0:560	50	1	0	1	0	0	0	0	0	0	0	0	1	0	fashi1000_nan	anhei_yufazhe_chuxian	anhei_yufazhe_xiaoshi	-1	0
5602	5601	0	2	御法者2件Lv2	提升伤害、防御、移动速度	1	0	20000	0	4:0:720|5:0:720|33:0:65|6:0:720	50	1	0	1	0	0	0	0	0	0	0	0	1	0	fashi1000_nan	anhei_yufazhe_chuxian	anhei_yufazhe_xiaoshi	-1	0
5603	5601	0	3	御法者2件Lv3	提升伤害、防御、移动速度	1	0	20000	0	4:0:880|5:0:880|33:0:65|6:0:880	50	1	0	1	0	0	0	0	0	0	0	0	1	0	fashi1000_nan	anhei_yufazhe_chuxian	anhei_yufazhe_xiaoshi	-1	0
5604	5601	0	4	御法者2件Lv4	提升伤害、防御、移动速度	1	0	20000	0	4:0:1040|5:0:1040|33:0:65|6:0:1040	50	1	0	1	0	0	0	0	0	0	0	0	1	0	fashi1000_nan	anhei_yufazhe_chuxian	anhei_yufazhe_xiaoshi	-1	0
5605	5601	0	5	御法者2件Lv5	提升伤害、防御、移动速度	1	0	20000	0	4:0:1200|5:0:1200|33:0:65|6:0:1200	50	1	0	1	0	0	0	0	0	0	0	0	1	0	fashi1000_nan	anhei_yufazhe_chuxian	anhei_yufazhe_xiaoshi	-1	0
5606	5601	0	6	御法者2件Lv6	提升伤害、防御、移动速度	1	0	20000	0	4:0:1360|5:0:1360|33:0:65|6:0:1360	50	1	0	1	0	0	0	0	0	0	0	0	1	0	fashi1000_nan	anhei_yufazhe_chuxian	anhei_yufazhe_xiaoshi	-1	0
5607	5601	0	7	御法者2件Lv7	提升伤害、防御、移动速度	1	0	20000	0	4:0:1520|5:0:1520|33:0:65|6:0:1520	50	1	0	1	0	0	0	0	0	0	0	0	1	0	fashi1000_nan	anhei_yufazhe_chuxian	anhei_yufazhe_xiaoshi	-1	0
5608	5601	0	8	御法者2件Lv8	提升伤害、防御、移动速度	1	0	20000	0	4:0:1680|5:0:1680|33:0:65|6:0:1680	50	1	0	1	0	0	0	0	0	0	0	0	1	0	fashi1000_nan	anhei_yufazhe_chuxian	anhei_yufazhe_xiaoshi	-1	0
5609	5601	0	9	御法者2件Lv9	提升伤害、防御、移动速度	1	0	20000	0	4:0:1840|5:0:1840|33:0:65|6:0:1840	50	1	0	1	0	0	0	0	0	0	0	0	1	0	fashi1000_nan	anhei_yufazhe_chuxian	anhei_yufazhe_xiaoshi	-1	0
5610	5601	0	10	御法者2件Lv10	提升伤害、防御、移动速度	1	0	20000	0	4:0:2000|5:0:2000|33:0:65|6:0:2000	50	1	0	1	0	0	0	0	0	0	0	0	1	0	fashi1000_nan	anhei_yufazhe_chuxian	anhei_yufazhe_xiaoshi	-1	0
5621	5621	0	1	御法者3件Lv1	提升全元素抗性	1	0	30000	0	7:0:560|8:0:560|9:0:560|10:0:560|11:0:560|12:0:560	50	1	0	1	0	0	0	0	0	0	0	0	1	0	-1	-1	-1	-1	0
5622	5621	0	2	御法者3件Lv2	提升全元素抗性	1	0	30000	0	7:0:720|8:0:720|9:0:720|10:0:720|11:0:720|12:0:720	50	1	0	1	0	0	0	0	0	0	0	0	1	0	-1	-1	-1	-1	0
5623	5621	0	3	御法者3件Lv3	提升全元素抗性	1	0	30000	0	7:0:880|8:0:880|9:0:880|10:0:880|11:0:880|12:0:880	50	1	0	1	0	0	0	0	0	0	0	0	1	0	-1	-1	-1	-1	0
5624	5621	0	4	御法者3件Lv4	提升全元素抗性	1	0	30000	0	7:0:1040|8:0:1040|9:0:1040|10:0:1040|11:0:1040|12:0:1040	50	1	0	1	0	0	0	0	0	0	0	0	1	0	-1	-1	-1	-1	0
5625	5621	0	5	御法者3件Lv5	提升全元素抗性	1	0	30000	0	7:0:1200|8:0:1200|9:0:1200|10:0:1200|11:0:1200|12:0:1200	50	1	0	1	0	0	0	0	0	0	0	0	1	0	-1	-1	-1	-1	0
5626	5621	0	6	御法者3件Lv6	提升全元素抗性	1	0	30000	0	7:0:1360|8:0:1360|9:0:1360|10:0:1360|11:0:1360|12:0:1360	50	1	0	1	0	0	0	0	0	0	0	0	1	0	-1	-1	-1	-1	0
5627	5621	0	7	御法者3件Lv7	提升全元素抗性	1	0	30000	0	7:0:1520|8:0:1520|9:0:1520|10:0:1520|11:0:1520|12:0:1520	50	1	0	1	0	0	0	0	0	0	0	0	1	0	-1	-1	-1	-1	0
5628	5621	0	8	御法者3件Lv8	提升全元素抗性	1	0	30000	0	7:0:1680|8:0:1680|9:0:1680|10:0:1680|11:0:1680|12:0:1680	50	1	0	1	0	0	0	0	0	0	0	0	1	0	-1	-1	-1	-1	0
5629	5621	0	9	御法者3件Lv9	提升全元素抗性	1	0	30000	0	7:0:1840|8:0:1840|9:0:1840|10:0:1840|11:0:1840|12:0:1840	50	1	0	1	0	0	0	0	0	0	0	0	1	0	-1	-1	-1	-1	0
5630	5621	0	10	御法者3件Lv10	提升全元素抗性	1	0	30000	0	7:0:2000|8:0:2000|9:0:2000|10:0:2000|11:0:2000|12:0:2000	50	1	0	1	0	0	0	0	0	0	0	0	1	0	-1	-1	-1	-1	0
5641	5641	0	1	御法者4件Lv1	提升伤害减免	1	0	30000	0	29:0:70	50	1	0	1	0	0	0	0	0	0	0	0	1	0	-1	-1	-1	-1	0
5642	5641	0	2	御法者4件Lv2	提升伤害减免	1	0	30000	0	29:0:90	50	1	0	1	0	0	0	0	0	0	0	0	1	0	-1	-1	-1	-1	0
5643	5641	0	3	御法者4件Lv3	提升伤害减免	1	0	30000	0	29:0:110	50	1	0	1	0	0	0	0	0	0	0	0	1	0	-1	-1	-1	-1	0
5644	5641	0	4	御法者4件Lv4	提升伤害减免	1	0	30000	0	29:0:130	50	1	0	1	0	0	0	0	0	0	0	0	1	0	-1	-1	-1	-1	0
5645	5641	0	5	御法者4件Lv5	提升伤害减免	1	0	30000	0	29:0:150	50	1	0	1	0	0	0	0	0	0	0	0	1	0	-1	-1	-1	-1	0
5646	5641	0	6	御法者4件Lv6	提升伤害减免	1	0	30000	0	29:0:170	50	1	0	1	0	0	0	0	0	0	0	0	1	0	-1	-1	-1	-1	0
5647	5641	0	7	御法者4件Lv7	提升伤害减免	1	0	30000	0	29:0:190	50	1	0	1	0	0	0	0	0	0	0	0	1	0	-1	-1	-1	-1	0
5648	5641	0	8	御法者4件Lv8	提升伤害减免	1	0	30000	0	29:0:210	50	1	0	1	0	0	0	0	0	0	0	0	1	0	-1	-1	-1	-1	0
5649	5641	0	9	御法者4件Lv9	提升伤害减免	1	0	30000	0	29:0:230	50	1	0	1	0	0	0	0	0	0	0	0	1	0	-1	-1	-1	-1	0
5650	5641	0	10	御法者4件Lv10	提升伤害减免	1	0	30000	0	29:0:250	50	1	0	1	0	0	0	0	0	0	0	0	1	0	-1	-1	-1	-1	0
5701	5701	0	1	暗影猎杀2件Lv1	提升伤害、防御、移动速度	1	0	20000	0	4:0:560|5:0:560|33:0:65|6:0:560	50	1	0	1	0	0	0	0	0	0	0	0	1	0	cike1000_nan	anhei_anying_chuxian	anhei_anying_xiaoshi	-1	0
5702	5701	0	2	暗影猎杀2件Lv2	提升伤害、防御、移动速度	1	0	20000	0	4:0:720|5:0:720|33:0:65|6:0:720	50	1	0	1	0	0	0	0	0	0	0	0	1	0	cike1000_nan	anhei_anying_chuxian	anhei_anying_xiaoshi	-1	0
5703	5701	0	3	暗影猎杀2件Lv3	提升伤害、防御、移动速度	1	0	20000	0	4:0:880|5:0:880|33:0:65|6:0:880	50	1	0	1	0	0	0	0	0	0	0	0	1	0	cike1000_nan	anhei_anying_chuxian	anhei_anying_xiaoshi	-1	0
5704	5701	0	4	暗影猎杀2件Lv4	提升伤害、防御、移动速度	1	0	20000	0	4:0:1040|5:0:1040|33:0:65|6:0:1040	50	1	0	1	0	0	0	0	0	0	0	0	1	0	cike1000_nan	anhei_anying_chuxian	anhei_anying_xiaoshi	-1	0
5705	5701	0	5	暗影猎杀2件Lv5	提升伤害、防御、移动速度	1	0	20000	0	4:0:1200|5:0:1200|33:0:65|6:0:1200	50	1	0	1	0	0	0	0	0	0	0	0	1	0	cike1000_nan	anhei_anying_chuxian	anhei_anying_xiaoshi	-1	0
5706	5701	0	6	暗影猎杀2件Lv6	提升伤害、防御、移动速度	1	0	20000	0	4:0:1360|5:0:1360|33:0:65|6:0:1360	50	1	0	1	0	0	0	0	0	0	0	0	1	0	cike1000_nan	anhei_anying_chuxian	anhei_anying_xiaoshi	-1	0
5707	5701	0	7	暗影猎杀2件Lv7	提升伤害、防御、移动速度	1	0	20000	0	4:0:1520|5:0:1520|33:0:65|6:0:1520	50	1	0	1	0	0	0	0	0	0	0	0	1	0	cike1000_nan	anhei_anying_chuxian	anhei_anying_xiaoshi	-1	0
5708	5701	0	8	暗影猎杀2件Lv8	提升伤害、防御、移动速度	1	0	20000	0	4:0:1680|5:0:1680|33:0:65|6:0:1680	50	1	0	1	0	0	0	0	0	0	0	0	1	0	cike1000_nan	anhei_anying_chuxian	anhei_anying_xiaoshi	-1	0
5709	5701	0	9	暗影猎杀2件Lv9	提升伤害、防御、移动速度	1	0	20000	0	4:0:1840|5:0:1840|33:0:65|6:0:1840	50	1	0	1	0	0	0	0	0	0	0	0	1	0	cike1000_nan	anhei_anying_chuxian	anhei_anying_xiaoshi	-1	0
5710	5701	0	10	暗影猎杀2件Lv10	提升伤害、防御、移动速度	1	0	20000	0	4:0:2000|5:0:2000|33:0:65|6:0:2000	50	1	0	1	0	0	0	0	0	0	0	0	1	0	cike1000_nan	anhei_anying_chuxian	anhei_anying_xiaoshi	-1	0
5721	5721	0	1	暗影猎杀3件Lv1	提升闪避率	1	0	30000	0	19:0:53	50	1	0	1	0	0	0	0	0	0	0	0	1	0	-1	-1	-1	-1	0
5722	5721	0	2	暗影猎杀3件Lv2	提升闪避率	1	0	30000	0	19:0:67	50	1	0	1	0	0	0	0	0	0	0	0	1	0	-1	-1	-1	-1	0
5723	5721	0	3	暗影猎杀3件Lv3	提升闪避率	1	0	30000	0	19:0:82	50	1	0	1	0	0	0	0	0	0	0	0	1	0	-1	-1	-1	-1	0
5724	5721	0	4	暗影猎杀3件Lv4	提升闪避率	1	0	30000	0	19:0:97	50	1	0	1	0	0	0	0	0	0	0	0	1	0	-1	-1	-1	-1	0
5725	5721	0	5	暗影猎杀3件Lv5	提升闪避率	1	0	30000	0	19:0:112	50	1	0	1	0	0	0	0	0	0	0	0	1	0	-1	-1	-1	-1	0
5726	5721	0	6	暗影猎杀3件Lv6	提升闪避率	1	0	30000	0	19:0:127	50	1	0	1	0	0	0	0	0	0	0	0	1	0	-1	-1	-1	-1	0
5727	5721	0	7	暗影猎杀3件Lv7	提升闪避率	1	0	30000	0	19:0:142	50	1	0	1	0	0	0	0	0	0	0	0	1	0	-1	-1	-1	-1	0
5728	5721	0	8	暗影猎杀3件Lv8	提升闪避率	1	0	30000	0	19:0:157	50	1	0	1	0	0	0	0	0	0	0	0	1	0	-1	-1	-1	-1	0
5729	5721	0	9	暗影猎杀3件Lv9	提升闪避率	1	0	30000	0	19:0:172	50	1	0	1	0	0	0	0	0	0	0	0	1	0	-1	-1	-1	-1	0
5730	5721	0	10	暗影猎杀3件Lv10	提升闪避率	1	0	30000	0	19:0:187	50	1	0	1	0	0	0	0	0	0	0	0	1	0	-1	-1	-1	-1	0
5741	5741	0	1	暗影猎杀4件Lv1	提升伤害减免	1	0	30000	0	29:0:70	50	1	0	1	0	0	0	0	0	0	0	0	1	0	-1	-1	-1	-1	0
5742	5741	0	2	暗影猎杀4件Lv2	提升伤害减免	1	0	30000	0	29:0:90	50	1	0	1	0	0	0	0	0	0	0	0	1	0	-1	-1	-1	-1	0
5743	5741	0	3	暗影猎杀4件Lv3	提升伤害减免	1	0	30000	0	29:0:110	50	1	0	1	0	0	0	0	0	0	0	0	1	0	-1	-1	-1	-1	0
5744	5741	0	4	暗影猎杀4件Lv4	提升伤害减免	1	0	30000	0	29:0:130	50	1	0	1	0	0	0	0	0	0	0	0	1	0	-1	-1	-1	-1	0
5745	5741	0	5	暗影猎杀4件Lv5	提升伤害减免	1	0	30000	0	29:0:150	50	1	0	1	0	0	0	0	0	0	0	0	1	0	-1	-1	-1	-1	0
5746	5741	0	6	暗影猎杀4件Lv6	提升伤害减免	1	0	30000	0	29:0:170	50	1	0	1	0	0	0	0	0	0	0	0	1	0	-1	-1	-1	-1	0
5747	5741	0	7	暗影猎杀4件Lv7	提升伤害减免	1	0	30000	0	29:0:190	50	1	0	1	0	0	0	0	0	0	0	0	1	0	-1	-1	-1	-1	0
5748	5741	0	8	暗影猎杀4件Lv8	提升伤害减免	1	0	30000	0	29:0:210	50	1	0	1	0	0	0	0	0	0	0	0	1	0	-1	-1	-1	-1	0
5749	5741	0	9	暗影猎杀4件Lv9	提升伤害减免	1	0	30000	0	29:0:230	50	1	0	1	0	0	0	0	0	0	0	0	1	0	-1	-1	-1	-1	0
5750	5741	0	10	暗影猎杀4件Lv10	提升伤害减免	1	0	30000	0	29:0:250	50	1	0	1	0	0	0	0	0	0	0	0	1	0	-1	-1	-1	-1	0
100000	100000	0	1	至高天秘钥	可以前往至高天秘境下一层的秘钥	1	103	36000000	0	0	17	1	6	1	0	0	0	0	0	0	0	0	0	0	-1	-1	-1	-1	0
100001	100001	0	1	志高王王冠	这个家伙持有志高王的王冠	1	103	36000000	0	0	17	1	6	1	0	0	0	0	0	0	0	0	0	0	-1	-1	-1	-1	0
6001	6001	2	1	撕裂虚空LV1	使目标每秒受到闪电伤害，持续5秒	0	0	5000	1000	0	50	1	0	1	1056	0	0	0	0	0	0	0	1	1	-1	-1	-1	-1	0
6002	6001	2	2	撕裂虚空LV2	使目标每秒受到闪电伤害，持续5秒	0	0	5000	1000	0	50	1	0	1	1136	0	0	0	0	0	0	0	1	1	-1	-1	-1	-1	0
6003	6001	2	3	撕裂虚空LV3	使目标每秒受到闪电伤害，持续5秒	0	0	5000	1000	0	50	1	0	1	1232	0	0	0	0	0	0	0	1	1	-1	-1	-1	-1	0
6004	6001	2	4	撕裂虚空LV4	使目标每秒受到闪电伤害，持续5秒	0	0	5000	1000	0	50	1	0	1	1328	0	0	0	0	0	0	0	1	1	-1	-1	-1	-1	0
6005	6001	2	5	撕裂虚空LV5	使目标每秒受到闪电伤害，持续5秒	0	0	5000	1000	0	50	1	0	1	1424	0	0	0	0	0	0	0	1	1	-1	-1	-1	-1	0
6006	6001	2	6	撕裂虚空LV6	使目标每秒受到闪电伤害，持续5秒	0	0	5000	1000	0	50	1	0	1	1600	0	0	0	0	0	0	0	1	1	-1	-1	-1	-1	0
6007	6001	2	7	撕裂虚空LV7	使目标每秒受到闪电伤害，持续5秒	0	0	5000	1000	0	50	1	0	1	1696	0	0	0	0	0	0	0	1	1	-1	-1	-1	-1	0
6008	6001	2	8	撕裂虚空LV8	使目标每秒受到闪电伤害，持续5秒	0	0	5000	1000	0	50	1	0	1	1792	0	0	0	0	0	0	0	1	1	-1	-1	-1	-1	0
6009	6001	2	9	撕裂虚空LV9	使目标每秒受到闪电伤害，持续5秒	0	0	5000	1000	0	50	1	0	1	1872	0	0	0	0	0	0	0	1	1	-1	-1	-1	-1	0
6010	6001	2	10	撕裂虚空LV10	使目标每秒受到闪电伤害，持续5秒	0	0	5000	1000	0	50	1	0	1	2064	0	0	0	0	0	0	0	1	1	-1	-1	-1	-1	0
6021	6021	0	1	禁咒裁决Lv1	防御值降低，持续5秒	0	0	5000	0	6:-228:0	50	1	0	1	0	0	0	0	0	0	0	0	1	0	-1	-1	-1	-1	0
6022	6021	0	2	禁咒裁决Lv2	防御值降低，持续5秒	0	0	5000	0	6:-336:0	50	1	0	1	0	0	0	0	0	0	0	0	1	0	-1	-1	-1	-1	0
6023	6021	0	3	禁咒裁决Lv3	防御值降低，持续5秒	0	0	5000	0	6:-443:0	50	1	0	1	0	0	0	0	0	0	0	0	1	0	-1	-1	-1	-1	0
6024	6021	0	4	禁咒裁决Lv4	防御值降低，持续5秒	0	0	5000	0	6:-551:0	50	1	0	1	0	0	0	0	0	0	0	0	1	0	-1	-1	-1	-1	0
6025	6021	0	5	禁咒裁决Lv5	防御值降低，持续5秒	0	0	5000	0	6:-659:0	50	1	0	1	0	0	0	0	0	0	0	0	1	0	-1	-1	-1	-1	0
6026	6021	0	6	禁咒裁决Lv6	防御值降低，持续5秒	0	0	5000	0	6:-875:0	50	1	0	1	0	0	0	0	0	0	0	0	1	0	-1	-1	-1	-1	0
6027	6021	0	7	禁咒裁决Lv7	防御值降低，持续5秒	0	0	5000	0	6:-983:0	50	1	0	1	0	0	0	0	0	0	0	0	1	0	-1	-1	-1	-1	0
6028	6021	0	8	禁咒裁决Lv8	防御值降低，持续5秒	0	0	5000	0	6:-1090:0	50	1	0	1	0	0	0	0	0	0	0	0	1	0	-1	-1	-1	-1	0
6029	6021	0	9	禁咒裁决Lv9	防御值降低，持续5秒	0	0	5000	0	6:-1198:0	50	1	0	1	0	0	0	0	0	0	0	0	1	0	-1	-1	-1	-1	0
6030	6021	0	10	禁咒裁决Lv10	防御值降低，持续5秒	0	0	5000	0	6:-1414:0	50	1	0	1	0	0	0	0	0	0	0	0	1	0	-1	-1	-1	-1	0
7001	7001	0	1	疾驰	移动速度提升100点，持续5秒	1	26	5000	0	33:0:300	20	1	0	1	0	0	0	0	0	0	0	0	0	0	-1	-1	-1	-1	0
7002	7002	0	1	装甲	防御提升100点，持续5秒	1	26	5000	0	6:0:1000000	20	1	0	1	0	0	0	0	0	0	0	0	0	0	-1	-1	-1	-1	0
7101	7101	0	1	弱点打击Lv1	寻找目标弱点并进行攻击，使目标防御降低，持续10秒	0	0	10000	0	6:-700:0	50	1	0	1	0	0	0	0	0	0	0	0	1	0	-1	-1	-1	-1	0
7102	7101	0	2	弱点打击Lv2	寻找目标弱点并进行攻击，使目标防御降低，持续11秒	0	0	11000	0	6:-1000:0	50	1	0	1	0	0	0	0	0	0	0	0	1	0	-1	-1	-1	-1	0
7103	7101	0	3	弱点打击Lv3	寻找目标弱点并进行攻击，使目标防御降低，持续12秒	0	0	12000	0	6:-1300:0	50	1	0	1	0	0	0	0	0	0	0	0	1	0	-1	-1	-1	-1	0
7104	7101	0	4	弱点打击Lv4	寻找目标弱点并进行攻击，使目标防御降低，持续13秒	0	0	13000	0	6:-1600:0	50	1	0	1	0	0	0	0	0	0	0	0	1	0	-1	-1	-1	-1	0
7105	7101	0	5	弱点打击Lv5	寻找目标弱点并进行攻击，使目标防御降低，持续14秒	0	0	14000	0	6:-1900:0	50	1	0	1	0	0	0	0	0	0	0	0	1	0	-1	-1	-1	-1	0
7106	7101	0	6	弱点打击Lv6	寻找目标弱点并进行攻击，使目标防御降低，持续15秒	0	0	15000	0	6:-2200:0	50	1	0	1	0	0	0	0	0	0	0	0	1	0	-1	-1	-1	-1	0
7107	7101	0	7	弱点打击Lv7	寻找目标弱点并进行攻击，使目标防御降低，持续16秒	0	0	16000	0	6:-2500:0	50	1	0	1	0	0	0	0	0	0	0	0	1	0	-1	-1	-1	-1	0
7108	7101	0	8	弱点打击Lv8	寻找目标弱点并进行攻击，使目标防御降低，持续17秒	0	0	17000	0	6:-2900:0	50	1	0	1	0	0	0	0	0	0	0	0	1	0	-1	-1	-1	-1	0
7109	7101	0	9	弱点打击Lv9	寻找目标弱点并进行攻击，使目标防御降低，持续18秒	0	0	18000	0	6:-3200:0	50	1	0	1	0	0	0	0	0	0	0	0	1	0	-1	-1	-1	-1	0
7110	7101	0	10	弱点打击Lv10	寻找目标弱点并进行攻击，使目标防御降低，持续19秒	0	0	19000	0	6:-3500:0	50	1	0	1	0	0	0	0	0	0	0	0	1	0	-1	-1	-1	-1	0
8001	8001	0	1	无敌圣光	传送至危险区域时，圣光将赐予祝福获得无敌效果，持续3秒	1	7	4000	10	16:0:9999999999	50	1	0	1	0	0	0	0	0	0	0	0	0	0	-1	-1	-1	-1	0
11001	11001	0	1	愤怒	#debc6a|激活盘古斧后，攻击敌人时，5%几率触发|#00ff00|伤害加成10%|#debc6a|，持续5秒。	1	0	5000	0	15:0:100	93	1	0	1	0	0	0	0	0	0	0	0	1	0	-1	-1	-1	-1	0
11002	11002	0	1	抵抗	#debc6a|激活崆峒印后，受到攻击时，5%几率触发|#00ff00|伤害减免10%|#debc6a|，持续5秒。	1	0	5000	0	16:0:100	94	1	0	1	0	0	0	0	0	0	0	0	1	0	-1	-1	-1	-1	0
11010	11010	0	1	觉醒Lv1	加5%生命、攻击、防御，倍攻倍率提升1倍	1	113	300000	0	18:0:50|20:0:50|21:0:50|45:0:1000	90	1	0	1	0	0	0	5	0	0	0	0	1	0	-1	-1	-1	-1	0
11011	11010	0	2	觉醒Lv2	加10%生命、攻击、防御，倍攻倍率提升2倍	1	113	300000	0	18:0:100|20:0:100|21:0:100|45:0:2000	90	1	0	1	0	0	0	10	0	0	0	0	1	0	-1	-1	-1	-1	0
11012	11010	0	3	觉醒Lv3	加15%生命、攻击、防御，倍攻倍率提升3倍	1	113	300000	0	18:0:150|20:0:150|21:0:150|45:0:3000	90	1	0	1	0	0	0	15	0	0	0	0	1	0	-1	-1	-1	-1	0
11013	11010	0	4	觉醒Lv4	加20%生命、攻击、防御，倍攻倍率提升4倍	1	113	300000	0	18:0:200|20:0:200|21:0:200|45:0:4000	90	1	0	1	0	0	0	20	0	0	0	0	1	0	-1	-1	-1	-1	0
11014	11010	0	5	觉醒Lv5	加25%生命、攻击、防御，倍攻倍率提升5倍	1	113	300000	0	18:0:250|20:0:250|21:0:250|45:0:5000	90	1	0	1	0	0	0	25	0	0	0	0	1	0	-1	-1	-1	-1	0
11015	11010	0	6	觉醒Lv6	加30%生命、攻击、防御，倍攻倍率提升6倍	1	113	300000	0	18:0:300|20:0:300|21:0:300|45:0:6000	90	1	0	1	0	0	0	30	0	0	0	0	1	0	-1	-1	-1	-1	0
11016	11010	0	7	觉醒Lv7	加35%生命、攻击、防御，倍攻倍率提升7倍	1	113	300000	0	18:0:350|20:0:350|21:0:350|45:0:7000	90	1	0	1	0	0	0	35	0	0	0	0	1	0	-1	-1	-1	-1	0
11017	11010	0	8	觉醒Lv8	加40%生命、攻击、防御，倍攻倍率提升8倍	1	113	300000	0	18:0:400|20:0:400|21:0:400|45:0:8000	90	1	0	1	0	0	0	40	0	0	0	0	1	0	-1	-1	-1	-1	0
11018	11010	0	9	觉醒Lv9	加45%生命、攻击、防御，倍攻倍率提升9倍	1	113	300000	0	18:0:450|20:0:450|21:0:450|45:0:9000	90	1	0	1	0	0	0	45	0	0	0	0	1	0	-1	-1	-1	-1	0
11019	11010	0	10	觉醒Lv10	加50%生命、攻击、防御，倍攻倍率提升10倍	1	113	300000	0	18:0:500|20:0:500|21:0:500|45:0:10000	90	1	0	1	0	0	0	50	0	0	0	0	1	0	-1	-1	-1	-1	0
11020	11020	0	1	神圣觉醒Lv1	加10%生命、攻击、防御，倍攻倍率提升2倍	1	104	300000	0	18:0:100|20:0:100|21:0:100|45:0:1000	91	1	0	1	0	0	0	10	0	0	0	0	1	0	-1	-1	-1	-1	0
11021	11020	0	2	神圣觉醒Lv2	加20%生命、攻击、防御，倍攻倍率提升4倍	1	104	300000	0	18:0:200|20:0:200|21:0:200|45:0:2000	91	1	0	1	0	0	0	20	0	0	0	0	1	0	-1	-1	-1	-1	0
11022	11020	0	3	神圣觉醒Lv3	加30%生命、攻击、防御，倍攻倍率提升6倍	1	104	300000	0	18:0:300|20:0:300|21:0:300|45:0:3000	91	1	0	1	0	0	0	30	0	0	0	0	1	0	-1	-1	-1	-1	0
11023	11020	0	4	神圣觉醒Lv4	加40%生命、攻击、防御，倍攻倍率提升8倍	1	104	300000	0	18:0:400|20:0:400|21:0:400|45:0:4000	91	1	0	1	0	0	0	40	0	0	0	0	1	0	-1	-1	-1	-1	0
11024	11020	0	5	神圣觉醒Lv5	加50%生命、攻击、防御，倍攻倍率提升10倍	1	104	300000	0	18:0:500|20:0:500|21:0:500|45:0:5000	91	1	0	1	0	0	0	50	0	0	0	0	1	0	-1	-1	-1	-1	0
11025	11020	0	6	神圣觉醒Lv6	加60%生命、攻击、防御，倍攻倍率提升12倍	1	104	300000	0	18:0:600|20:0:600|21:0:600|45:0:6000	91	1	0	1	0	0	0	60	0	0	0	0	1	0	-1	-1	-1	-1	0
11026	11020	0	7	神圣觉醒Lv7	加70%生命、攻击、防御，倍攻倍率提升14倍	1	104	300000	0	18:0:700|20:0:700|21:0:700|45:0:7000	91	1	0	1	0	0	0	70	0	0	0	0	1	0	-1	-1	-1	-1	0
11027	11020	0	8	神圣觉醒Lv8	加80%生命、攻击、防御，倍攻倍率提升16倍	1	104	300000	0	18:0:800|20:0:800|21:0:800|45:0:8000	91	1	0	1	0	0	0	80	0	0	0	0	1	0	-1	-1	-1	-1	0
11028	11020	0	9	神圣觉醒Lv9	加90%生命、攻击、防御，倍攻倍率提升18倍	1	104	300000	0	18:0:900|20:0:900|21:0:900|45:0:9000	91	1	0	1	0	0	0	90	0	0	0	0	1	0	-1	-1	-1	-1	0
11029	11020	0	10	神圣觉醒Lv10	加100%生命、攻击、防御，倍攻倍率提升20倍	1	104	300000	0	18:0:1000|20:0:1000|21:0:1000|45:0:10000	91	1	0	1	0	0	0	100	0	0	0	0	1	0	-1	-1	-1	-1	0
11050	11050	0	1	霜冻LV1	#a54bfa|霜冻Lv1：0.5%概率对玩家造成冰冻3秒(PVP有效)	0	9	3000	0	0	16	1	2	1	0	1	0	0	0	0	0	0	0	0	-1	-1	-1	-1	0
11051	11050	0	2	霜冻LV2	#a54bfa|霜冻Lv2：1%概率对玩家造成冰冻3秒(PVP有效)	0	9	3000	0	0	16	1	2	1	0	1	0	0	0	0	0	0	0	0	-1	-1	-1	-1	0
11052	11050	0	3	霜冻LV3	#a54bfa|霜冻Lv3：1.5%概率对玩家造成冰冻3秒(PVP有效)	0	9	3000	0	0	16	1	2	1	0	1	0	0	0	0	0	0	0	0	-1	-1	-1	-1	0
11053	11050	0	4	霜冻LV4	#a54bfa|霜冻Lv4：3%概率对玩家造成冰冻3秒(PVP有效)	0	9	3000	0	0	16	1	2	1	0	1	0	0	0	0	0	0	0	0	-1	-1	-1	-1	0
11054	11050	0	5	霜冻LV5	#a54bfa|霜冻Lv5：5%概率对玩家造成冰冻3秒(PVP有效)	0	9	3000	0	0	16	1	2	1	0	1	0	0	0	0	0	0	0	0	-1	-1	-1	-1	0
11060	11060	0	1	圣体LV1	#a54bfa|圣体Lv1：1%概率触发无敌3秒(PVP有效)	1	2	3000	0	0	62	1	6	1	0	0	0	0	0	0	0	0	0	0	-1	-1	-1	-1	0
11061	11060	0	2	圣体LV2	#a54bfa|圣体Lv2：2%概率触发无敌3秒(PVP有效)	1	2	3000	0	0	62	1	6	1	0	0	0	0	0	0	0	0	0	0	-1	-1	-1	-1	0
11062	11060	0	3	圣体LV3	#a54bfa|圣体Lv3：3%概率触发无敌3秒(PVP有效)	1	2	3000	0	0	62	1	6	1	0	0	0	0	0	0	0	0	0	0	-1	-1	-1	-1	0
11063	11060	0	4	圣体LV4	#a54bfa|圣体Lv4：4%概率触发无敌4秒(PVP有效)	1	2	4000	0	0	62	1	6	1	0	0	0	0	0	0	0	0	0	0	-1	-1	-1	-1	0
11064	11060	0	5	圣体LV5	#a54bfa|圣体Lv5：5%概率触发无敌5秒(PVP有效)	1	2	5000	0	0	62	1	6	1	0	0	0	0	0	0	0	0	0	0	-1	-1	-1	-1	0
11070	11070	0	1	鲲灵护体lv1	#debc6a|终北之北有溟海者，天池也，有鱼焉，其广数千里，其长称焉，其名为鲲。\n|#debc6a|大鱼可以抵御敌方|#00ff00|3次|#debc6a|技能伤害。(鬼影爪不计算在内)	1	11	10000	0	0	95	1	0	1	0	0	0	0	0	0	2	3	0	0	-1	-1	-1	-1	0
11071	11070	0	2	鲲灵护体lv2	#debc6a|终北之北有溟海者，天池也，有鱼焉，其广数千里，其长称焉，其名为鲲。\n|#debc6a|大鱼可以抵御敌方|#00ff00|3次|#debc6a|技能伤害。(鬼影爪不计算在内)	1	11	10000	0	0	95	1	0	1	0	0	0	0	0	0	2	3	0	0	-1	-1	-1	-1	0
11072	11070	0	3	鲲灵护体lv3	#debc6a|终北之北有溟海者，天池也，有鱼焉，其广数千里，其长称焉，其名为鲲。\n|#debc6a|大鱼可以抵御敌方|#00ff00|4次|#debc6a|技能伤害。(鬼影爪不计算在内)	1	11	10000	0	0	95	1	0	1	0	0	0	0	0	0	2	4	0	0	-1	-1	-1	-1	0
11073	11070	0	4	鲲灵护体lv4	#debc6a|终北之北有溟海者，天池也，有鱼焉，其广数千里，其长称焉，其名为鲲。\n|#debc6a|大鱼可以抵御敌方|#00ff00|4次|#debc6a|技能伤害。(鬼影爪不计算在内)	1	11	10000	0	0	95	1	0	1	0	0	0	0	0	0	2	4	0	0	-1	-1	-1	-1	0
11074	11070	0	5	鲲灵护体lv5	#debc6a|终北之北有溟海者，天池也，有鱼焉，其广数千里，其长称焉，其名为鲲。\n|#debc6a|大鱼可以抵御敌方|#00ff00|5次|#debc6a|技能伤害。(鬼影爪不计算在内)	1	11	10000	0	0	95	1	0	1	0	0	0	0	0	0	2	5	0	0	-1	-1	-1	-1	0
12001	12001	0	1	天人合一Lv1	#a54bfa|获得宠物|#00ff00|2.5%|#a54bfa|生命、防御、伤害追加	1	117	604800000	0	1:0:2000000|6:0:2500|7:0:3750|27:0:7500	33	1	0	0	0	0	0	0	0	0	0	0	0	0	-1	-1	-1	-1	81250
12002	12001	0	2	天人合一Lv2	#a54bfa|获得宠物|#00ff00|4%|#a54bfa|生命、防御、伤害追加	1	117	604800000	0	1:0:3200000|6:0:4000|7:0:6000|27:0:12000	33	1	0	0	0	0	0	0	0	0	0	0	0	0	-1	-1	-1	-1	130000
12003	12001	0	3	天人合一Lv3	#a54bfa|获得宠物|#00ff00|6%|#a54bfa|生命、防御、伤害追加	1	117	604800000	0	1:0:4800000|6:0:6000|7:0:9000|27:0:18000	33	1	0	0	0	0	0	0	0	0	0	0	0	0	-1	-1	-1	-1	195000
12004	12001	0	4	天人合一Lv4	#a54bfa|获得宠物|#00ff00|8.5%|#a54bfa|生命、防御、伤害追加\n生命低于|#00ff00|20%|#a54bfa|可触发攻击造成的最终伤害增幅|#00ff00|10%	1	117	604800000	0	1:0:6800000|6:0:8500|7:0:12750|27:0:25500	33	1	0	0	0	0	0	0	0	0	0	0	0	0	-1	-1	-1	20:10	276250
12005	12001	0	5	天人合一Lv5	#a54bfa|获得宠物|#00ff00|11.5%|#a54bfa|生命、防御、伤害追加\n生命低于|#00ff00|20%|#a54bfa|可触发攻击造成的最终伤害增幅|#00ff00|20%	1	117	604800000	0	1:0:9200000|6:0:11500|7:0:17250|27:0:34500	33	1	0	0	0	0	0	0	0	0	0	0	0	0	-1	-1	-1	20:20	373750
12006	12001	0	6	天人合一Lv6	#a54bfa|获得宠物|#00ff00|15%|#a54bfa|生命、防御、伤害追加\n生命低于|#00ff00|20%|#a54bfa|可触发攻击造成的最终伤害增幅|#00ff00|30%	1	117	604800000	0	1:0:12000000|6:0:15000|7:0:22500|27:0:45000	33	1	0	0	0	0	0	0	0	0	0	0	0	0	-1	-1	-1	20:30	487500
13001	13001	0	1	龙神之怒Lv1	#debc6a|集齐龙神套装后，攻击敌人时，2%几率触发|#00ff00|倍攻增加6倍|#debc6a|，持续5秒。	1	0	5000	0	45:0:6000	96	1	0	1	0	0	0	0	0	0	0	0	1	0	-1	-1	-1	-1	0
13002	13001	0	2	龙神之怒Lv2	#debc6a|集齐龙神套装后，攻击敌人时，2%几率触发|#00ff00|倍攻增加8倍|#debc6a|，持续5秒。	1	0	5000	0	45:0:8000	96	1	0	1	0	0	0	0	0	0	0	0	1	0	-1	-1	-1	-1	0
13003	13001	0	3	龙神之怒Lv3	#debc6a|集齐龙神套装后，攻击敌人时，2%几率触发|#00ff00|倍攻增加10倍|#debc6a|，持续5秒。	1	0	5000	0	45:0:10000	96	1	0	1	0	0	0	0	0	0	0	0	1	0	-1	-1	-1	-1	0
13004	13001	0	4	龙神之怒Lv4	#debc6a|集齐龙神套装后，攻击敌人时，2%几率触发|#00ff00|倍攻增加12倍|#debc6a|，持续5秒。	1	0	5000	0	45:0:12000	96	1	0	1	0	0	0	0	0	0	0	0	1	0	-1	-1	-1	-1	0
13005	13001	0	5	龙神之怒Lv5	#debc6a|集齐龙神套装后，攻击敌人时，2%几率触发|#00ff00|倍攻增加14倍|#debc6a|，持续5秒。	1	0	5000	0	45:0:14000	96	1	0	1	0	0	0	0	0	0	0	0	1	0	-1	-1	-1	-1	0
13006	13001	0	6	龙神之怒Lv6	#debc6a|集齐龙神套装后，攻击敌人时，2%几率触发|#00ff00|倍攻增加16倍|#debc6a|，持续5秒。	1	0	5000	0	45:0:16000	96	1	0	1	0	0	0	0	0	0	0	0	1	0	-1	-1	-1	-1	0
13007	13001	0	7	龙神之怒Lv7	#debc6a|集齐龙神套装后，攻击敌人时，2%几率触发|#00ff00|倍攻增加18倍|#debc6a|，持续5秒。	1	0	5000	0	45:0:18000	96	1	0	1	0	0	0	0	0	0	0	0	1	0	-1	-1	-1	-1	0
13008	13001	0	8	龙神之怒Lv8	#debc6a|集齐龙神套装后，攻击敌人时，2%几率触发|#00ff00|倍攻增加20倍|#debc6a|，持续5秒。	1	0	5000	0	45:0:20000	96	1	0	1	0	0	0	0	0	0	0	0	1	0	-1	-1	-1	-1	0
13009	13001	0	9	龙神之怒Lv9	#debc6a|集齐龙神套装后，攻击敌人时，2.5%几率触发|#00ff00|倍攻增加22倍|#debc6a|，持续5秒。	1	0	5000	0	45:0:22000	96	1	0	1	0	0	0	0	0	0	0	0	1	0	-1	-1	-1	-1	0
13010	13001	0	10	龙神之怒Lv10	#debc6a|集齐龙神套装后，攻击敌人时，3%几率触发|#00ff00|倍攻增加24倍|#debc6a|，持续5秒。	1	0	5000	0	45:0:24000	96	1	0	1	0	0	0	0	0	0	0	0	1	0	-1	-1	-1	-1	0
13021	216	0	1	轩辕剑试用	攻击速度提升500	1	0	100000	0	34:0:500	17	1	0	0	0	0	0	0	0	0	0	0	0	0	-1	-1	-1	-1	0
21001	21000	0	1	信仰之力Lv.1	#debc6a|自身生命低于30%触发，|#00ff00|伤害减免20%|#debc6a|，持续10秒，生命>30%效果消失	1	0	10000	0	16:0:200	501	1	0	0	0	0	0	0	0	0	0	0	0	0	-1	-1	-1	-1	0
21002	21000	0	2	信仰之力Lv.2	#debc6a|自身生命低于30%触发，|#00ff00|伤害减免25%|#debc6a|，持续10秒，生命>30%效果消失	1	0	10000	0	16:0:250	501	1	0	0	0	0	0	0	0	0	0	0	0	0	-1	-1	-1	-1	0
21003	21000	0	3	信仰之力Lv.3	#debc6a|自身生命低于30%触发，|#00ff00|伤害减免30%|#debc6a|，持续10秒，生命>30%效果消失	1	0	10000	0	16:0:300	501	1	0	0	0	0	0	0	0	0	0	0	0	0	-1	-1	-1	-1	0
21004	21000	0	4	信仰之力Lv.4	#debc6a|自身生命低于30%触发，|#00ff00|伤害减免35%|#debc6a|，持续10秒，生命>30%效果消失	1	0	10000	0	16:0:350	501	1	0	0	0	0	0	0	0	0	0	0	0	0	-1	-1	-1	-1	0
21005	21000	0	5	信仰之力Lv.5	#debc6a|自身生命低于30%触发，|#00ff00|伤害减免40%|#debc6a|，持续10秒，生命>30%效果消失	1	0	10000	0	16:0:400	501	1	0	0	0	0	0	0	0	0	0	0	0	0	-1	-1	-1	-1	0
21006	21000	0	6	信仰之力Lv.6	#debc6a|自身生命低于30%触发，|#00ff00|伤害减免50%|#debc6a|，持续10秒，生命>30%效果消失	1	0	10000	0	16:0:500	501	1	0	0	0	0	0	0	0	0	0	0	0	0	-1	-1	-1	-1	0
22001	22000	0	1	命运之力Lv.1	#debc6a|自身生命低于30%触发，|#00ff00|攻击加成20%|#debc6a|，持续10秒，生命>30%效果消失	1	0	10000	0	20:0:200	502	1	0	0	0	0	0	0	0	0	0	0	0	0	-1	-1	-1	-1	0
22002	22000	0	2	命运之力Lv.2	#debc6a|自身生命低于30%触发，|#00ff00|攻击加成25%|#debc6a|，持续10秒，生命>30%效果消失	1	0	10000	0	20:0:250	502	1	0	0	0	0	0	0	0	0	0	0	0	0	-1	-1	-1	-1	0
22003	22000	0	3	命运之力Lv.3	#debc6a|自身生命低于30%触发，|#00ff00|攻击加成30%|#debc6a|，持续10秒，生命>30%效果消失	1	0	10000	0	20:0:300	502	1	0	0	0	0	0	0	0	0	0	0	0	0	-1	-1	-1	-1	0
22004	22000	0	4	命运之力Lv.4	#debc6a|自身生命低于30%触发，|#00ff00|攻击加成35%|#debc6a|，持续10秒，生命>30%效果消失	1	0	10000	0	20:0:350	502	1	0	0	0	0	0	0	0	0	0	0	0	0	-1	-1	-1	-1	0
22005	22000	0	5	命运之力Lv.5	#debc6a|自身生命低于30%触发，|#00ff00|攻击加成40%|#debc6a|，持续10秒，生命>30%效果消失	1	0	10000	0	20:0:400	502	1	0	0	0	0	0	0	0	0	0	0	0	0	-1	-1	-1	-1	0
22006	22000	0	6	命运之力Lv.6	#debc6a|自身生命低于30%触发，|#00ff00|攻击加成50%|#debc6a|，持续10秒，生命>30%效果消失	1	0	10000	0	20:0:500	502	1	0	0	0	0	0	0	0	0	0	0	0	0	-1	-1	-1	-1	0
