INT	STRING	INT	INT	INT	INT	INT	INT	INT	INT	INT	INT	INT	INT	INT	INT	INT	INT	INT	INT	INT	INT	INT	INT	INT	INT	INT	INT	INT	INT	INT	INT	STRING	INT	STRING	INT	INT	INT	INT	INT	INT	INT	INT	STRING	INT	INT	INT	STRING	INT	INT	INT	INT	INT	INT	INT	INT
id	name	TalentId	GroupId	job	kind	distance	range	rangedistance	self	target_num	beneficial	Aoe	NextSkillId	Time	IntervalTime	DelayTime	AttTimes	cd	cdSpeed	mp_cost_base	power_cost	special	attack_type	attack_modify_base	Carrier_Add	buff_rate_base	buff	StiffCd	GuideTime	PetId	SummonTime	BlessSummon	MaxQuantity	ShakingParams	DisplacementType	target_type	effect_prepare	effect_action	effect_hit	effect_hit_serial	set_default	default_index	sound_id	Bloodtype	ClientDistance	ClientDistanceYRate	action_type	BeDefault	IsSpeed	StiffCdSpeed	AdditionalDamage	FixedDamage	ShuLianDu	AttackBefore	AttackAfter
1	ÖŘŐ¶Lv1	1	1	1	0	3	4	3	2	4	0	0	-1	1000	-1	-1	1	350	300	-3	0	0	1	8000	0	0	0	350	0	-1	-1	-1	-1	-1	0	2	0	0	6203	0	1	1	PuGong	1	3	2	5:6044	1	1	300	0	0	0	0	0
2	ÖŘŐ¶Lv2	1	1	1	0	3	4	3	2	4	0	0	-1	1000	-1	-1	1	350	300	-3	0	0	1	8500	0	0	0	350	0	-1	-1	-1	-1	-1	0	2	0	0	6203	0	1	1	PuGong	1	3	2	5:6044	1	1	300	0	0	0	0	0
3	ÖŘŐ¶Lv3	1	1	1	0	3	4	3	2	4	0	0	-1	1000	-1	-1	1	350	300	-3	0	0	1	9000	0	0	0	350	0	-1	-1	-1	-1	-1	0	2	0	0	6203	0	1	1	PuGong	1	3	2	5:6044	1	1	300	0	0	0	0	0
4	ÖŘŐ¶Lv4	1	1	1	0	3	4	3	2	4	0	0	-1	1000	-1	-1	1	350	300	-3	0	0	1	9500	0	0	0	350	0	-1	-1	-1	-1	-1	0	2	0	0	6203	0	1	1	PuGong	1	3	2	5:6044	1	1	300	0	0	0	0	0
5	ÖŘŐ¶Lv5	1	1	1	0	3	4	3	2	4	0	0	-1	1000	-1	-1	1	350	300	-3	0	0	1	10000	0	0	0	350	0	-1	-1	-1	-1	-1	0	2	0	0	6203	0	1	1	PuGong	1	3	2	5:6044	1	1	300	0	0	0	0	0
6	ÖŘŐ¶Lv6	1	1	1	0	3	4	3	2	4	0	0	-1	1000	-1	-1	1	350	300	-3	0	0	1	34680	0	0	0	350	0	-1	-1	-1	-1	-1	0	2	0	0	6203	0	1	1	PuGong	1	3	2	5:6044	1	1	300	0	0	0	0	0
7	ÖŘŐ¶Lv7	1	1	1	0	3	4	3	2	4	0	0	-1	1000	-1	-1	1	350	300	-3	0	0	1	38060	0	0	0	350	0	-1	-1	-1	-1	-1	0	2	0	0	6203	0	1	1	PuGong	1	3	2	5:6044	1	1	300	0	0	0	0	0
8	ÖŘŐ¶Lv8	1	1	1	0	3	4	3	2	4	0	0	-1	1000	-1	-1	1	350	300	-3	0	0	1	41440	0	0	0	350	0	-1	-1	-1	-1	-1	0	2	0	0	6203	0	1	1	PuGong	1	3	2	5:6044	1	1	300	0	0	0	0	0
9	ÖŘŐ¶Lv9	1	1	1	0	3	4	3	2	4	0	0	-1	1000	-1	-1	1	350	300	-3	0	0	1	44830	0	0	0	350	0	-1	-1	-1	-1	-1	0	2	0	0	6203	0	1	1	PuGong	1	3	2	5:6044	1	1	300	0	0	0	0	0
10	ÖŘŐ¶Lv10	1	1	1	0	3	4	3	2	4	0	0	-1	1000	-1	-1	1	350	300	-3	0	0	1	51590	0	0	0	350	0	-1	-1	-1	-1	-1	0	2	0	0	6203	0	1	1	PuGong	1	3	2	5:6044	1	1	300	0	0	0	0	0
21	»÷ÔÎLv1	2	21	1	0	3	1	0	0	1	0	0	-1	1000	-1	-1	1	10000	0	-5	0	0	1	5000	0	100	205	350	0	-1	-1	-1	-1	-1	0	1	0	6035	6203	0	1	2	-1	2	3	2	5:0	0	1	0	0	0	0	0	0
22	»÷ÔÎLv2	2	21	1	0	3	1	0	0	1	0	0	-1	1000	-1	-1	1	10000	0	-5	0	0	1	5500	0	100	205	350	0	-1	-1	-1	-1	-1	0	1	0	6035	6203	0	1	2	-1	2	3	2	5:0	0	1	0	0	0	0	0	0
23	»÷ÔÎLv3	2	21	1	0	3	1	0	0	1	0	0	-1	1000	-1	-1	1	10000	0	-5	0	0	1	6000	0	100	205	350	0	-1	-1	-1	-1	-1	0	1	0	6035	6203	0	1	2	-1	2	3	2	5:0	0	1	0	0	0	0	0	0
24	»÷ÔÎLv4	2	21	1	0	3	1	0	0	1	0	0	-1	1000	-1	-1	1	10000	0	-5	0	0	1	6500	0	100	205	350	0	-1	-1	-1	-1	-1	0	1	0	6035	6203	0	1	2	-1	2	3	2	5:0	0	1	0	0	0	0	0	0
25	»÷ÔÎLv5	2	21	1	0	3	1	0	0	1	0	0	-1	1000	-1	-1	1	10000	0	-5	0	0	1	7000	0	100	205	350	0	-1	-1	-1	-1	-1	0	1	0	6035	6203	0	1	2	-1	2	3	2	5:0	0	1	0	0	0	0	0	0
26	»÷ÔÎLv6	2	21	1	0	3	1	0	0	1	0	0	-1	1000	-1	-1	1	10000	0	-5	0	0	1	8000	0	100	206	350	0	-1	-1	-1	-1	-1	0	1	0	6035	6203	0	1	2	-1	2	3	2	5:0	0	1	0	0	0	0	0	0
27	»÷ÔÎLv7	2	21	1	0	3	1	0	0	1	0	0	-1	1000	-1	-1	1	10000	0	-5	0	0	1	8500	0	100	205	350	0	-1	-1	-1	-1	-1	0	1	0	6035	6203	0	1	2	-1	2	3	2	5:0	0	1	0	0	0	0	0	0
28	»÷ÔÎLv8	2	21	1	0	3	1	0	0	1	0	0	-1	1000	-1	-1	1	10000	0	-5	0	0	1	9000	0	100	205	350	0	-1	-1	-1	-1	-1	0	1	0	6035	6203	0	1	2	-1	2	3	2	5:0	0	1	0	0	0	0	0	0
29	»÷ÔÎLv9	2	21	1	0	3	1	0	0	1	0	0	-1	1000	-1	-1	1	10000	0	-5	0	0	1	9500	0	100	205	350	0	-1	-1	-1	-1	-1	0	1	0	6035	6203	0	1	2	-1	2	3	2	5:0	0	1	0	0	0	0	0	0
30	»÷ÔÎLv10	2	21	1	0	3	1	0	0	1	0	0	-1	1000	-1	-1	1	10000	0	-5	0	0	1	12000	0	100	207	350	0	-1	-1	-1	-1	-1	0	1	0	6035	6203	0	1	2	-1	2	3	2	5:0	0	1	0	0	0	0	0	0
41	Ę®˛˝Ň»É±Lv1	3	41	1	0	9	3	4	0	6	0	22	-1	2000	-1	-1	1	30000	0	0	0	1	1	2000	0	0	0	400	0	-1	-1	-1	-1	-1	2	2	0	6507	6203	0	1	6	ShiBuYiSha	1	6	2	5:0	0	0	0	0	0	1	0	0
42	Ę®˛˝Ň»É±Lv2	3	41	1	0	9	3	4	0	6	0	22	-1	2000	-1	-1	1	30000	0	0	0	1	1	2200	0	0	0	400	0	-1	-1	-1	-1	-1	2	2	0	6507	6203	0	1	6	ShiBuYiSha	1	6	2	5:0	0	0	0	0	0	1	0	0
43	Ę®˛˝Ň»É±Lv3	3	41	1	0	9	3	4	0	6	0	22	-1	2000	-1	-1	1	30000	0	0	0	1	1	2400	0	0	0	400	0	-1	-1	-1	-1	-1	2	2	0	6507	6203	0	1	6	ShiBuYiSha	1	6	2	5:0	0	0	0	0	0	1	0	0
44	Ę®˛˝Ň»É±Lv4	3	41	1	0	9	3	4	0	6	0	22	-1	2000	-1	-1	1	30000	0	0	0	1	1	2700	0	0	0	400	0	-1	-1	-1	-1	-1	2	2	0	6507	6203	0	1	6	ShiBuYiSha	1	6	2	5:0	0	0	0	0	0	1	0	0
45	Ę®˛˝Ň»É±Lv5	3	41	1	0	9	3	4	0	6	0	22	-1	2000	-1	-1	1	30000	0	0	0	1	1	3000	0	0	0	400	0	-1	-1	-1	-1	-1	2	2	0	6507	6203	0	1	6	ShiBuYiSha	1	6	2	5:0	0	0	0	0	0	1	0	0
46	Ę®˛˝Ň»É±Lv6	3	41	1	0	9	3	4	0	6	0	22	-1	2000	-1	-1	1	30000	0	0	0	1	1	3300	0	0	0	400	0	-1	-1	-1	-1	-1	2	2	0	6507	6203	0	1	6	ShiBuYiSha	1	7	2	5:0	0	0	0	0	0	1	0	0
47	Ę®˛˝Ň»É±Lv7	3	41	1	0	9	3	4	0	6	0	22	-1	2000	-1	-1	1	30000	0	0	0	1	1	3700	0	0	0	400	0	-1	-1	-1	-1	-1	2	2	0	6507	6203	0	1	6	ShiBuYiSha	1	7	2	5:0	0	0	0	0	0	1	0	0
48	Ę®˛˝Ň»É±Lv8	3	41	1	0	9	3	4	0	6	0	22	-1	2000	-1	-1	1	30000	0	0	0	1	1	4100	0	0	0	400	0	-1	-1	-1	-1	-1	2	2	0	6507	6203	0	1	6	ShiBuYiSha	1	7	2	5:0	0	0	0	0	0	1	0	0
49	Ę®˛˝Ň»É±Lv9	3	41	1	0	9	3	4	0	6	0	22	-1	2000	-1	-1	1	30000	0	0	0	1	1	4500	0	0	0	400	0	-1	-1	-1	-1	-1	2	2	0	6507	6203	0	1	6	ShiBuYiSha	1	7	2	5:0	0	0	0	0	0	1	0	0
50	Ę®˛˝Ň»É±Lv10	3	41	1	0	9	3	4	0	6	0	22	-1	2000	-1	-1	1	30000	0	0	0	1	1	5000	0	0	0	400	0	-1	-1	-1	-1	-1	2	2	0	6507	6203	0	1	6	ShiBuYiSha	1	8	2	5:0	0	0	0	0	0	1	0	0
61	Đý·çŐ¶Lv1	4	61	1	0	3	0	4	3	1	1	22	1371	3000	-1	-1	5	1000	0	75	0	0	0	0	0	100	1001	350	0	-1	-1	-1	-1	-1	0	1	0	6047	6203	0	1	4	PuGong	2	3	2	-1	0	0	0	0	0	0	0	0
62	Đý·çŐ¶Lv2	4	61	1	0	3	0	4	3	1	1	22	1372	3000	-1	-1	5	1000	0	75	0	0	0	0	0	100	1002	350	0	-1	-1	-1	-1	-1	0	1	0	6047	6203	0	1	4	PuGong	2	3	2	-1	0	0	0	0	0	0	0	0
63	Đý·çŐ¶Lv3	4	61	1	0	3	0	4	3	1	1	22	1373	3000	-1	-1	5	1000	0	75	0	0	0	0	0	100	1003	350	0	-1	-1	-1	-1	-1	0	1	0	6047	6203	0	1	4	PuGong	2	3	2	-1	0	0	0	0	0	0	0	0
64	Đý·çŐ¶Lv4	4	61	1	0	3	0	4	3	1	1	22	1374	3000	-1	-1	5	1000	0	75	0	0	0	0	0	100	1004	350	0	-1	-1	-1	-1	-1	0	1	0	6047	6203	0	1	4	PuGong	2	3	2	-1	0	0	0	0	0	0	0	0
65	Đý·çŐ¶Lv5	4	61	1	0	3	0	4	3	1	1	22	1375	3000	-1	-1	5	1000	0	75	0	0	0	0	0	100	1005	350	0	-1	-1	-1	-1	-1	0	1	0	6047	6203	0	1	4	PuGong	2	3	2	-1	0	0	0	0	0	0	0	0
66	Đý·çŐ¶Lv6	4	61	1	0	3	0	4	3	1	1	22	1376	3000	-1	-1	5	1000	0	75	0	0	0	0	0	100	1006	350	0	-1	-1	-1	-1	-1	0	1	0	6047	6203	0	1	4	PuGong	2	3	2	-1	0	0	0	0	0	0	0	0
67	Đý·çŐ¶Lv7	4	61	1	0	3	0	4	3	1	1	22	1377	3000	-1	-1	5	1000	0	75	0	0	0	0	0	100	1007	350	0	-1	-1	-1	-1	-1	0	1	0	6047	6203	0	1	4	PuGong	2	3	2	-1	0	0	0	0	0	0	0	0
68	Đý·çŐ¶Lv8	4	61	1	0	3	0	4	3	1	1	22	1378	3000	-1	-1	5	1000	0	75	0	0	0	0	0	100	1008	350	0	-1	-1	-1	-1	-1	0	1	0	6047	6203	0	1	4	PuGong	2	3	2	-1	0	0	0	0	0	0	0	0
69	Đý·çŐ¶Lv9	4	61	1	0	3	0	4	3	1	1	22	1379	3000	-1	-1	5	1000	0	75	0	0	0	0	0	100	1009	350	0	-1	-1	-1	-1	-1	0	1	0	6047	6203	0	1	4	PuGong	2	3	2	-1	0	0	0	0	0	0	0	0
70	Đý·çŐ¶Lv10	4	61	1	0	3	0	4	3	1	1	22	1380	3000	-1	-1	5	1000	0	75	0	0	0	0	0	100	1010	350	0	-1	-1	-1	-1	-1	0	1	0	6047	6203	0	1	4	PuGong	2	3	2	-1	0	0	0	0	0	0	0	0
71	ĽÓËŮĎÝÚĺ	-1	3000	0	0	1	3	2	0	6	1	22	-1	100000	-1	-1	0	1000	0	0	0	0	0	0	0	100	903	0	0	-1	-1	-1	-1	-1	0	1	0	5037	5037	0	0	0	-1	1	3	2	-1	0	0	0	0	0	0	0	0
72	ĽÓ·ŔĎÝÚĺ	-1	3000	0	0	1	3	2	0	6	1	22	-1	100000	-1	-1	0	1000	0	0	0	0	0	0	0	100	178	0	0	-1	-1	-1	-1	-1	0	1	0	5037	5037	0	0	0	-1	1	3	2	-1	0	0	0	0	0	0	0	0
73	ĽÓąĄĎÝÚĺ	-1	3000	0	0	1	3	2	0	6	1	22	-1	100000	-1	-1	0	1000	0	0	0	0	0	0	0	100	177	0	0	-1	-1	-1	-1	-1	0	1	0	5037	5037	0	0	0	-1	1	3	2	-1	0	0	0	0	0	0	0	0
74	×Ô±¬	-1	3000	0	0	3	1	2	0	6	0	22	-1	1000	-1	-1	0	1000	0	0	0	0	1	50000	0	100	197	0	0	-1	-1	-1	-1	-1	0	1	0	5037	5037	0	0	0	-1	1	3	2	-1	0	0	0	0	0	0	0	0
151	Ő˝¶·Ö®şđLv1	11	151	1	0	3	3	4	3	4	0	22	-1	1000	-1	-1	1	5500	0	-5	0	0	1	8000	0	0	0	350	0	-1	-1	-1	-1	-1	0	2	0	6034	6204	0	1	2	ZhanDouZhiHou	1	3	2	5:0	0	1	300	0	0	0	0	0
152	Ő˝¶·Ö®şđLv2	11	151	1	0	3	3	4	3	4	0	22	-1	1000	-1	-1	1	5500	0	-5	0	0	1	8500	0	0	0	350	0	-1	-1	-1	-1	-1	0	2	0	6034	6204	0	1	2	ZhanDouZhiHou	1	3	2	5:0	0	1	300	0	0	0	0	0
153	Ő˝¶·Ö®şđLv3	11	151	1	0	3	3	4	3	4	0	22	-1	1000	-1	-1	1	5500	0	-5	0	0	1	9000	0	0	0	350	0	-1	-1	-1	-1	-1	0	2	0	6034	6204	0	1	2	ZhanDouZhiHou	1	3	2	5:0	0	1	300	0	0	0	0	0
154	Ő˝¶·Ö®şđLv4	11	151	1	0	3	3	4	3	4	0	22	-1	1000	-1	-1	1	5500	0	-5	0	0	1	9500	0	0	0	350	0	-1	-1	-1	-1	-1	0	2	0	6034	6204	0	1	2	ZhanDouZhiHou	1	3	2	5:0	0	1	300	0	0	0	0	0
155	Ő˝¶·Ö®şđLv5	11	151	1	0	3	3	4	3	4	0	22	-1	1000	-1	-1	1	5500	0	-5	0	0	1	10000	0	0	0	350	0	-1	-1	-1	-1	-1	0	2	0	6034	6204	0	1	2	ZhanDouZhiHou	1	3	2	5:0	0	1	300	0	0	0	0	0
156	Ő˝¶·Ö®şđLv6	11	151	1	0	3	3	4	3	4	0	22	-1	1000	-1	-1	1	5500	0	-5	0	0	1	34680	0	0	0	350	0	-1	-1	-1	-1	-1	0	2	0	6034	6204	0	1	2	ZhanDouZhiHou	1	3	2	5:0	0	1	300	0	0	0	0	0
157	Ő˝¶·Ö®şđLv7	11	151	1	0	3	3	4	3	4	0	22	-1	1000	-1	-1	1	5500	0	-5	0	0	1	38060	0	0	0	350	0	-1	-1	-1	-1	-1	0	2	0	6034	6204	0	1	2	ZhanDouZhiHou	1	3	2	5:0	0	1	300	0	0	0	0	0
158	Ő˝¶·Ö®şđLv8	11	151	1	0	3	3	4	3	4	0	22	-1	1000	-1	-1	1	5500	0	-5	0	0	1	41440	0	0	0	350	0	-1	-1	-1	-1	-1	0	2	0	6034	6204	0	1	2	ZhanDouZhiHou	1	3	2	5:0	0	1	300	0	0	0	0	0
159	Ő˝¶·Ö®şđLv9	11	151	1	0	3	3	4	3	4	0	22	-1	1000	-1	-1	1	5500	0	-5	0	0	1	44830	0	0	0	350	0	-1	-1	-1	-1	-1	0	2	0	6034	6204	0	1	2	ZhanDouZhiHou	1	3	2	5:0	0	1	300	0	0	0	0	0
160	Ő˝¶·Ö®şđLv10	11	151	1	0	3	3	4	3	4	0	22	-1	1000	-1	-1	1	5500	0	-5	0	0	1	51590	0	0	0	350	0	-1	-1	-1	-1	-1	0	2	0	6034	6204	0	1	2	ZhanDouZhiHou	1	3	2	5:0	0	1	300	0	0	0	0	0
171	ľŻĘľÖ®şđLv1	12	171	1	0	3	10	6	3	5	1	22	-1	2000	-1	-1	1	20000	0	0	0	0	0	0	0	100	1101	350	0	-1	-1	-1	-1	-1	0	2	0	6036	6204	0	1	5	ZhanDouZhiHou	1	3	2	5:0	0	1	300	0	0	0	0	0
172	ľŻĘľÖ®şđLv2	12	171	1	0	3	10	6	3	5	1	22	-1	2000	-1	-1	1	20000	0	0	0	0	0	0	0	100	1102	350	0	-1	-1	-1	-1	-1	0	2	0	6036	6204	0	1	5	ZhanDouZhiHou	1	3	2	5:0	0	1	300	0	0	0	0	0
173	ľŻĘľÖ®şđLv3	12	171	1	0	3	10	6	3	5	1	22	-1	2000	-1	-1	1	20000	0	0	0	0	0	0	0	100	1103	350	0	-1	-1	-1	-1	-1	0	2	0	6036	6204	0	1	5	ZhanDouZhiHou	1	3	2	5:0	0	1	300	0	0	0	0	0
174	ľŻĘľÖ®şđLv4	12	171	1	0	3	10	6	3	5	1	22	-1	2000	-1	-1	1	20000	0	0	0	0	0	0	0	100	1104	350	0	-1	-1	-1	-1	-1	0	2	0	6036	6204	0	1	5	ZhanDouZhiHou	1	3	2	5:0	0	1	300	0	0	0	0	0
175	ľŻĘľÖ®şđLv5	12	171	1	0	3	10	6	3	5	1	22	-1	2000	-1	-1	1	20000	0	0	0	0	0	0	0	100	1105	350	0	-1	-1	-1	-1	-1	0	2	0	6036	6204	0	1	5	ZhanDouZhiHou	1	3	2	5:0	0	1	300	0	0	0	0	0
176	ľŻĘľÖ®şđLv6	12	171	1	0	3	10	6	3	5	1	22	-1	2000	-1	-1	1	20000	0	0	0	0	0	0	0	100	1106	350	0	-1	-1	-1	-1	-1	0	2	0	6036	6204	0	1	5	ZhanDouZhiHou	1	3	2	5:0	0	1	300	0	0	0	0	0
177	ľŻĘľÖ®şđLv7	12	171	1	0	3	10	6	3	5	1	22	-1	2000	-1	-1	1	20000	0	0	0	0	0	0	0	100	1107	350	0	-1	-1	-1	-1	-1	0	2	0	6036	6204	0	1	5	ZhanDouZhiHou	1	3	2	5:0	0	1	300	0	0	0	0	0
178	ľŻĘľÖ®şđLv8	12	171	1	0	3	10	6	3	5	1	22	-1	2000	-1	-1	1	20000	0	0	0	0	0	0	0	100	1108	350	0	-1	-1	-1	-1	-1	0	2	0	6036	6204	0	1	5	ZhanDouZhiHou	1	3	2	5:0	0	1	300	0	0	0	0	0
179	ľŻĘľÖ®şđLv9	12	171	1	0	3	10	6	3	5	1	22	-1	2000	-1	-1	1	20000	0	0	0	0	0	0	0	100	1109	350	0	-1	-1	-1	-1	-1	0	2	0	6036	6204	0	1	5	ZhanDouZhiHou	1	3	2	5:0	0	1	300	0	0	0	0	0
180	ľŻĘľÖ®şđLv10	12	171	1	0	3	10	6	3	5	1	22	-1	2000	-1	-1	1	20000	0	0	0	0	0	0	0	100	1110	350	0	-1	-1	-1	-1	-1	0	2	0	6036	6204	0	1	5	ZhanDouZhiHou	1	3	2	5:0	0	1	300	0	0	0	0	0
191	ŃŞĐÔÖ®şđLv1	13	191	1	0	3	10	6	3	5	1	22	-1	1000	-1	-1	1	1500	0	-5	0	0	0	0	0	0	0	350	0	-1	-1	-1	-1	-1	0	2	0	6037	6204	0	1	3	ZhanDouZhiHou	1	3	2	5:0	0	1	300	0	0	0	0	0
192	ŃŞĐÔÖ®şđLv2	13	191	1	0	3	10	6	3	5	1	22	-1	1000	-1	-1	1	1500	0	-5	0	0	0	0	0	0	0	350	0	-1	-1	-1	-1	-1	0	2	0	6037	6204	0	1	3	ZhanDouZhiHou	1	3	2	5:0	0	1	300	0	0	0	0	0
193	ŃŞĐÔÖ®şđLv3	13	191	1	0	3	10	6	3	5	1	22	-1	1000	-1	-1	1	1500	0	-5	0	0	0	0	0	0	0	350	0	-1	-1	-1	-1	-1	0	2	0	6037	6204	0	1	3	ZhanDouZhiHou	1	3	2	5:0	0	1	300	0	0	0	0	0
194	ŃŞĐÔÖ®şđLv4	13	191	1	0	3	10	6	3	5	1	22	-1	1000	-1	-1	1	1500	0	-5	0	0	0	0	0	0	0	350	0	-1	-1	-1	-1	-1	0	2	0	6037	6204	0	1	3	ZhanDouZhiHou	1	3	2	5:0	0	1	300	0	0	0	0	0
195	ŃŞĐÔÖ®şđLv5	13	191	1	0	3	10	6	3	5	1	22	-1	1000	-1	-1	1	1500	0	-5	0	0	0	0	0	0	0	350	0	-1	-1	-1	-1	-1	0	2	0	6037	6204	0	1	3	ZhanDouZhiHou	1	3	2	5:0	0	1	300	0	0	0	0	0
196	ŃŞĐÔÖ®şđLv6	13	191	1	0	3	10	6	3	5	1	22	-1	1000	-1	-1	1	1500	0	-5	0	0	0	0	0	0	0	350	0	-1	-1	-1	-1	-1	0	2	0	6037	6204	0	1	3	ZhanDouZhiHou	1	3	2	5:0	0	1	300	0	0	0	0	0
197	ŃŞĐÔÖ®şđLv7	13	191	1	0	3	10	6	3	5	1	22	-1	1000	-1	-1	1	1500	0	-5	0	0	0	0	0	0	0	350	0	-1	-1	-1	-1	-1	0	2	0	6037	6204	0	1	3	ZhanDouZhiHou	1	3	2	5:0	0	1	300	0	0	0	0	0
198	ŃŞĐÔÖ®şđLv8	13	191	1	0	3	10	6	3	5	1	22	-1	1000	-1	-1	1	1500	0	-5	0	0	0	0	0	0	0	350	0	-1	-1	-1	-1	-1	0	2	0	6037	6204	0	1	3	ZhanDouZhiHou	1	3	2	5:0	0	1	300	0	0	0	0	0
199	ŃŞĐÔÖ®şđLv9	13	191	1	0	3	10	6	3	5	1	22	-1	1000	-1	-1	1	1500	0	-5	0	0	0	0	0	0	0	350	0	-1	-1	-1	-1	-1	0	2	0	6037	6204	0	1	3	ZhanDouZhiHou	1	3	2	5:0	0	1	300	0	0	0	0	0
200	ŃŞĐÔÖ®şđLv10	13	191	1	0	3	10	6	3	5	1	22	-1	1000	-1	-1	1	1500	0	-5	0	0	0	0	0	0	0	350	0	-1	-1	-1	-1	-1	0	2	0	6037	6204	0	1	3	ZhanDouZhiHou	1	3	2	5:0	0	1	300	0	0	0	0	0
211	żń±©Ĺ­şđLv1	14	211	1	0	3	3	5	3	6	0	22	-1	1000	-1	-1	1	1000	0	90	0	0	1	8000	0	0	0	350	0	-1	-1	-1	-1	-1	0	2	0	6038	6204	0	1	6	ZhanDouZhiHou	1	3	2	5:0	0	1	300	0	0	0	0	0
212	żń±©Ĺ­şđLv2	14	211	1	0	3	3	5	3	6	0	22	-1	1000	-1	-1	1	1000	0	90	0	0	1	8500	0	0	0	350	0	-1	-1	-1	-1	-1	0	2	0	6038	6204	0	1	6	ZhanDouZhiHou	1	3	2	5:0	0	1	300	0	0	0	0	0
213	żń±©Ĺ­şđLv3	14	211	1	0	3	3	5	3	6	0	22	-1	1000	-1	-1	1	1000	0	90	0	0	1	9000	0	0	0	350	0	-1	-1	-1	-1	-1	0	2	0	6038	6204	0	1	6	ZhanDouZhiHou	1	3	2	5:0	0	1	300	0	0	0	0	0
214	żń±©Ĺ­şđLv4	14	211	1	0	3	3	5	3	6	0	22	-1	1000	-1	-1	1	1000	0	90	0	0	1	9500	0	0	0	350	0	-1	-1	-1	-1	-1	0	2	0	6038	6204	0	1	6	ZhanDouZhiHou	1	3	2	5:0	0	1	300	0	0	0	0	0
215	żń±©Ĺ­şđLv5	14	211	1	0	3	3	5	3	6	0	22	-1	1000	-1	-1	1	1000	0	90	0	0	1	10000	0	0	0	350	0	-1	-1	-1	-1	-1	0	2	0	6038	6204	0	1	6	ZhanDouZhiHou	1	3	2	5:0	0	1	300	0	0	0	0	0
216	żń±©Ĺ­şđLv6	14	211	1	0	3	3	5	3	6	0	22	-1	1000	-1	-1	1	1000	0	90	0	0	1	41800	0	0	0	350	0	-1	-1	-1	-1	-1	0	2	0	6038	6204	0	1	6	ZhanDouZhiHou	1	3	2	5:0	0	1	300	0	0	0	0	0
217	żń±©Ĺ­şđLv7	14	211	1	0	3	3	5	3	6	0	22	-1	1000	-1	-1	1	1000	0	90	0	0	1	46200	0	0	0	350	0	-1	-1	-1	-1	-1	0	2	0	6038	6204	0	1	6	ZhanDouZhiHou	1	3	2	5:0	0	1	300	0	0	0	0	0
218	żń±©Ĺ­şđLv8	14	211	1	0	3	3	5	3	6	0	22	-1	1000	-1	-1	1	1000	0	90	0	0	1	50600	0	0	0	350	0	-1	-1	-1	-1	-1	0	2	0	6038	6204	0	1	6	ZhanDouZhiHou	1	3	2	5:0	0	1	300	0	0	0	0	0
219	żń±©Ĺ­şđLv9	14	211	1	0	3	3	5	3	6	0	22	-1	1000	-1	-1	1	1000	0	90	0	0	1	55100	0	0	0	350	0	-1	-1	-1	-1	-1	0	2	0	6038	6204	0	1	6	ZhanDouZhiHou	1	3	2	5:0	0	1	300	0	0	0	0	0
220	żń±©Ĺ­şđLv10	14	211	1	0	3	3	5	3	6	0	22	-1	1000	-1	-1	1	1000	0	90	0	0	1	63900	0	0	0	350	0	-1	-1	-1	-1	-1	0	2	0	6038	6204	0	1	6	ZhanDouZhiHou	1	3	2	5:0	0	1	300	0	0	0	0	0
301	ĘĄąâŐ¶Lv1	21	301	1	0	8	1	0	0	1	0	0	-1	1000	-1	-1	1	350	300	-2	0	0	6	8000	0	0	0	350	0	-1	-1	-1	-1	-1	0	1	0	6039	6205	0	1	1	ShengGuangZhan	2	8	2	5:6044	1	1	300	0	0	0	0	0
302	ĘĄąâŐ¶Lv2	21	301	1	0	8	1	0	0	1	0	0	-1	1000	-1	-1	1	350	300	-2	0	0	6	8500	0	0	0	350	0	-1	-1	-1	-1	-1	0	1	0	6039	6205	0	1	1	ShengGuangZhan	2	8	2	5:6044	1	1	300	0	0	0	0	0
303	ĘĄąâŐ¶Lv3	21	301	1	0	8	1	0	0	1	0	0	-1	1000	-1	-1	1	350	300	-2	0	0	6	9000	0	0	0	350	0	-1	-1	-1	-1	-1	0	1	0	6039	6205	0	1	1	ShengGuangZhan	2	8	2	5:6044	1	1	300	0	0	0	0	0
304	ĘĄąâŐ¶Lv4	21	301	1	0	8	1	0	0	1	0	0	-1	1000	-1	-1	1	350	300	-2	0	0	6	9500	0	0	0	350	0	-1	-1	-1	-1	-1	0	1	0	6039	6205	0	1	1	ShengGuangZhan	2	8	2	5:6044	1	1	300	0	0	0	0	0
305	ĘĄąâŐ¶Lv5	21	301	1	0	8	1	0	0	1	0	0	-1	1000	-1	-1	1	350	300	-2	0	0	6	10000	0	0	0	350	0	-1	-1	-1	-1	-1	0	1	0	6039	6205	0	1	1	ShengGuangZhan	2	8	2	5:6044	1	1	300	0	0	0	0	0
306	ĘĄąâŐ¶Lv6	21	301	1	0	8	1	0	0	1	0	0	-1	1000	-1	-1	1	350	300	-2	0	0	6	35600	0	0	0	350	0	-1	-1	-1	-1	-1	0	1	0	6039	6205	0	1	1	ShengGuangZhan	2	8	2	5:6044	1	1	300	0	0	0	0	0
307	ĘĄąâŐ¶Lv7	21	301	1	0	8	1	0	0	1	0	0	-1	1000	-1	-1	1	350	300	-2	0	0	6	39100	0	0	0	350	0	-1	-1	-1	-1	-1	0	1	0	6039	6205	0	1	1	ShengGuangZhan	2	8	2	5:6044	1	1	300	0	0	0	0	0
308	ĘĄąâŐ¶Lv8	21	301	1	0	8	1	0	0	1	0	0	-1	1000	-1	-1	1	350	300	-2	0	0	6	42600	0	0	0	350	0	-1	-1	-1	-1	-1	0	1	0	6039	6205	0	1	1	ShengGuangZhan	2	8	2	5:6044	1	1	300	0	0	0	0	0
309	ĘĄąâŐ¶Lv9	21	301	1	0	8	1	0	0	1	0	0	-1	1000	-1	-1	1	350	300	-2	0	0	6	46100	0	0	0	350	0	-1	-1	-1	-1	-1	0	1	0	6039	6205	0	1	1	ShengGuangZhan	2	8	2	5:6044	1	1	300	0	0	0	0	0
310	ĘĄąâŐ¶Lv10	21	301	1	0	8	1	0	0	1	0	0	-1	1000	-1	-1	1	350	300	-2	0	0	6	53200	0	0	0	350	0	-1	-1	-1	-1	-1	0	1	0	6039	6205	0	1	1	ShengGuangZhan	2	8	2	5:6044	1	1	300	0	0	0	0	0
321	ÎţÉüLv1	22	321	1	0	3	0	1	3	1	1	0	-1	1000	-1	-1	1	1500	0	0	0	0	1	0	0	100	1201	350	0	-1	-1	-1	-1	-1	0	1	0	6040	6205	0	1	3	mofadun	2	3	2	9:0	0	1	0	0	0	0	0	0
322	ÎţÉüLv2	22	321	1	0	3	0	1	3	1	1	0	-1	1000	-1	-1	1	1500	0	0	0	0	1	0	0	100	1202	350	0	-1	-1	-1	-1	-1	0	1	0	6040	6205	0	1	3	mofadun	2	3	2	9:0	0	1	0	0	0	0	0	0
323	ÎţÉüLv3	22	321	1	0	3	0	1	3	1	1	0	-1	1000	-1	-1	1	1500	0	0	0	0	1	0	0	100	1203	350	0	-1	-1	-1	-1	-1	0	1	0	6040	6205	0	1	3	mofadun	2	3	2	9:0	0	1	0	0	0	0	0	0
324	ÎţÉüLv4	22	321	1	0	3	0	1	3	1	1	0	-1	1000	-1	-1	1	1500	0	0	0	0	1	0	0	100	1204	350	0	-1	-1	-1	-1	-1	0	1	0	6040	6205	0	1	3	mofadun	2	3	2	9:0	0	1	0	0	0	0	0	0
325	ÎţÉüLv5	22	321	1	0	3	0	1	3	1	1	0	-1	1000	-1	-1	1	1500	0	0	0	0	1	0	0	100	1205	350	0	-1	-1	-1	-1	-1	0	1	0	6040	6205	0	1	3	mofadun	2	3	2	9:0	0	1	0	0	0	0	0	0
326	ÎţÉüLv6	22	321	1	0	3	0	1	3	1	1	0	-1	1000	-1	-1	1	1500	0	0	0	0	1	0	0	100	1206	350	0	-1	-1	-1	-1	-1	0	1	0	6040	6205	0	1	3	mofadun	2	3	2	9:0	0	1	0	0	0	0	0	0
327	ÎţÉüLv7	22	321	1	0	3	0	1	3	1	1	0	-1	1000	-1	-1	1	1500	0	0	0	0	1	0	0	100	1207	350	0	-1	-1	-1	-1	-1	0	1	0	6040	6205	0	1	3	mofadun	2	3	2	9:0	0	1	0	0	0	0	0	0
328	ÎţÉüLv8	22	321	1	0	3	0	1	3	1	1	0	-1	1000	-1	-1	1	1500	0	0	0	0	1	0	0	100	1208	350	0	-1	-1	-1	-1	-1	0	1	0	6040	6205	0	1	3	mofadun	2	3	2	9:0	0	1	0	0	0	0	0	0
329	ÎţÉüLv9	22	321	1	0	3	0	1	3	1	1	0	-1	1000	-1	-1	1	1500	0	0	0	0	1	0	0	100	1209	350	0	-1	-1	-1	-1	-1	0	1	0	6040	6205	0	1	3	mofadun	2	3	2	9:0	0	1	0	0	0	0	0	0
330	ÎţÉüLv10	22	321	1	0	3	0	1	3	1	1	0	-1	1000	-1	-1	1	1500	0	0	0	0	1	0	0	100	1210	350	0	-1	-1	-1	-1	-1	0	1	0	6040	6205	0	1	3	mofadun	2	3	2	9:0	0	1	0	0	0	0	0	0
341	×Ł¸ŁÖ®´¸Lv1	23	341	1	0	3	3	4	3	0	0	22	1551	2800	-1	-1	4	14100	0	0	0	0	6	0	0	0	0	350	0	-1	-1	-1	-1	-1	0	2	0	81	6205	0	1	3	shengguangzhichui	2	3	2	5:0	0	1	300	0	0	0	0	0
342	×Ł¸ŁÖ®´¸Lv2	23	341	1	0	3	3	4	3	0	0	22	1552	2800	-1	-1	4	14100	0	0	0	0	6	0	0	0	0	350	0	-1	-1	-1	-1	-1	0	2	0	82	6205	0	1	3	shengguangzhichui	2	3	2	5:0	0	1	300	0	0	0	0	0
343	×Ł¸ŁÖ®´¸Lv3	23	341	1	0	3	3	4	3	0	0	22	1553	2800	-1	-1	4	14100	0	0	0	0	6	0	0	0	0	350	0	-1	-1	-1	-1	-1	0	2	0	83	6205	0	1	3	shengguangzhichui	2	3	2	5:0	0	1	300	0	0	0	0	0
344	×Ł¸ŁÖ®´¸Lv4	23	341	1	0	3	3	4	3	0	0	22	1554	2800	-1	-1	4	14100	0	0	0	0	6	0	0	0	0	350	0	-1	-1	-1	-1	-1	0	2	0	84	6205	0	1	3	shengguangzhichui	2	3	2	5:0	0	1	300	0	0	0	0	0
345	×Ł¸ŁÖ®´¸Lv5	23	341	1	0	3	3	4	3	0	0	22	1555	2800	-1	-1	4	14100	0	0	0	0	6	0	0	0	0	350	0	-1	-1	-1	-1	-1	0	2	0	85	6205	0	1	3	shengguangzhichui	2	3	2	5:0	0	1	300	0	0	0	0	0
346	×Ł¸ŁÖ®´¸Lv6	23	341	1	0	3	3	4	3	0	0	22	1556	2800	-1	-1	4	14100	0	0	0	0	6	0	0	0	0	350	0	-1	-1	-1	-1	-1	0	2	0	86	6205	0	1	3	shengguangzhichui	2	3	2	5:0	0	1	300	0	0	0	0	0
347	×Ł¸ŁÖ®´¸Lv7	23	341	1	0	3	3	4	3	0	0	22	1557	2800	-1	-1	4	14100	0	0	0	0	6	0	0	0	0	350	0	-1	-1	-1	-1	-1	0	2	0	87	6205	0	1	3	shengguangzhichui	2	3	2	5:0	0	1	300	0	0	0	0	0
348	×Ł¸ŁÖ®´¸Lv8	23	341	1	0	3	3	4	3	0	0	22	1558	2800	-1	-1	4	14100	0	0	0	0	6	0	0	0	0	350	0	-1	-1	-1	-1	-1	0	2	0	88	6205	0	1	3	shengguangzhichui	2	3	2	5:0	0	1	300	0	0	0	0	0
349	×Ł¸ŁÖ®´¸Lv9	23	341	1	0	3	3	4	3	0	0	22	1559	2800	-1	-1	4	14100	0	0	0	0	6	0	0	0	0	350	0	-1	-1	-1	-1	-1	0	2	0	89	6205	0	1	3	shengguangzhichui	2	3	2	5:0	0	1	300	0	0	0	0	0
350	×Ł¸ŁÖ®´¸Lv10	23	341	21	0	3	3	4	3	0	0	22	1560	10000	-1	-1	10	25000	0	0	0	0	1	20000	0	0	0	350	0	-1	-1	-1	-1	-1	0	2	0	90	6205	0	1	3	shengguangzhichui	2	3	2	5:0	0	1	300	0	0	0	0	0
361	ĚěĚĂÖ®Č­Lv1	24	361	21	0	8	3	4	0	0	0	22	1571	3000	-1	-1	1	1000	600	80	0	0	6	0	0	0	0	350	0	-1	-1	-1	-1	-1	0	2	0	101	6205	0	1	4	shengguangzhichui	2	8	2	5:0	0	1	300	0	0	0	0	0
362	ĚěĚĂÖ®Č­Lv2	24	361	1	0	8	3	4	0	0	0	22	1572	3000	-1	-1	1	1000	600	80	0	0	6	0	0	0	0	350	0	-1	-1	-1	-1	-1	0	2	0	102	6205	0	1	4	shengguangzhichui	2	8	2	5:0	0	1	300	0	0	0	0	0
363	ĚěĚĂÖ®Č­Lv3	24	361	1	0	8	3	4	0	0	0	22	1573	3000	-1	-1	1	1000	600	80	0	0	6	0	0	0	0	350	0	-1	-1	-1	-1	-1	0	2	0	103	6205	0	1	4	shengguangzhichui	2	8	2	5:0	0	1	300	0	0	0	0	0
364	ĚěĚĂÖ®Č­Lv4	24	361	1	0	8	3	4	0	0	0	22	1574	3000	-1	-1	1	1000	600	80	0	0	6	0	0	0	0	350	0	-1	-1	-1	-1	-1	0	2	0	104	6205	0	1	4	shengguangzhichui	2	8	2	5:0	0	1	300	0	0	0	0	0
365	ĚěĚĂÖ®Č­Lv5	24	361	1	0	8	3	4	0	0	0	22	1575	3000	-1	-1	1	1000	600	80	0	0	6	0	0	0	0	350	0	-1	-1	-1	-1	-1	0	2	0	105	6205	0	1	4	shengguangzhichui	2	8	2	5:0	0	1	300	0	0	0	0	0
366	ĚěĚĂÖ®Č­Lv6	24	361	1	0	8	3	4	0	0	0	22	1576	3000	-1	-1	1	1000	600	80	0	0	6	0	0	0	0	350	0	-1	-1	-1	-1	-1	0	2	0	106	6205	0	1	4	shengguangzhichui	2	8	2	5:0	0	1	300	0	0	0	0	0
367	ĚěĚĂÖ®Č­Lv7	24	361	1	0	8	3	4	0	0	0	22	1577	3000	-1	-1	1	1000	600	80	0	0	6	0	0	0	0	350	0	-1	-1	-1	-1	-1	0	2	0	107	6205	0	1	4	shengguangzhichui	2	8	2	5:0	0	1	300	0	0	0	0	0
368	ĚěĚĂÖ®Č­Lv8	24	361	1	0	8	3	4	0	0	0	22	1578	3000	-1	-1	1	1000	600	80	0	0	6	0	0	0	0	350	0	-1	-1	-1	-1	-1	0	2	0	108	6205	0	1	4	shengguangzhichui	2	8	2	5:0	0	1	300	0	0	0	0	0
369	ĚěĚĂÖ®Č­Lv9	24	361	1	0	8	3	4	0	0	0	22	1579	3000	-1	-1	1	1000	600	80	0	0	6	0	0	0	0	350	0	-1	-1	-1	-1	-1	0	2	0	109	6205	0	1	4	shengguangzhichui	2	8	2	5:0	0	1	300	0	0	0	0	0
370	ĚěĚĂÖ®Č­Lv10	24	361	1	0	8	3	4	0	0	0	22	1580	3000	-1	-1	1	1000	600	80	0	0	6	0	0	0	0	350	0	-1	-1	-1	-1	-1	0	2	0	110	6205	0	1	4	shengguangzhichui	2	8	2	5:0	0	1	300	0	0	0	0	0
2401	¸ôÔÂŐ¶(ąÖÎď)	-1	2401	21	0	2	2	1	2	2	0	18	-1	1000	-1	-1	1	500	0	0	0	0	1	10000	0	0	0	400	0	-1	-1	-1	-1	-1	0	1	0	6503	6203	0	1	-1	zhongzhan	1	2	1	5:0	0	0	0	0	0	0	0	0
2402	Đý·ç˝Ł·¨(ąÖÎď)	-1	2402	21	0	1	4	1	2	5	0	18	-1	1000	-1	-1	1	500	0	0	0	0	1	8000	0	0	0	400	0	-1	-1	-1	-1	-1	0	1	0	6502	6203	0	1	-1	zhongzhan	1	1	2	6:0	0	0	0	0	0	0	0	0
2403	Á¶Óü˝Ł·¨(ąÖÎď)	-1	2403	21	0	1	2	1	2	1	0	18	-1	1000	-1	-1	1	500	0	0	0	0	1	30000	0	0	0	400	0	-1	-1	-1	-1	-1	0	1	0	6500	6203	0	1	-1	zhongzhan	1	1	2	5:0	0	0	0	0	0	0	0	0
2404	ąíÓ°×¦(ąÖÎď)	-1	2404	21	0	6	1	0	0	1	0	18	-1	1000	-1	-1	1	500	0	0	0	0	0	0	0	100	320	400	0	-1	-1	-1	-1	-1	0	1	0	6508	6205	0	1	-1	shengguangzhan	1	8	2	5:0	0	0	0	0	0	0	0	0
2405	ĘĄĚĺ¶Ü(ąÖÎď)	-1	2405	21	0	0	0	0	1	1	1	18	0	1000	0	0	0	500	0	0	0	0	0	0	0	100	300	400	0	-1	-1	-1	-1	-1	0	1	0	0	0	0	1	-1	zhongzhan	0	0	0	5:0	0	0	0	0	0	0	0	0
2406	·ÉĚěŇ»˝Ł(ąÖÎď)	-1	2406	21	0	3	2	1	2	4	0	18	-1	1000	-1	-1	1	5000	0	0	0	0	1	20000	0	0	0	400	0	-1	-1	-1	-1	-1	0	1	0	6505	6203	0	1	-1	zhongzhan	1	3	2	5:0	0	0	0	0	0	0	0	0
2407	żŞĚěŐ¶(ąÖÎď)	-1	2407	21	0	4	2	1	2	4	0	18	-1	1000	-1	-1	1	5000	0	0	0	0	1	30000	0	0	0	400	0	-1	-1	-1	-1	-1	0	1	0	6506	6203	0	1	-1	zhongzhan	1	4	2	5:0	0	0	0	0	0	0	0	0
2408	¸´łđÖ®ŃŞ	-1	2408	21	0	1	0	0	1	1	1	18	0	1000	0	0	0	500	0	0	0	0	0	0	0	100	185	400	0	-1	-1	-1	-1	-1	0	1	0	0	0	0	1	7	zhongzhan	0	0	0	5:0	0	0	0	0	0	0	0	0
2409	ĘŘÎŔąĄ»÷(ĘŘÎŔ)	-1	2409	1	0	3	1	0	0	1	0	4	-1	500	-1	-1	1	500	0	0	0	0	1	10000	0	0	0	400	0	-1	-1	-1	-1	-1	0	1	0	6503	6203	0	1	-1	zhongzhan	1	2	1	5:0	0	0	0	0	0	0	0	0
2410	»đŃć·¶Î§Ł¨ąÖÎďŁ©	-1	2410	21	0	10	3	10	3	19	0	22	-1	1000	-1	-1	1	15000	0	0	0	0	1	18000	0	0	0	1000	0	-1	-1	-1	-1	-1	0	2	0	5028	6201	0	1	3	-1	1	10	2	5:0	0	0	0	0	0	0	0	0
2501	ĐˇąÖąĄ»÷	-1	2501	21	0	1	2	0	0	1	0	18	-1	1000	-1	-1	1	2000	0	0	0	0	1	10000	0	0	0	1000	0	-1	-1	-1	-1	-1	0	1	0	0	0	0	1	-1	-1	1	1	2	5:0	0	0	0	0	0	0	0	0
2502	BOSSąĄ»÷	14001	2502	21	0	1	2	0	0	1	0	18	-1	1000	-1	-1	1	1000	0	0	0	0	1	10000	0	0	0	1000	0	-1	-1	-1	-1	-1	0	1	0	0	0	0	1	-1	-1	1	1	2	5:0	0	0	0	0	0	0	0	0
2503	ąÖÎďÎďŔíąĄ»÷	-1	2503	21	0	3	1	0	0	1	0	0	-1	1000	-1	-1	1	2500	0	0	0	0	1	10000	0	0	0	1000	0	-1	-1	-1	-1	-1	0	1	0	0	0	0	1	-1	-1	1	1	2	5:0	0	0	0	0	0	0	0	0
2504	ąÖÎďżěËŮÎďŔíąĄ»÷	-1	2504	21	0	3	1	0	0	1	0	0	-1	1000	-1	-1	1	1500	0	0	0	0	1	10000	0	0	0	1000	0	-1	-1	-1	-1	-1	0	1	0	0	0	0	1	-1	-1	1	3	2	5:0	0	0	0	0	0	0	0	0
2505	ąÖÎď×çÖäÎďŔíąĄ»÷	-1	2505	21	0	3	1	0	0	1	0	0	-1	1000	-1	-1	1	2500	0	0	0	0	1	10000	0	100	2510	1000	0	-1	-1	-1	-1	-1	0	1	0	0	0	0	1	-1	-1	1	3	2	5:0	0	0	0	0	0	0	0	0
2506	ąÖÎďÔ¶łĚ»đÇňĘő	-1	2506	21	0	6	1	0	0	1	0	0	-1	1000	-1	-1	1	2500	0	0	0	0	3	12000	0	0	0	1000	0	-1	-1	-1	-1	-1	0	1	6212	5015	6201	0	1	1	-1	2	6	2	5:0	0	0	0	0	0	0	0	0
2507	ąÖÎďľç¶ľĐÂĐÇ	-1	2507	21	0	5	3	5	3	8	0	22	-1	1000	-1	-1	1	15000	0	0	0	0	1	20000	0	0	0	1000	0	-1	-1	-1	-1	-1	0	2	0	6006	6200	0	1	2	-1	1	5	2	5:0	0	0	0	0	0	0	0	0
2508	ąÖÎď±©·çŃ©	-1	2508	21	0	6	3	4	0	0	0	22	2509	6000	-1	-1	1	15000	0	0	0	0	1	0	0	0	0	1000	0	-1	-1	-1	-1	-1	0	2	5019	6300	5040	0	0	-1	-1	2	6	2	5:0	0	0	0	0	0	0	0	0
2509	ąÖÎď±©·çŃ©ÉËş¦şÍ·¶Î§	-1	2509	21	0	6	3	4	3	10	0	22	-1	6000	1000	500	5	15000	0	0	0	0	1	10000	0	0	0	1000	0	-1	-1	-1	-1	-1	0	2	0	0	5040	0	0	-1	-1	2	6	2	5:0	0	0	0	0	0	0	0	0
2510	ąÖÎďÉÁµçĎÝÚĺ	-1	2510	3	0	6	3	3	0	0	0	22	2511	6000	-1	-1	1	15000	0	0	0	0	2	0	0	0	0	1000	0	-1	-1	-1	-1	-1	0	2	0	441	5011	0	0	2	-1	2	4	3	6:0	0	0	0	0	0	0	0	0
2511	ÉÁµçĎÝÚĺşóĐřÉËş¦şÍ·¶Î§	-1	2511	0	0	6	3	3	3	6	0	22	-1	6000	1000	500	5	15000	0	0	0	0	2	10000	0	0	0	1000	0	-1	-1	-1	-1	-1	0	2	0	0	5011	0	0	-1	-1	2	4	3	6:0	0	0	0	0	0	0	0	0
2512	ąÖÎď´«ËÍ	-1	2512	3	0	12	1	0	0	0	0	0	-1	6000	-1	-1	1	15000	0	0	0	1	1	0	0	0	0	1000	0	-1	-1	-1	-1	-1	2	1	0	6018	0	0	0	2	-1	2	8	3	-1	0	0	0	0	0	0	0	0
2513	ąÖÎď»đŃćÄ§ŃŰ	-1	2513	2	0	6	1	0	0	1	0	0	-1	1000	-1	-1	1	10000	0	0	0	0	0	0	0	100	4004	1000	0	-1	-1	-1	-1	-1	0	1	5018	0	6201	0	1	5	-1	1	6	2	6:0	0	0	0	0	0	0	0	0
2514	ąÖÎďÔ¶łĚ±ů×¶Ęő	-1	2514	21	0	6	1	0	0	1	0	0	-1	1000	-1	-1	1	2500	0	0	0	0	4	12000	0	0	0	1000	0	-1	-1	-1	-1	-1	0	1	6210	6008	6202	0	1	1	-1	2	6	2	5:0	0	0	0	0	0	0	0	0
2515	ąÖÎďÔ¶łĚ°×ąÇĘő	-1	2515	21	0	6	1	0	0	1	0	0	-1	1000	-1	-1	1	2500	0	0	0	0	5	12000	0	0	0	1000	0	-1	-1	-1	-1	-1	0	1	6213	6009	6200	0	1	1	-1	2	6	2	5:0	0	0	0	0	0	0	0	0
2516	BOSSÔ¶łĚ°×ąÇĘő	-1	2516	21	0	12	1	0	0	1	0	0	-1	1000	-1	-1	1	3000	0	0	0	0	1	10000	0	0	0	1000	0	-1	-1	-1	-1	-1	0	1	6213	600	6200	0	1	1	-1	2	12	2	5:0	0	0	0	0	0	0	0	0
2517	BOSSÖĐľŕŔëÎďŔíąĄ»÷	-1	2517	21	0	5	1	0	0	1	0	0	-1	1000	-1	-1	1	2500	0	0	0	0	1	10000	0	0	0	1000	0	-1	-1	-1	-1	-1	0	1	0	0	6203	0	1	-1	-1	1	5	2	5:0	0	0	0	0	0	0	0	0
2518	ĐˇąÖąĄ»÷(Č«Ěĺ)	-1	2518	21	0	1	2	0	0	1	0	511	-1	1000	-1	-1	1	2000	0	0	0	0	1	10000	0	0	0	1000	0	-1	-1	-1	-1	-1	0	1	0	0	0	0	1	-1	-1	1	1	2	5:0	0	0	0	0	0	0	0	0
2519	µäÓüł¤ąĄ»÷	14001	2519	21	0	2	1	0	0	1	0	18	-1	1000	-1	-1	1	1000	0	0	0	0	1	10000	0	0	0	1000	0	-1	-1	-1	-1	-1	0	1	0	0	0	0	1	-1	-1	1	1	2	5:0	0	0	0	0	0	0	0	0
3001	łčÎďĆŐąĄLv1	3001	3001	21	0	1	1	0	2	1	0	4	-1	1000	-1	-1	1	1000	0	0	0	0	1	10000	0	0	0	1000	0	-1	-1	-1	-1	-1	0	2	6504	0	6203	0	1	1	zhongzhan	1	1	2	5:0	1	1	0	0	0	0	0	0
3002	łčÎďĆŐąĄLv2	3001	3001	21	0	1	1	0	2	1	0	4	-1	1000	-1	-1	1	1000	0	0	0	0	1	10500	0	0	0	1000	0	-1	-1	-1	-1	-1	0	2	6504	0	6203	0	1	1	zhongzhan	1	1	2	5:0	1	1	0	0	0	0	0	0
3003	łčÎďĆŐąĄLv3	3001	3001	21	0	1	1	0	2	1	0	4	-1	1000	-1	-1	1	1000	0	0	0	0	1	11000	0	0	0	1000	0	-1	-1	-1	-1	-1	0	2	6504	0	6203	0	1	1	zhongzhan	1	1	2	5:0	1	1	0	0	0	0	0	0
3004	łčÎďĆŐąĄLv4	3001	3001	21	0	1	1	0	2	1	0	4	-1	1000	-1	-1	1	1000	0	0	0	0	1	11500	0	0	0	1000	0	-1	-1	-1	-1	-1	0	2	6504	0	6203	0	1	1	zhongzhan	1	1	2	5:0	1	1	0	0	0	0	0	0
3005	łčÎďĆŐąĄLv5	3001	3001	21	0	1	1	0	2	1	0	4	-1	1000	-1	-1	1	1000	0	0	0	0	1	12000	0	0	0	1000	0	-1	-1	-1	-1	-1	0	2	6504	0	6203	0	1	1	zhongzhan	1	1	2	5:0	1	1	0	0	0	0	0	0
3006	łčÎďĆŐąĄLv6	3001	3001	21	0	1	1	0	2	1	0	4	-1	1000	-1	-1	1	1000	0	0	0	0	1	12500	0	0	0	1000	0	-1	-1	-1	-1	-1	0	2	6504	0	6203	0	1	1	zhongzhan	1	1	2	5:0	1	1	0	0	0	0	0	0
3007	łčÎďĆŐąĄLv7	3001	3001	21	0	1	1	0	2	1	0	4	-1	1000	-1	-1	1	1000	0	0	0	0	1	13000	0	0	0	1000	0	-1	-1	-1	-1	-1	0	2	6504	0	6203	0	1	1	zhongzhan	1	1	2	5:0	1	1	0	0	0	0	0	0
3008	łčÎďĆŐąĄLv8	3001	3001	21	0	1	1	0	2	1	0	4	-1	1000	-1	-1	1	1000	0	0	0	0	1	13500	0	0	0	1000	0	-1	-1	-1	-1	-1	0	2	6504	0	6203	0	1	1	zhongzhan	1	1	2	5:0	1	1	0	0	0	0	0	0
3009	łčÎďĆŐąĄLv9	3001	3001	21	0	1	1	0	2	1	0	4	-1	1000	-1	-1	1	1000	0	0	0	0	1	14000	0	0	0	1000	0	-1	-1	-1	-1	-1	0	2	6504	0	6203	0	1	1	zhongzhan	1	1	2	5:0	1	1	0	0	0	0	0	0
3010	łčÎďĆŐąĄLv10	3001	3001	21	0	1	1	0	2	1	0	4	-1	1000	-1	-1	1	1000	0	0	0	0	1	14500	0	0	0	1000	0	-1	-1	-1	-1	-1	0	2	6504	0	6203	0	1	1	zhongzhan	1	1	2	5:0	1	1	0	0	0	0	0	0
3021	ÓĄ»÷ł¤żŐLv1	11002	3021	21	0	8	2	8	2	4	0	22	-1	1000	-1	-1	1	3000	600	0	0	0	4	6000	0	0	0	400	0	-1	-1	-1	-1	-1	0	2	6212	241	6201	0	1	1	-1	2	8	2	6:0	1	1	600	0	0	0	0	0
3022	ÓĄ»÷ł¤żŐLv2	11002	3021	21	0	8	2	8	2	4	0	22	-1	1000	-1	-1	1	3000	600	0	0	0	4	6500	0	0	0	400	0	-1	-1	-1	-1	-1	0	2	6212	241	6201	0	1	1	-1	2	8	2	6:0	1	1	600	0	0	0	0	0
3023	ÓĄ»÷ł¤żŐLv3	11002	3021	21	0	8	2	8	2	4	0	22	-1	1000	-1	-1	1	3000	600	0	0	0	4	7000	0	0	0	400	0	-1	-1	-1	-1	-1	0	2	6212	241	6201	0	1	1	-1	2	8	2	6:0	1	1	600	0	0	0	0	0
3024	ÓĄ»÷ł¤żŐLv4	11002	3021	21	0	8	2	8	2	4	0	22	-1	1000	-1	-1	1	3000	600	0	0	0	4	7500	0	0	0	400	0	-1	-1	-1	-1	-1	0	2	6212	241	6201	0	1	1	-1	2	8	2	6:0	1	1	600	0	0	0	0	0
3025	ÓĄ»÷ł¤żŐLv5	11002	3021	21	0	8	2	8	2	4	0	22	-1	1000	-1	-1	1	3000	600	0	0	0	4	8000	0	0	0	400	0	-1	-1	-1	-1	-1	0	2	6212	241	6201	0	1	1	-1	2	8	2	6:0	1	1	600	0	0	0	0	0
3026	ÓĄ»÷ł¤żŐLv6	11002	3021	21	0	8	2	8	2	4	0	22	-1	1000	-1	-1	1	3000	600	0	0	0	4	10000	0	0	0	400	0	-1	-1	-1	-1	-1	0	2	6212	241	6201	0	1	1	-1	2	8	2	6:0	1	1	600	0	0	0	0	0
3027	ÓĄ»÷ł¤żŐLv7	11002	3021	21	0	8	2	8	2	4	0	22	-1	1000	-1	-1	1	3000	600	0	0	0	4	10500	0	0	0	400	0	-1	-1	-1	-1	-1	0	2	6212	241	6201	0	1	1	-1	2	8	2	6:0	1	1	600	0	0	0	0	0
3028	ÓĄ»÷ł¤żŐLv8	11002	3021	21	0	8	2	8	2	4	0	22	-1	1000	-1	-1	1	3000	600	0	0	0	4	11000	0	0	0	400	0	-1	-1	-1	-1	-1	0	2	6212	241	6201	0	1	1	-1	2	8	2	6:0	1	1	600	0	0	0	0	0
3029	ÓĄ»÷ł¤żŐLv9	11002	3021	21	0	8	2	8	2	4	0	22	-1	1000	-1	-1	1	3000	600	0	0	0	4	11500	0	0	0	400	0	-1	-1	-1	-1	-1	0	2	6212	241	6201	0	1	1	-1	2	8	2	6:0	1	1	600	0	0	0	0	0
3030	ÓĄ»÷ł¤żŐLv10	11002	3021	21	0	8	2	8	2	4	0	22	-1	1000	-1	-1	1	3000	600	0	0	0	4	13000	0	0	0	400	0	-1	-1	-1	-1	-1	0	2	6212	241	6201	0	1	1	-1	2	8	2	6:0	1	1	600	0	0	0	0	0
3041	Ŕ×öŞÉä»÷Lv1	-1	3041	21	0	12	3	4	0	0	0	22	3101	6000	-1	-1	1	5000	0	0	0	0	4	0	0	0	0	1000	0	-1	-1	-1	-1	-1	0	2	5019	6300	5040	0	0	-1	-1	2	12	2	7:0	0	0	0	0	0	0	0	0
3042	Ŕ×öŞÉä»÷Lv2	-1	3042	21	0	12	3	4	0	0	0	22	3102	6000	-1	-1	1	5000	0	0	0	0	4	0	0	0	0	1000	0	-1	-1	-1	-1	-1	0	2	5019	6300	5040	0	0	-1	-1	2	12	2	7:0	0	0	0	0	0	0	0	0
3043	Ŕ×öŞÉä»÷Lv3	-1	3043	21	0	12	3	4	0	0	0	22	3103	6000	-1	-1	1	5000	0	0	0	0	4	0	0	0	0	1000	0	-1	-1	-1	-1	-1	0	2	5019	6300	5040	0	0	-1	-1	2	12	2	7:0	0	0	0	0	0	0	0	0
3044	Ŕ×öŞÉä»÷Lv4	-1	3044	21	0	12	3	4	0	0	0	22	3104	6000	-1	-1	1	5000	0	0	0	0	4	0	0	0	0	1000	0	-1	-1	-1	-1	-1	0	2	5019	6300	5040	0	0	-1	-1	2	12	2	7:0	0	0	0	0	0	0	0	0
3045	Ŕ×öŞÉä»÷Lv5	-1	3045	21	0	12	3	4	0	0	0	22	3105	6000	-1	-1	1	5000	0	0	0	0	4	0	0	0	0	1000	0	-1	-1	-1	-1	-1	0	2	5019	6300	5040	0	0	-1	-1	2	12	2	7:0	0	0	0	0	0	0	0	0
3046	Ŕ×öŞÉä»÷Lv6	-1	3046	21	0	12	3	4	0	0	0	22	3106	6000	-1	-1	1	5000	0	0	0	0	4	0	0	0	0	1000	0	-1	-1	-1	-1	-1	0	2	5019	6300	5040	0	0	-1	-1	2	12	2	7:0	0	0	0	0	0	0	0	0
3047	Ŕ×öŞÉä»÷Lv7	-1	3047	21	0	12	3	4	0	0	0	22	3107	6000	-1	-1	1	5000	0	0	0	0	4	0	0	0	0	1000	0	-1	-1	-1	-1	-1	0	2	5019	6300	5040	0	0	-1	-1	2	12	2	7:0	0	0	0	0	0	0	0	0
3048	Ŕ×öŞÉä»÷Lv8	-1	3048	21	0	12	3	4	0	0	0	22	3108	6000	-1	-1	1	5000	0	0	0	0	4	0	0	0	0	1000	0	-1	-1	-1	-1	-1	0	2	5019	6300	5040	0	0	-1	-1	2	12	2	7:0	0	0	0	0	0	0	0	0
3049	Ŕ×öŞÉä»÷Lv9	-1	3049	21	0	12	3	4	0	0	0	22	3109	6000	-1	-1	1	5000	0	0	0	0	4	0	0	0	0	1000	0	-1	-1	-1	-1	-1	0	2	5019	6300	5040	0	0	-1	-1	2	12	2	7:0	0	0	0	0	0	0	0	0
3050	Ŕ×öŞÉä»÷Lv10	-1	3050	21	0	12	3	4	0	0	0	22	3110	6000	-1	-1	1	5000	0	0	0	0	4	0	0	0	0	1000	0	-1	-1	-1	-1	-1	0	2	5019	6300	5040	0	0	-1	-1	2	12	2	7:0	0	0	0	0	0	0	0	0
3061	Čőµă´ň»÷Lv1	11003	3061	21	0	12	1	0	0	1	0	0	-1	1000	-1	-1	1	5000	0	0	0	0	4	9750	0	20	7101	400	0	-1	-1	-1	-1	-1	0	1	6213	6009	6200	0	1	2	-1	2	12	2	7:0	1	1	0	0	0	0	0	0
3062	Čőµă´ň»÷Lv2	11003	3061	21	0	12	1	0	0	1	0	0	-1	1000	-1	-1	1	5000	0	0	0	0	4	12000	0	20	7102	400	0	-1	-1	-1	-1	-1	0	1	6213	6009	6200	0	1	2	-1	2	12	2	7:0	1	1	0	0	0	0	0	0
3063	Čőµă´ň»÷Lv3	11003	3061	21	0	12	1	0	0	1	0	0	-1	1000	-1	-1	1	5000	0	0	0	0	4	14250	0	20	7103	400	0	-1	-1	-1	-1	-1	0	1	6213	6009	6200	0	1	2	-1	2	12	2	7:0	1	1	0	0	0	0	0	0
3064	Čőµă´ň»÷Lv4	11003	3061	21	0	12	1	0	0	1	0	0	-1	1000	-1	-1	1	5000	0	0	0	0	4	16250	0	20	7104	400	0	-1	-1	-1	-1	-1	0	1	6213	6009	6200	0	1	2	-1	2	12	2	7:0	1	1	0	0	0	0	0	0
3065	Čőµă´ň»÷Lv5	11003	3061	21	0	12	1	0	0	1	0	0	-1	1000	-1	-1	1	5000	0	0	0	0	4	18500	0	20	7105	400	0	-1	-1	-1	-1	-1	0	1	6213	6009	6200	0	1	2	-1	2	12	2	7:0	1	1	0	0	0	0	0	0
3066	Čőµă´ň»÷Lv6	11003	3061	21	0	12	1	0	0	1	0	0	-1	1000	-1	-1	1	5000	0	0	0	0	4	23000	0	25	7106	400	0	-1	-1	-1	-1	-1	0	1	6213	6009	6200	0	1	2	-1	2	12	2	7:0	1	1	0	0	0	0	0	0
3067	Čőµă´ň»÷Lv7	11003	3061	21	0	12	1	0	0	1	0	0	-1	1000	-1	-1	1	5000	0	0	0	0	4	25250	0	25	7107	400	0	-1	-1	-1	-1	-1	0	1	6213	6009	6200	0	1	2	-1	2	12	2	7:0	1	1	0	0	0	0	0	0
3068	Čőµă´ň»÷Lv8	11003	3061	21	0	12	1	0	0	1	0	0	-1	1000	-1	-1	1	5000	0	0	0	0	4	27500	0	25	7108	400	0	-1	-1	-1	-1	-1	0	1	6213	6009	6200	0	1	2	-1	2	12	2	7:0	1	1	0	0	0	0	0	0
3069	Čőµă´ň»÷Lv9	11003	3061	21	0	12	1	0	0	1	0	0	-1	1000	-1	-1	1	5000	0	0	0	0	4	29750	0	25	7109	400	0	-1	-1	-1	-1	-1	0	1	6213	6009	6200	0	1	2	-1	2	12	2	7:0	1	1	0	0	0	0	0	0
3070	Čőµă´ň»÷Lv10	11003	3061	21	0	12	1	0	0	1	0	0	-1	1000	-1	-1	1	5000	0	0	0	0	4	34000	0	30	7110	400	0	-1	-1	-1	-1	-1	0	1	6213	6009	6200	0	1	2	-1	2	12	2	7:0	1	1	0	0	0	0	0	0
3101	Ŕ×öŞÉä»÷şóĐřÉËş¦şÍ·¶Î§	-1	3101	21	0	12	3	4	0	10	0	22	-1	6000	1000	500	5	5000	0	0	0	0	4	25000	0	0	0	1000	0	-1	-1	-1	-1	-1	0	2	0	0	5040	0	0	-1	-1	2	12	2	5:0	0	0	0	0	0	0	0	0
3102	Ŕ×öŞÉä»÷şóĐřÉËş¦şÍ·¶Î§	-1	3102	21	0	12	3	4	0	10	0	22	-1	6000	1000	500	5	5000	0	0	0	0	4	25000	0	0	0	1000	0	-1	-1	-1	-1	-1	0	2	0	0	5040	0	0	-1	-1	2	12	2	5:0	0	0	0	0	0	0	0	0
3103	Ŕ×öŞÉä»÷şóĐřÉËş¦şÍ·¶Î§	-1	3103	21	0	12	3	4	0	10	0	22	-1	6000	1000	500	5	5000	0	0	0	0	4	25000	0	0	0	1000	0	-1	-1	-1	-1	-1	0	2	0	0	5040	0	0	-1	-1	2	12	2	5:0	0	0	0	0	0	0	0	0
3104	Ŕ×öŞÉä»÷şóĐřÉËş¦şÍ·¶Î§	-1	3104	21	0	12	3	4	0	10	0	22	-1	6000	1000	500	5	5000	0	0	0	0	4	25000	0	0	0	1000	0	-1	-1	-1	-1	-1	0	2	0	0	5040	0	0	-1	-1	2	12	2	5:0	0	0	0	0	0	0	0	0
3105	Ŕ×öŞÉä»÷şóĐřÉËş¦şÍ·¶Î§	-1	3105	21	0	12	3	4	0	10	0	22	-1	6000	1000	500	5	5000	0	0	0	0	4	25000	0	0	0	1000	0	-1	-1	-1	-1	-1	0	2	0	0	5040	0	0	-1	-1	2	12	2	5:0	0	0	0	0	0	0	0	0
3106	Ŕ×öŞÉä»÷şóĐřÉËş¦şÍ·¶Î§	-1	3106	21	0	12	3	4	0	10	0	22	-1	6000	1000	500	5	5000	0	0	0	0	4	25000	0	0	0	1000	0	-1	-1	-1	-1	-1	0	2	0	0	5040	0	0	-1	-1	2	12	2	5:0	0	0	0	0	0	0	0	0
3107	Ŕ×öŞÉä»÷şóĐřÉËş¦şÍ·¶Î§	-1	3107	21	0	12	3	4	0	10	0	22	-1	6000	1000	500	5	5000	0	0	0	0	4	25000	0	0	0	1000	0	-1	-1	-1	-1	-1	0	2	0	0	5040	0	0	-1	-1	2	12	2	5:0	0	0	0	0	0	0	0	0
3108	Ŕ×öŞÉä»÷şóĐřÉËş¦şÍ·¶Î§	-1	3108	21	0	12	3	4	0	10	0	22	-1	6000	1000	500	5	5000	0	0	0	0	4	25000	0	0	0	1000	0	-1	-1	-1	-1	-1	0	2	0	0	5040	0	0	-1	-1	2	12	2	5:0	0	0	0	0	0	0	0	0
3109	Ŕ×öŞÉä»÷şóĐřÉËş¦şÍ·¶Î§	-1	3109	21	0	12	3	4	0	10	0	22	-1	6000	1000	500	5	5000	0	0	0	0	4	25000	0	0	0	1000	0	-1	-1	-1	-1	-1	0	2	0	0	5040	0	0	-1	-1	2	12	2	5:0	0	0	0	0	0	0	0	0
3110	Ŕ×öŞÉä»÷şóĐřÉËş¦şÍ·¶Î§	-1	3110	21	0	12	3	4	0	10	0	22	-1	6000	1000	500	5	5000	0	0	0	0	4	25000	0	0	0	1000	0	-1	-1	-1	-1	-1	0	2	0	0	5040	0	0	-1	-1	2	12	2	5:0	0	0	0	0	0	0	0	0
3201	Ŕ×öŞËÁĹ°Lv1	12001	3201	0	0	10	3	10	3	10	0	4	-1	1000	-1	-1	1	56250	0	0	0	0	5	28125	0	0	0	400	0	-1	-1	-1	-1	-1	0	2	0	500	6201	0	1	3	-1	2	10	2	-1	0	1	0	0	0	0	0	0
3202	Ŕ×öŞËÁĹ°Lv2	12001	3201	0	0	10	3	10	3	11	0	4	-1	1000	-1	-1	1	56250	0	0	0	0	5	33000	0	0	0	400	0	-1	-1	-1	-1	-1	0	2	0	500	6201	0	1	3	-1	2	10	2	-1	0	1	0	0	0	0	0	0
3203	Ŕ×öŞËÁĹ°Lv3	12001	3201	0	0	10	3	10	3	12	0	4	-1	1000	-1	-1	1	56250	0	0	0	0	5	37875	0	0	0	400	0	-1	-1	-1	-1	-1	0	2	0	500	6201	0	1	3	-1	2	10	2	-1	0	1	0	0	0	0	0	0
3204	Ŕ×öŞËÁĹ°Lv4	12001	3201	0	0	10	3	10	3	13	0	4	-1	1000	-1	-1	1	56250	0	0	0	0	5	42750	0	0	0	400	0	-1	-1	-1	-1	-1	0	2	0	500	6201	0	1	3	-1	2	10	2	-1	0	1	0	0	0	0	0	0
3205	Ŕ×öŞËÁĹ°Lv5	12001	3201	0	0	10	3	10	3	14	0	4	-1	1000	-1	-1	1	56250	0	0	0	0	5	47625	0	0	0	400	0	-1	-1	-1	-1	-1	0	2	0	500	6201	0	1	3	-1	2	10	2	-1	0	1	0	0	0	0	0	0
3206	Ŕ×öŞËÁĹ°Lv6	12001	3201	0	0	10	3	10	3	15	0	4	-1	1000	-1	-1	1	56250	0	0	0	0	5	52500	0	0	0	400	0	-1	-1	-1	-1	-1	0	2	0	500	6201	0	1	3	-1	2	10	2	-1	0	1	0	0	0	0	0	0
3207	Ŕ×öŞËÁĹ°Lv7	12001	3201	0	0	10	3	10	3	16	0	4	-1	1000	-1	-1	1	56250	0	0	0	0	5	57375	0	0	0	400	0	-1	-1	-1	-1	-1	0	2	0	500	6201	0	1	3	-1	2	10	2	-1	0	1	0	0	0	0	0	0
3208	Ŕ×öŞËÁĹ°Lv8	12001	3201	0	0	10	3	10	3	17	0	4	-1	1000	-1	-1	1	56250	0	0	0	0	5	62250	0	0	0	400	0	-1	-1	-1	-1	-1	0	2	0	500	6201	0	1	3	-1	2	10	2	-1	0	1	0	0	0	0	0	0
3209	Ŕ×öŞËÁĹ°Lv9	12001	3201	21	0	10	3	10	3	18	0	22	-1	1000	-1	-1	1	15000	0	0	0	0	1	10000	0	0	0	400	0	-1	-1	-1	-1	-1	0	2	0	500	6201	0	1	3	-1	1	10	2	5:0	0	0	0	0	0	0	0	0
3210	Ŕ×öŞËÁĹ°Lv10	12001	3201	21	0	10	3	10	3	19	0	22	-1	1000	-1	-1	1	15000	0	0	0	0	1	18000	0	0	0	1000	0	-1	-1	-1	-1	-1	0	2	0	500	6201	0	1	3	-1	1	10	2	5:0	0	0	0	0	0	0	0	0
3301	ĎČ×ćÖ®»ę2ĽţLv1	24001	3301	1	2	3	0	0	0	1	1	0	-1	1000	-1	-1	1	1000	0	0	0	0	0	0	0	100	5501	400	0	-1	-1	-1	-1	-1	0	1	0	0	0	0	1	0	xianzuzhihun	2	3	2	-1	0	0	0	0	0	0	0	0
3302	ĎČ×ćÖ®»ę2ĽţLv2	24001	3301	1	2	3	0	0	0	1	1	0	-1	1000	-1	-1	1	1000	0	0	0	0	0	0	0	100	5502	400	0	-1	-1	-1	-1	-1	0	1	0	0	0	0	1	0	xianzuzhihun	2	3	2	-1	0	0	0	0	0	0	0	0
3303	ĎČ×ćÖ®»ę2ĽţLv3	24001	3301	1	2	3	0	0	0	1	1	0	-1	1000	-1	-1	1	1000	0	0	0	0	0	0	0	100	5503	400	0	-1	-1	-1	-1	-1	0	1	0	0	0	0	1	0	xianzuzhihun	2	3	2	-1	0	0	0	0	0	0	0	0
3304	ĎČ×ćÖ®»ę2ĽţLv4	24001	3301	1	2	3	0	0	0	1	1	0	-1	1000	-1	-1	1	1000	0	0	0	0	0	0	0	100	5504	400	0	-1	-1	-1	-1	-1	0	1	0	0	0	0	1	0	xianzuzhihun	2	3	2	-1	0	0	0	0	0	0	0	0
3305	ĎČ×ćÖ®»ę2ĽţLv5	24001	3301	1	2	3	0	0	0	1	1	0	-1	1000	-1	-1	1	1000	0	0	0	0	0	0	0	100	5505	400	0	-1	-1	-1	-1	-1	0	1	0	0	0	0	1	0	xianzuzhihun	2	3	2	-1	0	0	0	0	0	0	0	0
3306	ĎČ×ćÖ®»ę2ĽţLv6	24001	3301	1	2	3	0	0	0	1	1	0	-1	1000	-1	-1	1	1000	0	0	0	0	0	0	0	100	5506	400	0	-1	-1	-1	-1	-1	0	1	0	0	0	0	1	0	xianzuzhihun	2	3	2	-1	0	0	0	0	0	0	0	0
3307	ĎČ×ćÖ®»ę2ĽţLv7	24001	3301	1	2	3	0	0	0	1	1	0	-1	1000	-1	-1	1	1000	0	0	0	0	0	0	0	100	5507	400	0	-1	-1	-1	-1	-1	0	1	0	0	0	0	1	0	xianzuzhihun	2	3	2	-1	0	0	0	0	0	0	0	0
3308	ĎČ×ćÖ®»ę2ĽţLv8	24001	3301	1	2	3	0	0	0	1	1	0	-1	1000	-1	-1	1	1000	0	0	0	0	0	0	0	100	5508	400	0	-1	-1	-1	-1	-1	0	1	0	0	0	0	1	0	xianzuzhihun	2	3	2	-1	0	0	0	0	0	0	0	0
3309	ĎČ×ćÖ®»ę2ĽţLv9	24001	3301	1	2	3	0	0	0	1	1	0	-1	1000	-1	-1	1	1000	0	0	0	0	0	0	0	100	5509	400	0	-1	-1	-1	-1	-1	0	1	0	0	0	0	1	0	xianzuzhihun	2	3	2	-1	0	0	0	0	0	0	0	0
3310	ĎČ×ćÖ®»ę2ĽţLv10	24001	3301	1	2	3	0	0	0	1	1	0	-1	1000	-1	-1	1	1000	0	0	0	0	0	0	0	100	5510	400	0	-1	-1	-1	-1	-1	0	1	0	0	0	0	1	0	xianzuzhihun	2	3	2	-1	0	0	0	0	0	0	0	0
3321	Óů·¨Őß2ĽţLv1	24011	3301	1	2	3	0	0	0	1	1	0	-1	1000	-1	-1	1	1000	0	0	0	0	0	0	0	100	5601	400	0	-1	-1	-1	-1	-1	0	1	0	0	0	0	1	0	yufazhe	2	3	2	-1	0	0	0	0	0	0	0	0
3322	Óů·¨Őß2ĽţLv2	24011	3301	1	2	3	0	0	0	1	1	0	-1	1000	-1	-1	1	1000	0	0	0	0	0	0	0	100	5602	400	0	-1	-1	-1	-1	-1	0	1	0	0	0	0	1	0	yufazhe	2	3	2	-1	0	0	0	0	0	0	0	0
3323	Óů·¨Őß2ĽţLv3	24011	3301	1	2	3	0	0	0	1	1	0	-1	1000	-1	-1	1	1000	0	0	0	0	0	0	0	100	5603	400	0	-1	-1	-1	-1	-1	0	1	0	0	0	0	1	0	yufazhe	2	3	2	-1	0	0	0	0	0	0	0	0
3324	Óů·¨Őß2ĽţLv4	24011	3301	1	2	3	0	0	0	1	1	0	-1	1000	-1	-1	1	1000	0	0	0	0	0	0	0	100	5604	400	0	-1	-1	-1	-1	-1	0	1	0	0	0	0	1	0	yufazhe	2	3	2	-1	0	0	0	0	0	0	0	0
3325	Óů·¨Őß2ĽţLv5	24011	3301	1	2	3	0	0	0	1	1	0	-1	1000	-1	-1	1	1000	0	0	0	0	0	0	0	100	5605	400	0	-1	-1	-1	-1	-1	0	1	0	0	0	0	1	0	yufazhe	2	3	2	-1	0	0	0	0	0	0	0	0
3326	Óů·¨Őß2ĽţLv6	24011	3301	1	2	3	0	0	0	1	1	0	-1	1000	-1	-1	1	1000	0	0	0	0	0	0	0	100	5606	400	0	-1	-1	-1	-1	-1	0	1	0	0	0	0	1	0	yufazhe	2	3	2	-1	0	0	0	0	0	0	0	0
3327	Óů·¨Őß2ĽţLv7	24011	3301	1	2	3	0	0	0	1	1	0	-1	1000	-1	-1	1	1000	0	0	0	0	0	0	0	100	5607	400	0	-1	-1	-1	-1	-1	0	1	0	0	0	0	1	0	yufazhe	2	3	2	-1	0	0	0	0	0	0	0	0
3328	Óů·¨Őß2ĽţLv8	24011	3301	1	2	3	0	0	0	1	1	0	-1	1000	-1	-1	1	1000	0	0	0	0	0	0	0	100	5608	400	0	-1	-1	-1	-1	-1	0	1	0	0	0	0	1	0	yufazhe	2	3	2	-1	0	0	0	0	0	0	0	0
3329	Óů·¨Őß2ĽţLv9	24011	3301	1	2	3	0	0	0	1	1	0	-1	1000	-1	-1	1	1000	0	0	0	0	0	0	0	100	5609	400	0	-1	-1	-1	-1	-1	0	1	0	0	0	0	1	0	yufazhe	2	3	2	-1	0	0	0	0	0	0	0	0
3330	Óů·¨Őß2ĽţLv10	24011	3301	1	2	3	0	0	0	1	1	0	-1	1000	-1	-1	1	1000	0	0	0	0	0	0	0	100	5610	400	0	-1	-1	-1	-1	-1	0	1	0	0	0	0	1	0	yufazhe	2	3	2	-1	0	0	0	0	0	0	0	0
3341	°µÓ°ÁÔÉ±2ĽţLv1	24021	3301	1	2	3	0	0	0	1	1	0	-1	1000	-1	-1	1	1000	0	0	0	0	0	0	0	100	5701	400	0	-1	-1	-1	-1	-1	0	1	0	0	0	0	1	0	anyingliesha	2	3	2	-1	0	0	0	0	0	0	0	0
3342	°µÓ°ÁÔÉ±2ĽţLv2	24021	3301	1	2	3	0	0	0	1	1	0	-1	1000	-1	-1	1	1000	0	0	0	0	0	0	0	100	5702	400	0	-1	-1	-1	-1	-1	0	1	0	0	0	0	1	0	anyingliesha	2	3	2	-1	0	0	0	0	0	0	0	0
3343	°µÓ°ÁÔÉ±2ĽţLv3	24021	3301	1	2	3	0	0	0	1	1	0	-1	1000	-1	-1	1	1000	0	0	0	0	0	0	0	100	5703	400	0	-1	-1	-1	-1	-1	0	1	0	0	0	0	1	0	anyingliesha	2	3	2	-1	0	0	0	0	0	0	0	0
3344	°µÓ°ÁÔÉ±2ĽţLv4	24021	3301	1	2	3	0	0	0	1	1	0	-1	1000	-1	-1	1	1000	0	0	0	0	0	0	0	100	5704	400	0	-1	-1	-1	-1	-1	0	1	0	0	0	0	1	0	anyingliesha	2	3	2	-1	0	0	0	0	0	0	0	0
3345	°µÓ°ÁÔÉ±2ĽţLv5	24021	3301	1	2	3	0	0	0	1	1	0	-1	1000	-1	-1	1	1000	0	0	0	0	0	0	0	100	5705	400	0	-1	-1	-1	-1	-1	0	1	0	0	0	0	1	0	anyingliesha	2	3	2	-1	0	0	0	0	0	0	0	0
3346	°µÓ°ÁÔÉ±2ĽţLv6	24021	3301	1	2	3	0	0	0	1	1	0	-1	1000	-1	-1	1	1000	0	0	0	0	0	0	0	100	5706	400	0	-1	-1	-1	-1	-1	0	1	0	0	0	0	1	0	anyingliesha	2	3	2	-1	0	0	0	0	0	0	0	0
3347	°µÓ°ÁÔÉ±2ĽţLv7	24021	3301	1	2	3	0	0	0	1	1	0	-1	1000	-1	-1	1	1000	0	0	0	0	0	0	0	100	5707	400	0	-1	-1	-1	-1	-1	0	1	0	0	0	0	1	0	anyingliesha	2	3	2	-1	0	0	0	0	0	0	0	0
3348	°µÓ°ÁÔÉ±2ĽţLv8	24021	3301	1	2	3	0	0	0	1	1	0	-1	1000	-1	-1	1	1000	0	0	0	0	0	0	0	100	5708	400	0	-1	-1	-1	-1	-1	0	1	0	0	0	0	1	0	anyingliesha	2	3	2	-1	0	0	0	0	0	0	0	0
3349	°µÓ°ÁÔÉ±2ĽţLv9	24021	3301	1	2	3	0	0	0	1	1	0	-1	1000	-1	-1	1	1000	0	0	0	0	0	0	0	100	5709	400	0	-1	-1	-1	-1	-1	0	1	0	0	0	0	1	0	anyingliesha	2	3	2	-1	0	0	0	0	0	0	0	0
3350	°µÓ°ÁÔÉ±2ĽţLv10	24021	3301	1	2	3	0	0	0	1	1	0	-1	1000	-1	-1	1	1000	0	0	0	0	0	0	0	100	5710	400	0	-1	-1	-1	-1	-1	0	1	0	0	0	0	1	0	anyingliesha	2	3	2	-1	0	0	0	0	0	0	0	0
3401	»đĹÚ	13001	3401	0	0	9	3	4	0	10	0	22	0	0	-1	-1	1	2000	0	0	0	0	3	19200	1000000	0	0	400	0	0	-1	-1	-1	-1	0	2	0	540	6201	0	0	4	-1	2	6	3	5:0	0	0	0	0	0	0	0	0
3421	Ľ˛łŰ	13002	3421	0	0	0	0	0	0	0	1	0	0	0	0	0	0	6000	0	0	0	0	0	0	0	100	7001	400	0	0	0	0	0	0	0	0	0	0	0	0	0	0	0	0	0	0	-1	0	0	0	0	0	0	0	0
3441	×°Ľ×	13003	3441	0	0	0	0	0	0	0	1	0	0	0	0	0	0	6000	0	0	0	0	0	0	0	100	7002	400	0	0	0	0	0	0	0	0	0	0	0	0	0	0	0	0	0	0	-1	0	0	0	0	0	0	0	0
3461	ĎÂłµ	13004	3461	0	0	0	0	0	0	0	0	0	0	0	0	0	0	0	0	0	0	0	0	0	0	0	0	0	0	0	0	0	0	0	0	0	0	0	0	0	0	0	0	0	0	0	0	0	0	0	0	0	0	0	0
3501	»ů±ľ˝ŁĘőLv1	3501	3501	1	0	1	1	0	2	1	0	0	-1	1000	-1	-1	1	400	400	0	0	0	1	8000	0	0	0	400	0	-1	-1	-1	-1	-1	0	2	0	0	6203	0	1	1	PuGong	1	1	2	5:6504	0	1	400	0	0	1	1	1
3502	»ů±ľ˝ŁĘőLv2	3501	3501	1	0	1	1	0	2	1	0	0	-1	1000	-1	-1	1	400	400	0	0	0	1	8500	0	0	0	400	0	-1	-1	-1	-1	-1	0	2	0	0	6203	0	1	1	PuGong	1	1	2	5:6504	0	1	400	0	0	1	1	1
3503	»ů±ľ˝ŁĘőLv3	3501	3501	1	0	1	1	0	2	1	0	0	-1	1000	-1	-1	1	400	400	0	0	0	1	9000	0	0	0	400	0	-1	-1	-1	-1	-1	0	2	0	0	6203	0	1	1	PuGong	1	1	2	5:6504	0	1	400	0	0	1	1	1
3504	»ů±ľ˝ŁĘőLv4	3501	3501	1	0	1	1	0	2	1	0	0	-1	1000	-1	-1	1	400	400	0	0	0	1	9500	0	0	0	400	0	-1	-1	-1	-1	-1	0	2	0	0	6203	0	1	1	PuGong	1	1	2	5:6504	0	1	400	0	0	1	1	1
3505	»ů±ľ˝ŁĘőLv5	3501	3501	1	0	1	1	0	2	1	0	0	-1	1000	-1	-1	1	400	400	0	0	0	1	10000	0	0	0	400	0	-1	-1	-1	-1	-1	0	2	0	0	6203	0	1	1	PuGong	1	1	2	5:6504	0	1	400	0	0	1	1	1
3506	»ů±ľ˝ŁĘőLv6	3501	3501	1	0	1	1	0	2	1	0	0	-1	1000	-1	-1	1	400	400	0	0	0	1	10500	0	0	0	400	0	-1	-1	-1	-1	-1	0	2	0	0	6203	0	1	1	PuGong	1	1	2	5:6504	0	1	400	0	0	1	1	1
3507	»ů±ľ˝ŁĘőLv7	3501	3501	1	0	1	1	0	2	1	0	0	-1	1000	-1	-1	1	400	400	0	0	0	1	11000	0	0	0	400	0	-1	-1	-1	-1	-1	0	2	0	0	6203	0	1	1	PuGong	1	1	2	5:6504	0	1	400	0	0	1	1	1
3508	»ů±ľ˝ŁĘőLv8	3501	3501	1	0	1	1	0	2	1	0	0	-1	1000	-1	-1	1	400	400	0	0	0	1	11500	0	0	0	400	0	-1	-1	-1	-1	-1	0	2	0	0	6203	0	1	1	PuGong	1	1	2	5:6504	0	1	400	0	0	1	1	1
3509	»ů±ľ˝ŁĘőLv9	3501	3501	1	0	1	1	0	2	1	0	0	-1	1000	-1	-1	1	400	400	0	0	0	1	12000	0	0	0	400	0	-1	-1	-1	-1	-1	0	2	0	0	6203	0	1	1	PuGong	1	1	2	5:6504	0	1	400	0	0	1	1	1
3510	»ů±ľ˝ŁĘőLv10	3501	3501	1	0	1	1	0	2	1	0	0	-1	1000	-1	-1	1	400	400	0	0	0	1	12500	0	0	0	400	0	-1	-1	-1	-1	-1	0	2	0	0	6203	0	1	1	PuGong	1	1	2	5:6504	0	1	400	0	0	1	1	1
3521	¸ôÔÂŐ¶Lv1	3521	3521	1	0	2	2	1	2	2	0	0	-1	1000	-1	-1	1	400	400	0	0	0	1	10000	0	0	0	400	0	-1	-1	-1	-1	-1	0	2	0	6503	6203	0	1	1	PuGong	1	2	1	5:0	1	1	400	0	0	1	1	1
3522	¸ôÔÂŐ¶Lv2	3521	3521	1	0	2	2	1	2	2	0	0	-1	1000	-1	-1	1	400	400	0	0	0	1	10100	0	0	0	400	0	-1	-1	-1	-1	-1	0	2	0	6503	6203	0	1	1	PuGong	1	2	1	5:0	1	1	400	0	0	1	1	1
3523	¸ôÔÂŐ¶Lv3	3521	3521	1	0	2	2	1	2	2	0	0	-1	1000	-1	-1	1	400	400	0	0	0	1	10200	0	0	0	400	0	-1	-1	-1	-1	-1	0	2	0	6503	6203	0	1	1	PuGong	1	2	1	5:0	1	1	400	0	0	1	1	1
3524	¸ôÔÂŐ¶Lv4	3521	3521	1	0	2	2	1	2	2	0	0	-1	1000	-1	-1	1	400	400	0	0	0	1	10500	0	0	0	400	0	-1	-1	-1	-1	-1	0	2	0	6503	6203	0	1	1	PuGong	1	2	1	5:0	1	1	400	0	0	1	1	1
3525	¸ôÔÂŐ¶Lv5	3521	3521	1	0	2	2	1	2	2	0	0	-1	1000	-1	-1	1	400	400	0	0	0	1	10600	0	0	0	400	0	-1	-1	-1	-1	-1	0	2	0	6503	6203	0	1	1	PuGong	1	2	1	5:0	1	1	400	0	0	1	1	1
3526	¸ôÔÂŐ¶Lv6	3521	3521	1	0	2	2	1	2	2	0	0	-1	1000	-1	-1	1	400	400	0	0	0	1	10700	0	0	0	400	0	-1	-1	-1	-1	-1	0	2	0	6503	6203	0	1	1	PuGong	1	2	1	5:0	1	1	400	0	0	1	1	1
3527	¸ôÔÂŐ¶Lv7	3521	3521	1	0	2	2	1	2	2	0	0	-1	1000	-1	-1	1	400	400	0	0	0	1	11000	0	0	0	400	0	-1	-1	-1	-1	-1	0	2	0	6503	6203	0	1	1	PuGong	1	2	1	5:0	1	1	400	0	0	1	1	1
3528	¸ôÔÂŐ¶Lv8	3521	3521	1	0	2	2	1	2	2	0	0	-1	1000	-1	-1	1	400	400	0	0	0	1	11300	0	0	0	400	0	-1	-1	-1	-1	-1	0	2	0	6503	6203	0	1	1	PuGong	1	2	1	5:0	1	1	400	0	0	1	1	1
3529	¸ôÔÂŐ¶Lv9	3521	3521	1	0	2	2	1	2	2	0	0	-1	1000	-1	-1	1	400	400	0	0	0	1	11600	0	0	0	400	0	-1	-1	-1	-1	-1	0	2	0	6503	6203	0	1	1	PuGong	1	2	1	5:0	1	1	400	0	0	1	1	1
3530	¸ôÔÂŐ¶Lv10	3521	3521	1	0	2	2	1	2	2	0	0	-1	1000	-1	-1	1	400	400	0	0	0	1	12000	0	0	0	400	0	-1	-1	-1	-1	-1	0	2	0	6503	6203	0	1	1	PuGong	1	2	1	5:0	1	1	400	0	0	1	1	1
3541	Đý·ç˝Ł·¨Lv1	3541	3541	1	0	1	4	1	2	3	0	0	-1	1000	-1	-1	1	400	400	0	0	0	1	8000	0	0	0	400	0	-1	-1	-1	-1	-1	0	2	0	6502	6203	0	1	2	ShengGuangZhan	1	1	2	6:0	0	1	400	0	0	1	1	1
3542	Đý·ç˝Ł·¨Lv2	3541	3541	1	0	1	4	1	2	3	0	0	-1	1000	-1	-1	1	400	400	0	0	0	1	8080	0	0	0	400	0	-1	-1	-1	-1	-1	0	2	0	6502	6203	0	1	2	ShengGuangZhan	1	1	2	6:0	0	1	400	0	0	1	1	1
3543	Đý·ç˝Ł·¨Lv3	3541	3541	1	0	1	4	1	2	3	0	0	-1	1000	-1	-1	1	400	400	0	0	0	1	8160	0	0	0	400	0	-1	-1	-1	-1	-1	0	2	0	6502	6203	0	1	2	ShengGuangZhan	1	1	2	6:0	0	1	400	0	0	1	1	1
3544	Đý·ç˝Ł·¨Lv4	3541	3541	1	0	1	4	1	2	3	0	0	-1	1000	-1	-1	1	400	400	0	0	0	1	8400	0	0	0	400	0	-1	-1	-1	-1	-1	0	2	0	6502	6203	0	1	2	ShengGuangZhan	1	1	2	6:0	0	1	400	0	0	1	1	1
3545	Đý·ç˝Ł·¨Lv5	3541	3541	1	0	1	4	1	2	3	0	0	-1	1000	-1	-1	1	400	400	0	0	0	1	8480	0	0	0	400	0	-1	-1	-1	-1	-1	0	2	0	6502	6203	0	1	2	ShengGuangZhan	1	1	2	6:0	0	1	400	0	0	1	1	1
3546	Đý·ç˝Ł·¨Lv6	3541	3541	1	0	1	4	1	2	3	0	0	-1	1000	-1	-1	1	400	400	0	0	0	1	8560	0	0	0	400	0	-1	-1	-1	-1	-1	0	2	0	6502	6203	0	1	2	ShengGuangZhan	1	1	2	6:0	0	1	400	0	0	1	1	1
3547	Đý·ç˝Ł·¨Lv7	3541	3541	1	0	1	4	1	2	3	0	0	-1	1000	-1	-1	1	400	400	0	0	0	1	8800	0	0	0	400	0	-1	-1	-1	-1	-1	0	2	0	6502	6203	0	1	2	ShengGuangZhan	1	1	2	6:0	0	1	400	0	0	1	1	1
3548	Đý·ç˝Ł·¨Lv8	3541	3541	1	0	1	4	1	2	3	0	0	-1	1000	-1	-1	1	400	400	0	0	0	1	9040	0	0	0	400	0	-1	-1	-1	-1	-1	0	2	0	6502	6203	0	1	2	ShengGuangZhan	1	1	2	6:0	0	1	400	0	0	1	1	1
3549	Đý·ç˝Ł·¨Lv9	3541	3541	1	0	1	4	1	2	3	0	0	-1	1000	-1	-1	1	400	400	0	0	0	1	9280	0	0	0	400	0	-1	-1	-1	-1	-1	0	2	0	6502	6203	0	1	2	ShengGuangZhan	1	1	2	6:0	0	1	400	0	0	1	1	1
3550	Đý·ç˝Ł·¨Lv10	3541	3541	1	0	1	4	1	2	3	0	0	-1	1000	-1	-1	1	400	400	0	0	0	1	9600	0	0	0	400	0	-1	-1	-1	-1	-1	0	2	0	6502	6203	0	1	2	ShengGuangZhan	1	1	2	6:0	0	1	400	0	0	1	1	1
3561	Á¶Óü˝Ł·¨Lv1	3561	3561	1	0	1	2	1	2	1	0	0	-1	1000	-1	-1	1	12000	400	0	0	0	1	30000	0	0	0	400	0	-1	-1	-1	-1	-1	0	2	0	6500	6203	0	1	4	ShengGuangZhan	1	1	2	5:0	0	1	400	0	0	1	1	1
3562	Á¶Óü˝Ł·¨Lv2	3561	3561	1	0	1	2	1	2	1	0	0	-1	1000	-1	-1	1	12000	400	0	0	0	1	30300	0	0	0	400	0	-1	-1	-1	-1	-1	0	2	0	6500	6203	0	1	4	ShengGuangZhan	1	1	2	5:0	0	1	400	0	0	1	1	1
3563	Á¶Óü˝Ł·¨Lv3	3561	3561	1	0	1	2	1	2	1	0	0	-1	1000	-1	-1	1	12000	400	0	0	0	1	30600	0	0	0	400	0	-1	-1	-1	-1	-1	0	2	0	6500	6203	0	1	4	ShengGuangZhan	1	1	2	5:0	0	1	400	0	0	1	1	1
3564	Á¶Óü˝Ł·¨Lv4	3561	3561	1	0	1	2	1	2	1	0	0	-1	1000	-1	-1	1	12000	400	0	0	0	1	31500	0	0	0	400	0	-1	-1	-1	-1	-1	0	2	0	6500	6203	0	1	4	ShengGuangZhan	1	1	2	5:0	0	1	400	0	0	1	1	1
3565	Á¶Óü˝Ł·¨Lv5	3561	3561	1	0	1	2	1	2	1	0	0	-1	1000	-1	-1	1	12000	400	0	0	0	1	31800	0	0	0	400	0	-1	-1	-1	-1	-1	0	2	0	6500	6203	0	1	4	ShengGuangZhan	1	1	2	5:0	0	1	400	0	0	1	1	1
3566	Á¶Óü˝Ł·¨Lv6	3561	3561	1	0	1	2	1	2	1	0	0	-1	1000	-1	-1	1	12000	400	0	0	0	1	32100	0	0	0	400	0	-1	-1	-1	-1	-1	0	2	0	6500	6203	0	1	4	ShengGuangZhan	1	1	2	5:0	0	1	400	0	0	1	1	1
3567	Á¶Óü˝Ł·¨Lv7	3561	3561	1	0	1	2	1	2	1	0	0	-1	1000	-1	-1	1	12000	400	0	0	0	1	33000	0	0	0	400	0	-1	-1	-1	-1	-1	0	2	0	6500	6203	0	1	4	ShengGuangZhan	1	1	2	5:0	0	1	400	0	0	1	1	1
3568	Á¶Óü˝Ł·¨Lv8	3561	3561	1	0	1	2	1	2	1	0	0	-1	1000	-1	-1	1	12000	400	0	0	0	1	33900	0	0	0	400	0	-1	-1	-1	-1	-1	0	2	0	6500	6203	0	1	4	ShengGuangZhan	1	1	2	5:0	0	1	400	0	0	1	1	1
3569	Á¶Óü˝Ł·¨Lv9	3561	3561	1	0	1	2	1	2	1	0	0	-1	1000	-1	-1	1	12000	400	0	0	0	1	34800	0	0	0	400	0	-1	-1	-1	-1	-1	0	2	0	6500	6203	0	1	4	ShengGuangZhan	1	1	2	5:0	0	1	400	0	0	1	1	1
3570	Á¶Óü˝Ł·¨Lv10	3561	3561	1	0	1	2	1	2	1	0	0	-1	1000	-1	-1	1	12000	400	0	0	0	1	36000	0	0	0	400	0	-1	-1	-1	-1	-1	0	2	0	6500	6203	0	1	4	ShengGuangZhan	1	1	2	5:0	0	1	400	0	0	1	1	1
3581	ąíÓ°×¦Lv1	3581	3581	1	0	15	1	0	0	1	0	22	-1	1000	-1	-1	1	2000	400	0	0	0	0	0	0	100	320	400	0	-1	-1	-1	-1	-1	0	2	0	6508	6205	0	0	3	GuiYingZhua	1	8	2	5:0	0	0	400	0	0	1	0	0
3582	ąíÓ°×¦Lv2	3581	3581	1	0	15	1	0	0	1	0	22	-1	1000	-1	-1	1	2000	400	0	0	0	0	0	0	100	321	400	0	-1	-1	-1	-1	-1	0	2	0	6508	6205	0	0	3	GuiYingZhua	1	8	2	5:0	0	0	400	0	0	1	0	0
3583	ąíÓ°×¦Lv3	3581	3581	1	0	15	1	0	0	1	0	22	-1	1000	-1	-1	1	2000	400	0	0	0	0	0	0	100	322	400	0	-1	-1	-1	-1	-1	0	2	0	6508	6205	0	0	3	GuiYingZhua	1	8	2	5:0	0	0	400	0	0	1	0	0
3584	ąíÓ°×¦Lv4	3581	3581	1	0	15	1	0	0	1	0	22	-1	1000	-1	-1	1	2000	400	0	0	0	0	0	0	100	323	400	0	-1	-1	-1	-1	-1	0	2	0	6508	6205	0	0	3	GuiYingZhua	1	8	2	5:0	0	0	400	0	0	1	0	0
3585	ąíÓ°×¦Lv5	3581	3581	1	0	15	1	0	0	1	0	22	-1	1000	-1	-1	1	2000	400	0	0	0	0	0	0	100	324	400	0	-1	-1	-1	-1	-1	0	2	0	6508	6205	0	0	3	GuiYingZhua	1	8	2	5:0	0	0	400	0	0	1	0	0
3586	ąíÓ°×¦Lv6	3581	3581	1	0	15	1	0	0	1	0	22	-1	1000	-1	-1	1	2000	400	0	0	0	0	0	0	100	325	400	0	-1	-1	-1	-1	-1	0	2	0	6508	6205	0	0	3	GuiYingZhua	1	8	2	5:0	0	0	400	0	0	1	0	0
3587	ąíÓ°×¦Lv7	3581	3581	1	0	15	1	0	0	1	0	22	-1	1000	-1	-1	1	2000	400	0	0	0	0	0	0	100	326	400	0	-1	-1	-1	-1	-1	0	2	0	6508	6205	0	0	3	GuiYingZhua	1	8	2	5:0	0	0	400	0	0	1	0	0
3588	ąíÓ°×¦Lv8	3581	3581	1	0	15	1	0	0	1	0	22	-1	1000	-1	-1	1	2000	400	0	0	0	0	0	0	100	327	400	0	-1	-1	-1	-1	-1	0	2	0	6508	6205	0	0	3	GuiYingZhua	1	8	2	5:0	0	0	400	0	0	1	0	0
3589	ąíÓ°×¦Lv9	3581	3581	1	0	15	1	0	0	1	0	22	-1	1000	-1	-1	1	2000	400	0	0	0	0	0	0	100	328	400	0	-1	-1	-1	-1	-1	0	2	0	6508	6205	0	0	3	GuiYingZhua	1	8	2	5:0	0	0	400	0	0	1	0	0
3590	ąíÓ°×¦Lv10	3581	3581	1	0	15	1	0	0	1	0	22	-1	1000	-1	-1	1	2000	400	0	0	0	0	0	0	100	329	400	0	-1	-1	-1	-1	-1	0	2	0	6508	6205	0	0	3	GuiYingZhua	1	8	2	5:0	0	0	400	0	0	1	0	0
3601	ĘĄĚĺ¶ÜLv1	3601	3601	0	0	0	0	0	1	1	1	0	0	1000	0	0	0	1000	400	0	0	0	0	0	0	100	300	400	0	-1	-1	-1	-1	-1	0	2	0	0	0	0	1	7	mofadun	0	0	0	5:0	0	0	400	0	0	0	0	0
3602	ĘĄĚĺ¶ÜLv2	3601	3601	0	0	0	0	0	1	1	1	0	0	1000	0	0	0	1000	400	0	0	0	0	0	0	100	301	400	0	-1	-1	-1	-1	-1	0	2	0	0	0	0	1	7	mofadun	0	0	0	5:0	0	0	400	0	0	0	0	0
3603	ĘĄĚĺ¶ÜLv3	3601	3601	0	0	0	0	0	1	1	1	0	0	1000	0	0	0	1000	400	0	0	0	0	0	0	100	302	400	0	-1	-1	-1	-1	-1	0	2	0	0	0	0	1	7	mofadun	0	0	0	5:0	0	0	400	0	0	0	0	0
3604	ĘĄĚĺ¶ÜLv4	3601	3601	0	0	0	0	0	1	1	1	0	0	1000	0	0	0	1000	400	0	0	0	0	0	0	100	303	400	0	-1	-1	-1	-1	-1	0	2	0	0	0	0	1	7	mofadun	0	0	0	5:0	0	0	400	0	0	0	0	0
3605	ĘĄĚĺ¶ÜLv5	3601	3601	0	0	0	0	0	1	1	1	0	0	1000	0	0	0	1000	400	0	0	0	0	0	0	100	304	400	0	-1	-1	-1	-1	-1	0	2	0	0	0	0	1	7	mofadun	0	0	0	5:0	0	0	400	0	0	0	0	0
3606	ĘĄĚĺ¶ÜLv6	3601	3601	0	0	0	0	0	1	1	1	0	0	1000	0	0	0	1000	400	0	0	0	0	0	0	100	305	400	0	-1	-1	-1	-1	-1	0	2	0	0	0	0	1	7	mofadun	0	0	0	5:0	0	0	400	0	0	0	0	0
3607	ĘĄĚĺ¶ÜLv7	3601	3601	0	0	0	0	0	1	1	1	0	0	1000	0	0	0	1000	400	0	0	0	0	0	0	100	306	400	0	-1	-1	-1	-1	-1	0	2	0	0	0	0	1	7	mofadun	0	0	0	5:0	0	0	400	0	0	0	0	0
3608	ĘĄĚĺ¶ÜLv8	3601	3601	0	0	0	0	0	1	1	1	0	0	1000	0	0	0	1000	400	0	0	0	0	0	0	100	307	400	0	-1	-1	-1	-1	-1	0	2	0	0	0	0	1	7	mofadun	0	0	0	5:0	0	0	400	0	0	0	0	0
3609	ĘĄĚĺ¶ÜLv9	3601	3601	0	0	0	0	0	1	1	1	0	0	1000	0	0	0	1000	400	0	0	0	0	0	0	100	308	400	0	-1	-1	-1	-1	-1	0	2	0	0	0	0	1	7	mofadun	0	0	0	5:0	0	0	400	0	0	0	0	0
3610	ĘĄĚĺ¶ÜLv10	3601	3601	0	0	0	0	0	1	1	1	0	0	1000	0	0	0	1000	400	0	0	0	0	0	0	100	309	400	0	-1	-1	-1	-1	-1	0	2	0	0	0	0	1	7	mofadun	0	0	0	5:0	0	0	400	0	0	0	0	0
3621	·ÉĚěŇ»˝ŁLv1	3621	3621	1	0	3	2	1	2	4	0	0	-1	1000	-1	-1	1	20000	400	0	0	0	1	20000	0	0	0	400	0	-1	-1	-1	-1	-1	0	2	0	6505	6203	0	1	9	shengguangzhichui	1	3	2	5:0	0	1	400	0	0	1	1	1
3622	·ÉĚěŇ»˝ŁLv2	3621	3621	1	0	3	2	1	2	4	0	0	-1	1000	-1	-1	1	20000	400	0	0	0	1	20200	0	0	0	400	0	-1	-1	-1	-1	-1	0	2	0	6505	6203	0	1	9	shengguangzhichui	1	3	2	5:0	0	1	400	0	0	1	1	1
3623	·ÉĚěŇ»˝ŁLv3	3621	3621	1	0	3	2	1	2	4	0	0	-1	1000	-1	-1	1	20000	400	0	0	0	1	20400	0	0	0	400	0	-1	-1	-1	-1	-1	0	2	0	6505	6203	0	1	9	shengguangzhichui	1	3	2	5:0	0	1	400	0	0	1	1	1
3624	·ÉĚěŇ»˝ŁLv4	3621	3621	1	0	3	2	1	2	4	0	0	-1	1000	-1	-1	1	20000	400	0	0	0	1	21000	0	0	0	400	0	-1	-1	-1	-1	-1	0	2	0	6505	6203	0	1	9	shengguangzhichui	1	3	2	5:0	0	1	400	0	0	1	1	1
3625	·ÉĚěŇ»˝ŁLv5	3621	3621	1	0	3	2	1	2	4	0	0	-1	1000	-1	-1	1	20000	400	0	0	0	1	21200	0	0	0	400	0	-1	-1	-1	-1	-1	0	2	0	6505	6203	0	1	9	shengguangzhichui	1	3	2	5:0	0	1	400	0	0	1	1	1
3626	·ÉĚěŇ»˝ŁLv6	3621	3621	1	0	3	2	1	2	4	0	0	-1	1000	-1	-1	1	20000	400	0	0	0	1	21400	0	0	0	400	0	-1	-1	-1	-1	-1	0	2	0	6505	6203	0	1	9	shengguangzhichui	1	3	2	5:0	0	1	400	0	0	1	1	1
3627	·ÉĚěŇ»˝ŁLv7	3621	3621	1	0	3	2	1	2	4	0	0	-1	1000	-1	-1	1	20000	400	0	0	0	1	22000	0	0	0	400	0	-1	-1	-1	-1	-1	0	2	0	6505	6203	0	1	9	shengguangzhichui	1	3	2	5:0	0	1	400	0	0	1	1	1
3628	·ÉĚěŇ»˝ŁLv8	3621	3621	1	0	3	2	1	2	4	0	0	-1	1000	-1	-1	1	20000	400	0	0	0	1	22600	0	0	0	400	0	-1	-1	-1	-1	-1	0	2	0	6505	6203	0	1	9	shengguangzhichui	1	3	2	5:0	0	1	400	0	0	1	1	1
3629	·ÉĚěŇ»˝ŁLv9	3621	3621	1	0	3	2	1	2	4	0	0	-1	1000	-1	-1	1	20000	400	0	0	0	1	23200	0	0	0	400	0	-1	-1	-1	-1	-1	0	2	0	6505	6203	0	1	9	shengguangzhichui	1	3	2	5:0	0	1	400	0	0	1	1	1
3630	·ÉĚěŇ»˝ŁLv10	3621	3621	1	0	3	2	1	2	4	0	0	-1	1000	-1	-1	1	20000	400	0	0	0	1	24000	0	0	0	400	0	-1	-1	-1	-1	-1	0	2	0	6505	6203	0	1	9	shengguangzhichui	1	3	2	5:0	0	1	400	0	0	1	1	1
3641	żŞĚěŐ¶Lv1	3641	3641	1	0	4	2	1	2	4	0	0	-1	1000	-1	-1	1	30000	400	0	0	0	1	30000	0	0	0	400	0	-1	-1	-1	-1	-1	0	2	0	6506	6203	0	1	7	PuGong	1	4	2	5:0	0	1	400	0	0	1	1	1
3642	żŞĚěŐ¶Lv2	3641	3641	1	0	4	2	1	2	4	0	0	-1	1000	-1	-1	1	30000	400	0	0	0	1	30300	0	0	0	400	0	-1	-1	-1	-1	-1	0	2	0	6506	6203	0	1	7	PuGong	1	4	2	5:0	0	1	400	0	0	1	1	1
3643	żŞĚěŐ¶Lv3	3641	3641	1	0	4	2	1	2	4	0	0	-1	1000	-1	-1	1	30000	400	0	0	0	1	30600	0	0	0	400	0	-1	-1	-1	-1	-1	0	2	0	6506	6203	0	1	7	PuGong	1	4	2	5:0	0	1	400	0	0	1	1	1
3644	żŞĚěŐ¶Lv4	3641	3641	1	0	4	2	1	2	4	0	0	-1	1000	-1	-1	1	30000	400	0	0	0	1	31500	0	0	0	400	0	-1	-1	-1	-1	-1	0	2	0	6506	6203	0	1	7	PuGong	1	4	2	5:0	0	1	400	0	0	1	1	1
3645	żŞĚěŐ¶Lv5	3641	3641	1	0	4	2	1	2	4	0	0	-1	1000	-1	-1	1	30000	400	0	0	0	1	31800	0	0	0	400	0	-1	-1	-1	-1	-1	0	2	0	6506	6203	0	1	7	PuGong	1	4	2	5:0	0	1	400	0	0	1	1	1
3646	żŞĚěŐ¶Lv6	3641	3641	1	0	4	2	1	2	4	0	0	-1	1000	-1	-1	1	30000	400	0	0	0	1	32100	0	0	0	400	0	-1	-1	-1	-1	-1	0	2	0	6506	6203	0	1	7	PuGong	1	4	2	5:0	0	1	400	0	0	1	1	1
3647	żŞĚěŐ¶Lv7	3641	3641	1	0	4	2	1	2	4	0	0	-1	1000	-1	-1	1	30000	400	0	0	0	1	33000	0	0	0	400	0	-1	-1	-1	-1	-1	0	2	0	6506	6203	0	1	7	PuGong	1	4	2	5:0	0	1	400	0	0	1	1	1
3648	żŞĚěŐ¶Lv8	3641	3641	1	0	4	2	1	2	4	0	0	-1	1000	-1	-1	1	30000	400	0	0	0	1	33900	0	0	0	400	0	-1	-1	-1	-1	-1	0	2	0	6506	6203	0	1	7	PuGong	1	4	2	5:0	0	1	400	0	0	1	1	1
3649	żŞĚěŐ¶Lv9	3641	3641	1	0	4	2	1	2	4	0	0	-1	1000	-1	-1	1	30000	400	0	0	0	1	34800	0	0	0	400	0	-1	-1	-1	-1	-1	0	2	0	6506	6203	0	1	7	PuGong	1	4	2	5:0	0	1	400	0	0	1	1	1
3650	żŞĚěŐ¶Lv10	3641	3641	1	0	4	2	1	2	4	0	0	-1	1000	-1	-1	1	30000	400	0	0	0	1	36000	0	0	0	400	0	-1	-1	-1	-1	-1	0	2	0	6506	6203	0	1	7	PuGong	1	4	2	5:0	0	1	400	0	0	1	1	1
3661	ÉńÍţLV1	3661	3661	1	0	0	0	1	1	1	1	0	0	0	0	0	0	0	0	0	0	0	0	0	0	0	0	0	0	-1	-1	-1	-1	-1	0	2	0	0	0	0	0	7	0	0	0	0	5:0	0	0	0	0	0	0	0	0
3662	ÉńÍţLV2	3661	3661	1	0	0	0	1	1	1	1	0	0	0	0	0	0	0	0	0	0	0	0	0	0	0	0	0	0	-1	-1	-1	-1	-1	0	2	0	0	0	0	0	7	0	0	0	0	5:0	0	0	0	0	0	0	0	0
3663	ÉńÍţLV3	3661	3661	1	0	0	0	1	1	1	1	0	0	0	0	0	0	0	0	0	0	0	0	0	0	0	0	0	0	-1	-1	-1	-1	-1	0	2	0	0	0	0	0	7	0	0	0	0	5:0	0	0	0	0	0	0	0	0
3664	ÉńÍţLV4	3661	3661	1	0	0	0	1	1	1	1	0	0	0	0	0	0	0	0	0	0	0	0	0	0	0	0	0	0	-1	-1	-1	-1	-1	0	2	0	0	0	0	0	7	0	0	0	0	5:0	0	0	0	0	0	0	0	0
3901	öďÁé»¤Ěĺlv1	3901	3901	1	0	0	0	0	1	1	1	0	0	1000	-1	-1	1	120000	0	0	0	0	0	0	0	100	11070	0	0	-1	-1	-1	-1	-1	0	1	0	0	0	0	0	0	xianzuzhihun	0	3	2	5:0	0	0	0	0	0	0	0	0
3902	öďÁé»¤Ěĺlv2	3901	3901	1	0	0	0	0	1	1	1	0	0	1000	-1	-1	1	90000	0	0	0	0	0	0	0	100	11071	0	0	-1	-1	-1	-1	-1	0	1	0	0	0	0	0	0	xianzuzhihun	0	3	2	5:0	0	0	0	0	0	0	0	0
3903	öďÁé»¤Ěĺlv3	3901	3901	1	0	0	0	0	1	1	1	0	0	1000	-1	-1	1	90000	0	0	0	0	0	0	0	100	11072	0	0	-1	-1	-1	-1	-1	0	1	0	0	0	0	0	0	xianzuzhihun	0	3	2	5:0	0	0	0	0	0	0	0	0
3904	öďÁé»¤Ěĺlv4	3901	3901	1	0	0	0	0	1	1	1	0	0	1000	-1	-1	1	60000	0	0	0	0	0	0	0	100	11073	0	0	-1	-1	-1	-1	-1	0	1	0	0	0	0	0	0	xianzuzhihun	0	3	2	5:0	0	0	0	0	0	0	0	0
3905	öďÁé»¤Ěĺlv5	3901	3901	1	0	0	0	0	1	1	1	0	0	1000	-1	-1	1	60000	0	0	0	0	0	0	0	100	11074	0	0	-1	-1	-1	-1	-1	0	1	0	0	0	0	0	0	xianzuzhihun	0	3	2	5:0	0	0	0	0	0	0	0	0
4001	ÍĚĘÉLv1	4001	4001	1	0	15	1	1	0	0	0	22	-1	1000	-1	-1	1	180000	0	0	0	0	7	0	0	0	0	0	0	-1	-1	-1	-1	-1	0	2	0	6510	0	0	0	0	shengguangzhichui	2	8	2	5:0	0	0	0	0	20000000	0	0	0
4002	ÍĚĘÉLv2	4001	4001	1	0	15	1	1	0	0	0	22	-1	1000	-1	-1	1	180000	0	0	0	0	7	0	0	0	0	0	0	-1	-1	-1	-1	-1	0	2	0	6510	0	0	0	0	shengguangzhichui	2	8	2	5:0	0	0	0	0	30000000	0	0	0
4003	ÍĚĘÉLv3	4001	4001	1	0	15	1	1	0	0	0	22	-1	1000	-1	-1	1	180000	0	0	0	0	7	0	0	0	0	0	0	-1	-1	-1	-1	-1	0	2	0	6510	0	0	0	0	shengguangzhichui	2	8	2	5:0	0	0	0	0	40000000	0	0	0
4004	ÍĚĘÉLv4	4001	4001	1	0	15	1	1	0	0	0	22	-1	1000	-1	-1	1	180000	0	0	0	0	7	0	0	0	0	0	0	-1	-1	-1	-1	-1	0	2	0	6510	0	0	0	0	shengguangzhichui	2	8	2	5:0	0	0	0	0	50000000	0	0	0
4005	ÍĚĘÉLv5	4001	4001	1	0	15	1	1	0	0	0	22	-1	1000	-1	-1	1	180000	0	0	0	0	7	0	0	0	0	0	0	-1	-1	-1	-1	-1	0	2	0	6510	0	0	0	0	shengguangzhichui	2	8	2	5:0	0	0	0	0	60000000	0	0	0
4006	ÍĚĘÉLv6	4001	4001	1	0	15	1	1	0	0	0	22	-1	1000	-1	-1	1	180000	0	0	0	0	7	0	0	0	0	0	0	-1	-1	-1	-1	-1	0	2	0	6510	0	0	0	0	shengguangzhichui	2	8	2	5:0	0	0	0	0	70000000	0	0	0
4007	ÍĚĘÉLv7	4001	4001	1	0	15	1	1	0	0	0	22	-1	1000	-1	-1	1	180000	0	0	0	0	7	0	0	0	0	0	0	-1	-1	-1	-1	-1	0	2	0	6510	0	0	0	0	shengguangzhichui	2	8	2	5:0	0	0	0	0	80000000	0	0	0
4008	ÍĚĘÉLv8	4001	4001	1	0	15	1	1	0	0	0	22	-1	1000	-1	-1	1	180000	0	0	0	0	7	0	0	0	0	0	0	-1	-1	-1	-1	-1	0	2	0	6510	0	0	0	0	shengguangzhichui	2	8	2	5:0	0	0	0	0	90000000	0	0	0
4009	ÍĚĘÉLv9	4001	4001	1	0	15	1	1	0	0	0	22	-1	1000	-1	-1	1	180000	0	0	0	0	7	0	0	0	0	0	0	-1	-1	-1	-1	-1	0	2	0	6510	0	0	0	0	shengguangzhichui	2	8	2	5:0	0	0	0	0	100000000	0	0	0
4010	ÍĚĘÉLv10	4001	4001	1	0	15	1	1	0	0	0	22	-1	1000	-1	-1	1	180000	0	0	0	0	7	0	0	0	0	0	0	-1	-1	-1	-1	-1	0	2	0	6510	0	0	0	0	shengguangzhichui	2	8	2	5:0	0	0	0	0	120000000	0	0	0
5001	Ä§ÉńÖ®´¸Lv1	5001	5001	1	0	15	1	1	0	1	0	22	-1	1000	-1	-1	1	120000	0	0	0	0	1	0	0	20	203	400	0	-1	-1	-1	-1	-1	0	2	0	6515	0	0	0	3	shengguangzhichui	1	8	2	5:0	0	0	0	0	0	0	0	0
5002	Ä§ÉńÖ®´¸Lv2	5001	5001	1	0	15	1	1	0	1	0	22	-1	1000	-1	-1	1	110000	0	0	0	0	1	0	0	25	204	400	0	-1	-1	-1	-1	-1	0	2	0	6515	0	0	0	3	shengguangzhichui	1	8	2	5:0	0	0	0	0	0	0	0	0
5003	Ä§ÉńÖ®´¸Lv3	5001	5001	1	0	15	1	1	0	1	0	22	-1	1000	-1	-1	1	100000	0	0	0	0	1	0	0	30	205	400	0	-1	-1	-1	-1	-1	0	2	0	6515	0	0	0	3	shengguangzhichui	1	8	2	5:0	0	0	0	0	0	0	0	0
5004	Ä§ÉńÖ®´¸Lv4	5001	5001	1	0	15	1	1	0	1	0	22	-1	1000	-1	-1	1	90000	0	0	0	0	1	0	0	35	206	400	0	-1	-1	-1	-1	-1	0	2	0	6515	0	0	0	3	shengguangzhichui	1	8	2	5:0	0	0	0	0	0	0	0	0
5005	Ä§ÉńÖ®´¸Lv5	5001	5001	1	0	15	1	1	0	1	0	22	-1	1000	-1	-1	1	85000	0	0	0	0	1	0	0	40	207	400	0	-1	-1	-1	-1	-1	0	2	0	6515	0	0	0	3	shengguangzhichui	1	8	2	5:0	0	0	0	0	0	0	0	0
5006	Ä§ÉńÖ®´¸Lv6	5001	5001	1	0	15	1	1	0	1	0	22	-1	1000	-1	-1	1	80000	0	0	0	0	1	0	0	45	239	400	0	-1	-1	-1	-1	-1	0	2	0	6515	0	0	0	3	shengguangzhichui	1	8	2	5:0	0	0	0	0	0	0	0	0
5007	Ä§ÉńÖ®´¸Lv7	5001	5001	1	0	15	1	1	0	1	0	22	-1	1000	-1	-1	1	75000	0	0	0	0	1	0	0	50	240	400	0	-1	-1	-1	-1	-1	0	2	0	6515	0	0	0	3	shengguangzhichui	1	8	2	5:0	0	0	0	0	0	0	0	0
6001	ČŐÔ˛ľ÷Lv1	6001	6001	1	5	3	1	0	0	1	0	0	-1	1000	-1	-1	1	60000	0	0	900	0	1	0	0	0	0	400	0	-1	-1	-1	-1	-1	0	1	0	6517	0	0	0	2	shengguangzhichui	1	8	2	5:0	0	0	0	0	0	0	1	1
6002	ČŐÔ˛ľ÷Lv2	6001	6001	1	5	3	1	0	0	1	0	0	-1	1000	-1	-1	1	60000	0	0	900	0	1	0	0	0	0	400	0	-1	-1	-1	-1	-1	0	1	0	6517	0	0	0	2	shengguangzhichui	1	8	2	5:0	0	0	0	0	0	0	1	1
6003	ČŐÔ˛ľ÷Lv3	6001	6001	1	5	3	1	0	0	1	0	0	-1	1000	-1	-1	1	60000	0	0	900	0	1	0	0	0	0	400	0	-1	-1	-1	-1	-1	0	1	0	6517	0	0	0	2	shengguangzhichui	1	8	2	5:0	0	0	0	0	0	0	1	1
6004	ČŐÔ˛ľ÷Lv4	6001	6001	1	5	3	1	0	0	1	0	0	-1	1000	-1	-1	1	60000	0	0	900	0	1	0	0	0	0	400	0	-1	-1	-1	-1	-1	0	1	0	6517	0	0	0	2	shengguangzhichui	1	8	2	5:0	0	0	0	0	0	0	1	1
6005	ČŐÔ˛ľ÷Lv5	6001	6001	1	5	3	1	0	0	1	0	0	-1	1000	-1	-1	1	60000	0	0	900	0	1	0	0	0	0	400	0	-1	-1	-1	-1	-1	0	1	0	6517	0	0	0	2	shengguangzhichui	1	8	2	5:0	0	0	0	0	0	0	1	1
6006	ČŐÔ˛ľ÷Lv6	6001	6001	1	5	3	1	0	0	1	0	0	-1	1000	-1	-1	1	60000	0	0	900	0	1	0	0	0	0	400	0	-1	-1	-1	-1	-1	0	1	0	6517	0	0	0	2	shengguangzhichui	1	8	2	5:0	0	0	0	0	0	0	1	1
6007	ČŐÔ˛ľ÷Lv7	6001	6001	1	5	3	1	0	0	1	0	0	-1	1000	-1	-1	1	60000	0	0	900	0	1	0	0	0	0	400	0	-1	-1	-1	-1	-1	0	1	0	6517	0	0	0	2	shengguangzhichui	1	8	2	5:0	0	0	0	0	0	0	1	1
6008	ČŐÔ˛ľ÷Lv8	6001	6001	1	5	3	1	0	0	1	0	0	-1	1000	-1	-1	1	60000	0	0	900	0	1	0	0	0	0	400	0	-1	-1	-1	-1	-1	0	1	0	6517	0	0	0	2	shengguangzhichui	1	8	2	5:0	0	0	0	0	0	0	1	1
6009	ČŐÔ˛ľ÷Lv9	6001	6001	1	5	3	1	0	0	1	0	0	-1	1000	-1	-1	1	60000	0	0	900	0	1	0	0	0	0	400	0	-1	-1	-1	-1	-1	0	1	0	6517	0	0	0	2	shengguangzhichui	1	8	2	5:0	0	0	0	0	0	0	1	1
6010	ČŐÔ˛ľ÷Lv10	6001	6001	1	5	3	1	0	0	1	0	0	-1	1000	-1	-1	1	60000	0	0	900	0	1	0	0	0	0	400	0	-1	-1	-1	-1	-1	0	1	0	6517	0	0	0	2	shengguangzhichui	1	8	2	5:0	0	0	0	0	0	0	1	1
6011	ČŐÔ˛ľ÷Lv11	6001	6001	1	5	3	1	0	0	1	0	0	-1	1000	-1	-1	1	60000	0	0	900	0	1	0	0	0	0	400	0	-1	-1	-1	-1	-1	0	1	0	6517	0	0	0	2	shengguangzhichui	1	8	2	5:0	0	0	0	0	0	0	1	1
6012	ČŐÔ˛ľ÷Lv12	6001	6001	1	5	3	1	0	0	1	0	0	-1	1000	-1	-1	1	60000	0	0	900	0	1	0	0	0	0	400	0	-1	-1	-1	-1	-1	0	1	0	6517	0	0	0	2	shengguangzhichui	1	8	2	5:0	0	0	0	0	0	0	1	1
6013	ČŐÔ˛ľ÷Lv13	6001	6001	1	5	3	1	0	0	1	0	0	-1	1000	-1	-1	1	60000	0	0	900	0	1	0	0	0	0	400	0	-1	-1	-1	-1	-1	0	1	0	6517	0	0	0	2	shengguangzhichui	1	8	2	5:0	0	0	0	0	0	0	1	1
6014	ČŐÔ˛ľ÷Lv14	6001	6001	1	5	3	1	0	0	1	0	0	-1	1000	-1	-1	1	60000	0	0	900	0	1	0	0	0	0	400	0	-1	-1	-1	-1	-1	0	1	0	6517	0	0	0	2	shengguangzhichui	1	8	2	5:0	0	0	0	0	0	0	1	1
6015	ČŐÔ˛ľ÷Lv15	6001	6001	1	5	3	1	0	0	1	0	0	-1	1000	-1	-1	1	60000	0	0	900	0	1	0	0	0	0	400	0	-1	-1	-1	-1	-1	0	1	0	6517	0	0	0	2	shengguangzhichui	1	8	2	5:0	0	0	0	0	0	0	1	1
6016	ČŐÔ˛ľ÷Lv16	6001	6001	1	5	3	1	0	0	1	0	0	-1	1000	-1	-1	1	60000	0	0	900	0	1	0	0	0	0	400	0	-1	-1	-1	-1	-1	0	1	0	6517	0	0	0	2	shengguangzhichui	1	8	2	5:0	0	0	0	0	0	0	1	1
6017	ČŐÔ˛ľ÷Lv17	6001	6001	1	5	3	1	0	0	1	0	0	-1	1000	-1	-1	1	60000	0	0	900	0	1	0	0	0	0	400	0	-1	-1	-1	-1	-1	0	1	0	6517	0	0	0	2	shengguangzhichui	1	8	2	5:0	0	0	0	0	0	0	1	1
6018	ČŐÔ˛ľ÷Lv18	6001	6001	1	5	3	1	0	0	1	0	0	-1	1000	-1	-1	1	60000	0	0	900	0	1	0	0	0	0	400	0	-1	-1	-1	-1	-1	0	1	0	6517	0	0	0	2	shengguangzhichui	1	8	2	5:0	0	0	0	0	0	0	1	1
6019	ČŐÔ˛ľ÷Lv19	6001	6001	1	5	3	1	0	0	1	0	0	-1	1000	-1	-1	1	60000	0	0	900	0	1	0	0	0	0	400	0	-1	-1	-1	-1	-1	0	1	0	6517	0	0	0	2	shengguangzhichui	1	8	2	5:0	0	0	0	0	0	0	1	1
6020	ČŐÔ˛ľ÷Lv20	6001	6001	1	5	3	1	0	0	1	0	0	-1	1000	-1	-1	1	60000	0	0	900	0	1	0	0	0	0	400	0	-1	-1	-1	-1	-1	0	1	0	6517	0	0	0	2	shengguangzhichui	1	8	2	5:0	0	0	0	0	0	0	1	1
6021	ČŐÔ˛ľ÷Lv21	6001	6001	1	5	3	1	0	0	1	0	0	-1	1000	-1	-1	1	60000	0	0	900	0	1	0	0	0	0	400	0	-1	-1	-1	-1	-1	0	1	0	6517	0	0	0	2	shengguangzhichui	1	8	2	5:0	0	0	0	0	0	0	1	1
6022	ČŐÔ˛ľ÷Lv22	6001	6001	1	5	3	1	0	0	1	0	0	-1	1000	-1	-1	1	60000	0	0	900	0	1	0	0	0	0	400	0	-1	-1	-1	-1	-1	0	1	0	6517	0	0	0	2	shengguangzhichui	1	8	2	5:0	0	0	0	0	0	0	1	1
6023	ČŐÔ˛ľ÷Lv23	6001	6001	1	5	3	1	0	0	1	0	0	-1	1000	-1	-1	1	60000	0	0	900	0	1	0	0	0	0	400	0	-1	-1	-1	-1	-1	0	1	0	6517	0	0	0	2	shengguangzhichui	1	8	2	5:0	0	0	0	0	0	0	1	1
6024	ČŐÔ˛ľ÷Lv24	6001	6001	1	5	3	1	0	0	1	0	0	-1	1000	-1	-1	1	60000	0	0	900	0	1	0	0	0	0	400	0	-1	-1	-1	-1	-1	0	1	0	6517	0	0	0	2	shengguangzhichui	1	8	2	5:0	0	0	0	0	0	0	1	1
6025	ČŐÔ˛ľ÷Lv25	6001	6001	1	5	3	1	0	0	1	0	0	-1	1000	-1	-1	1	60000	0	0	900	0	1	0	0	0	0	400	0	-1	-1	-1	-1	-1	0	1	0	6517	0	0	0	2	shengguangzhichui	1	8	2	5:0	0	0	0	0	0	0	1	1
6026	ČŐÔ˛ľ÷Lv26	6001	6001	1	5	3	1	0	0	1	0	0	-1	1000	-1	-1	1	60000	0	0	900	0	1	0	0	0	0	400	0	-1	-1	-1	-1	-1	0	1	0	6517	0	0	0	2	shengguangzhichui	1	8	2	5:0	0	0	0	0	0	0	1	1
6027	ČŐÔ˛ľ÷Lv27	6001	6001	1	5	3	1	0	0	1	0	0	-1	1000	-1	-1	1	60000	0	0	900	0	1	0	0	0	0	400	0	-1	-1	-1	-1	-1	0	1	0	6517	0	0	0	2	shengguangzhichui	1	8	2	5:0	0	0	0	0	0	0	1	1
6028	ČŐÔ˛ľ÷Lv28	6001	6001	1	5	3	1	0	0	1	0	0	-1	1000	-1	-1	1	60000	0	0	900	0	1	0	0	0	0	400	0	-1	-1	-1	-1	-1	0	1	0	6517	0	0	0	2	shengguangzhichui	1	8	2	5:0	0	0	0	0	0	0	1	1
6029	ČŐÔ˛ľ÷Lv29	6001	6001	1	5	3	1	0	0	1	0	0	-1	1000	-1	-1	1	60000	0	0	900	0	1	0	0	0	0	400	0	-1	-1	-1	-1	-1	0	1	0	6517	0	0	0	2	shengguangzhichui	1	8	2	5:0	0	0	0	0	0	0	1	1
6030	ČŐÔ˛ľ÷Lv30	6001	6001	1	5	3	1	0	0	1	0	0	-1	1000	-1	-1	1	60000	0	0	900	0	1	0	0	0	0	400	0	-1	-1	-1	-1	-1	0	1	0	6517	0	0	0	2	shengguangzhichui	1	8	2	5:0	0	0	0	0	0	0	1	1
6031	ČŐÔ˛ľ÷Lv31	6001	6001	1	5	3	1	0	0	1	0	0	-1	1000	-1	-1	1	60000	0	0	900	0	1	0	0	0	0	400	0	-1	-1	-1	-1	-1	0	1	0	6517	0	0	0	2	shengguangzhichui	1	8	2	5:0	0	0	0	0	0	0	1	1
6032	ČŐÔ˛ľ÷Lv32	6001	6001	1	5	3	1	0	0	1	0	0	-1	1000	-1	-1	1	60000	0	0	900	0	1	0	0	0	0	400	0	-1	-1	-1	-1	-1	0	1	0	6517	0	0	0	2	shengguangzhichui	1	8	2	5:0	0	0	0	0	0	0	1	1
6033	ČŐÔ˛ľ÷Lv33	6001	6001	1	5	3	1	0	0	1	0	0	-1	1000	-1	-1	1	60000	0	0	900	0	1	0	0	0	0	400	0	-1	-1	-1	-1	-1	0	1	0	6517	0	0	0	2	shengguangzhichui	1	8	2	5:0	0	0	0	0	0	0	1	1
6034	ČŐÔ˛ľ÷Lv34	6001	6001	1	5	3	1	0	0	1	0	0	-1	1000	-1	-1	1	60000	0	0	900	0	1	0	0	0	0	400	0	-1	-1	-1	-1	-1	0	1	0	6517	0	0	0	2	shengguangzhichui	1	8	2	5:0	0	0	0	0	0	0	1	1
6035	ČŐÔ˛ľ÷Lv35	6001	6001	1	5	3	1	0	0	1	0	0	-1	1000	-1	-1	1	60000	0	0	900	0	1	0	0	0	0	400	0	-1	-1	-1	-1	-1	0	1	0	6517	0	0	0	2	shengguangzhichui	1	8	2	5:0	0	0	0	0	0	0	1	1
6036	ČŐÔ˛ľ÷Lv36	6001	6001	1	5	3	1	0	0	1	0	0	-1	1000	-1	-1	1	60000	0	0	900	0	1	0	0	0	0	400	0	-1	-1	-1	-1	-1	0	1	0	6517	0	0	0	2	shengguangzhichui	1	8	2	5:0	0	0	0	0	0	0	1	1
6037	ČŐÔ˛ľ÷Lv37	6001	6001	1	5	3	1	0	0	1	0	0	-1	1000	-1	-1	1	60000	0	0	900	0	1	0	0	0	0	400	0	-1	-1	-1	-1	-1	0	1	0	6517	0	0	0	2	shengguangzhichui	1	8	2	5:0	0	0	0	0	0	0	1	1
6038	ČŐÔ˛ľ÷Lv38	6001	6001	1	5	3	1	0	0	1	0	0	-1	1000	-1	-1	1	60000	0	0	900	0	1	0	0	0	0	400	0	-1	-1	-1	-1	-1	0	1	0	6517	0	0	0	2	shengguangzhichui	1	8	2	5:0	0	0	0	0	0	0	1	1
6039	ČŐÔ˛ľ÷Lv39	6001	6001	1	5	3	1	0	0	1	0	0	-1	1000	-1	-1	1	60000	0	0	900	0	1	0	0	0	0	400	0	-1	-1	-1	-1	-1	0	1	0	6517	0	0	0	2	shengguangzhichui	1	8	2	5:0	0	0	0	0	0	0	1	1
6040	ČŐÔ˛ľ÷Lv40	6001	6001	1	5	3	1	0	0	1	0	0	-1	1000	-1	-1	1	60000	0	0	900	0	1	0	0	0	0	400	0	-1	-1	-1	-1	-1	0	1	0	6517	0	0	0	2	shengguangzhichui	1	8	2	5:0	0	0	0	0	0	0	1	1
6041	ČŐÔ˛ľ÷Lv41	6001	6001	1	5	3	1	0	0	1	0	0	-1	1000	-1	-1	1	60000	0	0	900	0	1	0	0	0	0	400	0	-1	-1	-1	-1	-1	0	1	0	6517	0	0	0	2	shengguangzhichui	1	8	2	5:0	0	0	0	0	0	0	1	1
6042	ČŐÔ˛ľ÷Lv42	6001	6001	1	5	3	1	0	0	1	0	0	-1	1000	-1	-1	1	60000	0	0	900	0	1	0	0	0	0	400	0	-1	-1	-1	-1	-1	0	1	0	6517	0	0	0	2	shengguangzhichui	1	8	2	5:0	0	0	0	0	0	0	1	1
6043	ČŐÔ˛ľ÷Lv43	6001	6001	1	5	3	1	0	0	1	0	0	-1	1000	-1	-1	1	60000	0	0	900	0	1	0	0	0	0	400	0	-1	-1	-1	-1	-1	0	1	0	6517	0	0	0	2	shengguangzhichui	1	8	2	5:0	0	0	0	0	0	0	1	1
6044	ČŐÔ˛ľ÷Lv44	6001	6001	1	5	3	1	0	0	1	0	0	-1	1000	-1	-1	1	60000	0	0	900	0	1	0	0	0	0	400	0	-1	-1	-1	-1	-1	0	1	0	6517	0	0	0	2	shengguangzhichui	1	8	2	5:0	0	0	0	0	0	0	1	1
6045	ČŐÔ˛ľ÷Lv45	6001	6001	1	5	3	1	0	0	1	0	0	-1	1000	-1	-1	1	60000	0	0	900	0	1	0	0	0	0	400	0	-1	-1	-1	-1	-1	0	1	0	6517	0	0	0	2	shengguangzhichui	1	8	2	5:0	0	0	0	0	0	0	1	1
6046	ČŐÔ˛ľ÷Lv46	6001	6001	1	5	3	1	0	0	1	0	0	-1	1000	-1	-1	1	60000	0	0	900	0	1	0	0	0	0	400	0	-1	-1	-1	-1	-1	0	1	0	6517	0	0	0	2	shengguangzhichui	1	8	2	5:0	0	0	0	0	0	0	1	1
6047	ČŐÔ˛ľ÷Lv47	6001	6001	1	5	3	1	0	0	1	0	0	-1	1000	-1	-1	1	60000	0	0	900	0	1	0	0	0	0	400	0	-1	-1	-1	-1	-1	0	1	0	6517	0	0	0	2	shengguangzhichui	1	8	2	5:0	0	0	0	0	0	0	1	1
6048	ČŐÔ˛ľ÷Lv48	6001	6001	1	5	3	1	0	0	1	0	0	-1	1000	-1	-1	1	60000	0	0	900	0	1	0	0	0	0	400	0	-1	-1	-1	-1	-1	0	1	0	6517	0	0	0	2	shengguangzhichui	1	8	2	5:0	0	0	0	0	0	0	1	1
6049	ČŐÔ˛ľ÷Lv49	6001	6001	1	5	3	1	0	0	1	0	0	-1	1000	-1	-1	1	60000	0	0	900	0	1	0	0	0	0	400	0	-1	-1	-1	-1	-1	0	1	0	6517	0	0	0	2	shengguangzhichui	1	8	2	5:0	0	0	0	0	0	0	1	1
6050	ČŐÔ˛ľ÷Lv50	6001	6001	1	5	3	1	0	0	1	0	0	-1	1000	-1	-1	1	60000	0	0	900	0	1	0	0	0	0	400	0	-1	-1	-1	-1	-1	0	1	0	6517	0	0	0	2	shengguangzhichui	1	8	2	5:0	0	0	0	0	0	0	1	1
6051	ČŐÔ˛ľ÷Lv51	6001	6001	1	5	3	1	0	0	1	0	0	-1	1000	-1	-1	1	60000	0	0	900	0	1	0	0	0	0	400	0	-1	-1	-1	-1	-1	0	1	0	6517	0	0	0	2	shengguangzhichui	1	8	2	5:0	0	0	0	0	0	0	1	1
6052	ČŐÔ˛ľ÷Lv52	6001	6001	1	5	3	1	0	0	1	0	0	-1	1000	-1	-1	1	60000	0	0	900	0	1	0	0	0	0	400	0	-1	-1	-1	-1	-1	0	1	0	6517	0	0	0	2	shengguangzhichui	1	8	2	5:0	0	0	0	0	0	0	1	1
6053	ČŐÔ˛ľ÷Lv53	6001	6001	1	5	3	1	0	0	1	0	0	-1	1000	-1	-1	1	60000	0	0	900	0	1	0	0	0	0	400	0	-1	-1	-1	-1	-1	0	1	0	6517	0	0	0	2	shengguangzhichui	1	8	2	5:0	0	0	0	0	0	0	1	1
6054	ČŐÔ˛ľ÷Lv54	6001	6001	1	5	3	1	0	0	1	0	0	-1	1000	-1	-1	1	60000	0	0	900	0	1	0	0	0	0	400	0	-1	-1	-1	-1	-1	0	1	0	6517	0	0	0	2	shengguangzhichui	1	8	2	5:0	0	0	0	0	0	0	1	1
6055	ČŐÔ˛ľ÷Lv55	6001	6001	1	5	3	1	0	0	1	0	0	-1	1000	-1	-1	1	60000	0	0	900	0	1	0	0	0	0	400	0	-1	-1	-1	-1	-1	0	1	0	6517	0	0	0	2	shengguangzhichui	1	8	2	5:0	0	0	0	0	0	0	1	1
6056	ČŐÔ˛ľ÷Lv56	6001	6001	1	5	3	1	0	0	1	0	0	-1	1000	-1	-1	1	60000	0	0	900	0	1	0	0	0	0	400	0	-1	-1	-1	-1	-1	0	1	0	6517	0	0	0	2	shengguangzhichui	1	8	2	5:0	0	0	0	0	0	0	1	1
6057	ČŐÔ˛ľ÷Lv57	6001	6001	1	5	3	1	0	0	1	0	0	-1	1000	-1	-1	1	60000	0	0	900	0	1	0	0	0	0	400	0	-1	-1	-1	-1	-1	0	1	0	6517	0	0	0	2	shengguangzhichui	1	8	2	5:0	0	0	0	0	0	0	1	1
6058	ČŐÔ˛ľ÷Lv58	6001	6001	1	5	3	1	0	0	1	0	0	-1	1000	-1	-1	1	60000	0	0	900	0	1	0	0	0	0	400	0	-1	-1	-1	-1	-1	0	1	0	6517	0	0	0	2	shengguangzhichui	1	8	2	5:0	0	0	0	0	0	0	1	1
6059	ČŐÔ˛ľ÷Lv59	6001	6001	1	5	3	1	0	0	1	0	0	-1	1000	-1	-1	1	60000	0	0	900	0	1	0	0	0	0	400	0	-1	-1	-1	-1	-1	0	1	0	6517	0	0	0	2	shengguangzhichui	1	8	2	5:0	0	0	0	0	0	0	1	1
6060	ČŐÔ˛ľ÷Lv60	6001	6001	1	5	3	1	0	0	1	0	0	-1	1000	-1	-1	1	60000	0	0	900	0	1	0	0	0	0	400	0	-1	-1	-1	-1	-1	0	1	0	6517	0	0	0	2	shengguangzhichui	1	8	2	5:0	0	0	0	0	0	0	1	1
6061	ČŐÔ˛ľ÷Lv61	6001	6001	1	5	3	1	0	0	1	0	0	-1	1000	-1	-1	1	60000	0	0	900	0	1	0	0	0	0	400	0	-1	-1	-1	-1	-1	0	1	0	6517	0	0	0	2	shengguangzhichui	1	8	2	5:0	0	0	0	0	0	0	1	1
6062	ČŐÔ˛ľ÷Lv62	6001	6001	1	5	3	1	0	0	1	0	0	-1	1000	-1	-1	1	60000	0	0	900	0	1	0	0	0	0	400	0	-1	-1	-1	-1	-1	0	1	0	6517	0	0	0	2	shengguangzhichui	1	8	2	5:0	0	0	0	0	0	0	1	1
6063	ČŐÔ˛ľ÷Lv63	6001	6001	1	5	3	1	0	0	1	0	0	-1	1000	-1	-1	1	60000	0	0	900	0	1	0	0	0	0	400	0	-1	-1	-1	-1	-1	0	1	0	6517	0	0	0	2	shengguangzhichui	1	8	2	5:0	0	0	0	0	0	0	1	1
6064	ČŐÔ˛ľ÷Lv64	6001	6001	1	5	3	1	0	0	1	0	0	-1	1000	-1	-1	1	60000	0	0	900	0	1	0	0	0	0	400	0	-1	-1	-1	-1	-1	0	1	0	6517	0	0	0	2	shengguangzhichui	1	8	2	5:0	0	0	0	0	0	0	1	1
6065	ČŐÔ˛ľ÷Lv65	6001	6001	1	5	3	1	0	0	1	0	0	-1	1000	-1	-1	1	60000	0	0	900	0	1	0	0	0	0	400	0	-1	-1	-1	-1	-1	0	1	0	6517	0	0	0	2	shengguangzhichui	1	8	2	5:0	0	0	0	0	0	0	1	1
6066	ČŐÔ˛ľ÷Lv66	6001	6001	1	5	3	1	0	0	1	0	0	-1	1000	-1	-1	1	60000	0	0	900	0	1	0	0	0	0	400	0	-1	-1	-1	-1	-1	0	1	0	6517	0	0	0	2	shengguangzhichui	1	8	2	5:0	0	0	0	0	0	0	1	1
6067	ČŐÔ˛ľ÷Lv67	6001	6001	1	5	3	1	0	0	1	0	0	-1	1000	-1	-1	1	60000	0	0	900	0	1	0	0	0	0	400	0	-1	-1	-1	-1	-1	0	1	0	6517	0	0	0	2	shengguangzhichui	1	8	2	5:0	0	0	0	0	0	0	1	1
6068	ČŐÔ˛ľ÷Lv68	6001	6001	1	5	3	1	0	0	1	0	0	-1	1000	-1	-1	1	60000	0	0	900	0	1	0	0	0	0	400	0	-1	-1	-1	-1	-1	0	1	0	6517	0	0	0	2	shengguangzhichui	1	8	2	5:0	0	0	0	0	0	0	1	1
6069	ČŐÔ˛ľ÷Lv69	6001	6001	1	5	3	1	0	0	1	0	0	-1	1000	-1	-1	1	60000	0	0	900	0	1	0	0	0	0	400	0	-1	-1	-1	-1	-1	0	1	0	6517	0	0	0	2	shengguangzhichui	1	8	2	5:0	0	0	0	0	0	0	1	1
6070	ČŐÔ˛ľ÷Lv70	6001	6001	1	5	3	1	0	0	1	0	0	-1	1000	-1	-1	1	60000	0	0	900	0	1	0	0	0	0	400	0	-1	-1	-1	-1	-1	0	1	0	6517	0	0	0	2	shengguangzhichui	1	8	2	5:0	0	0	0	0	0	0	1	1
6071	ČŐÔ˛ľ÷Lv71	6001	6001	1	5	3	1	0	0	1	0	0	-1	1000	-1	-1	1	60000	0	0	900	0	1	0	0	0	0	400	0	-1	-1	-1	-1	-1	0	1	0	6517	0	0	0	2	shengguangzhichui	1	8	2	5:0	0	0	0	0	0	0	1	1
6072	ČŐÔ˛ľ÷Lv72	6001	6001	1	5	3	1	0	0	1	0	0	-1	1000	-1	-1	1	60000	0	0	900	0	1	0	0	0	0	400	0	-1	-1	-1	-1	-1	0	1	0	6517	0	0	0	2	shengguangzhichui	1	8	2	5:0	0	0	0	0	0	0	1	1
6073	ČŐÔ˛ľ÷Lv73	6001	6001	1	5	3	1	0	0	1	0	0	-1	1000	-1	-1	1	60000	0	0	900	0	1	0	0	0	0	400	0	-1	-1	-1	-1	-1	0	1	0	6517	0	0	0	2	shengguangzhichui	1	8	2	5:0	0	0	0	0	0	0	1	1
6074	ČŐÔ˛ľ÷Lv74	6001	6001	1	5	3	1	0	0	1	0	0	-1	1000	-1	-1	1	60000	0	0	900	0	1	0	0	0	0	400	0	-1	-1	-1	-1	-1	0	1	0	6517	0	0	0	2	shengguangzhichui	1	8	2	5:0	0	0	0	0	0	0	1	1
6075	ČŐÔ˛ľ÷Lv75	6001	6001	1	5	3	1	0	0	1	0	0	-1	1000	-1	-1	1	60000	0	0	900	0	1	0	0	0	0	400	0	-1	-1	-1	-1	-1	0	1	0	6517	0	0	0	2	shengguangzhichui	1	8	2	5:0	0	0	0	0	0	0	1	1
6076	ČŐÔ˛ľ÷Lv76	6001	6001	1	5	3	1	0	0	1	0	0	-1	1000	-1	-1	1	60000	0	0	900	0	1	0	0	0	0	400	0	-1	-1	-1	-1	-1	0	1	0	6517	0	0	0	2	shengguangzhichui	1	8	2	5:0	0	0	0	0	0	0	1	1
6077	ČŐÔ˛ľ÷Lv77	6001	6001	1	5	3	1	0	0	1	0	0	-1	1000	-1	-1	1	60000	0	0	900	0	1	0	0	0	0	400	0	-1	-1	-1	-1	-1	0	1	0	6517	0	0	0	2	shengguangzhichui	1	8	2	5:0	0	0	0	0	0	0	1	1
6078	ČŐÔ˛ľ÷Lv78	6001	6001	1	5	3	1	0	0	1	0	0	-1	1000	-1	-1	1	60000	0	0	900	0	1	0	0	0	0	400	0	-1	-1	-1	-1	-1	0	1	0	6517	0	0	0	2	shengguangzhichui	1	8	2	5:0	0	0	0	0	0	0	1	1
6079	ČŐÔ˛ľ÷Lv79	6001	6001	1	5	3	1	0	0	1	0	0	-1	1000	-1	-1	1	60000	0	0	900	0	1	0	0	0	0	400	0	-1	-1	-1	-1	-1	0	1	0	6517	0	0	0	2	shengguangzhichui	1	8	2	5:0	0	0	0	0	0	0	1	1
6080	ČŐÔ˛ľ÷Lv80	6001	6001	1	5	3	1	0	0	1	0	0	-1	1000	-1	-1	1	60000	0	0	900	0	1	0	0	0	0	400	0	-1	-1	-1	-1	-1	0	1	0	6517	0	0	0	2	shengguangzhichui	1	8	2	5:0	0	0	0	0	0	0	1	1
6081	ČŐÔ˛ľ÷Lv81	6001	6001	1	5	3	1	0	0	1	0	0	-1	1000	-1	-1	1	60000	0	0	900	0	1	0	0	0	0	400	0	-1	-1	-1	-1	-1	0	1	0	6517	0	0	0	2	shengguangzhichui	1	8	2	5:0	0	0	0	0	0	0	1	1
6082	ČŐÔ˛ľ÷Lv82	6001	6001	1	5	3	1	0	0	1	0	0	-1	1000	-1	-1	1	60000	0	0	900	0	1	0	0	0	0	400	0	-1	-1	-1	-1	-1	0	1	0	6517	0	0	0	2	shengguangzhichui	1	8	2	5:0	0	0	0	0	0	0	1	1
6083	ČŐÔ˛ľ÷Lv83	6001	6001	1	5	3	1	0	0	1	0	0	-1	1000	-1	-1	1	60000	0	0	900	0	1	0	0	0	0	400	0	-1	-1	-1	-1	-1	0	1	0	6517	0	0	0	2	shengguangzhichui	1	8	2	5:0	0	0	0	0	0	0	1	1
6084	ČŐÔ˛ľ÷Lv84	6001	6001	1	5	3	1	0	0	1	0	0	-1	1000	-1	-1	1	60000	0	0	900	0	1	0	0	0	0	400	0	-1	-1	-1	-1	-1	0	1	0	6517	0	0	0	2	shengguangzhichui	1	8	2	5:0	0	0	0	0	0	0	1	1
6085	ČŐÔ˛ľ÷Lv85	6001	6001	1	5	3	1	0	0	1	0	0	-1	1000	-1	-1	1	60000	0	0	900	0	1	0	0	0	0	400	0	-1	-1	-1	-1	-1	0	1	0	6517	0	0	0	2	shengguangzhichui	1	8	2	5:0	0	0	0	0	0	0	1	1
6086	ČŐÔ˛ľ÷Lv86	6001	6001	1	5	3	1	0	0	1	0	0	-1	1000	-1	-1	1	60000	0	0	900	0	1	0	0	0	0	400	0	-1	-1	-1	-1	-1	0	1	0	6517	0	0	0	2	shengguangzhichui	1	8	2	5:0	0	0	0	0	0	0	1	1
6087	ČŐÔ˛ľ÷Lv87	6001	6001	1	5	3	1	0	0	1	0	0	-1	1000	-1	-1	1	60000	0	0	900	0	1	0	0	0	0	400	0	-1	-1	-1	-1	-1	0	1	0	6517	0	0	0	2	shengguangzhichui	1	8	2	5:0	0	0	0	0	0	0	1	1
6088	ČŐÔ˛ľ÷Lv88	6001	6001	1	5	3	1	0	0	1	0	0	-1	1000	-1	-1	1	60000	0	0	900	0	1	0	0	0	0	400	0	-1	-1	-1	-1	-1	0	1	0	6517	0	0	0	2	shengguangzhichui	1	8	2	5:0	0	0	0	0	0	0	1	1
6089	ČŐÔ˛ľ÷Lv89	6001	6001	1	5	3	1	0	0	1	0	0	-1	1000	-1	-1	1	60000	0	0	900	0	1	0	0	0	0	400	0	-1	-1	-1	-1	-1	0	1	0	6517	0	0	0	2	shengguangzhichui	1	8	2	5:0	0	0	0	0	0	0	1	1
6090	ČŐÔ˛ľ÷Lv90	6001	6001	1	5	3	1	0	0	1	0	0	-1	1000	-1	-1	1	60000	0	0	900	0	1	0	0	0	0	400	0	-1	-1	-1	-1	-1	0	1	0	6517	0	0	0	2	shengguangzhichui	1	8	2	5:0	0	0	0	0	0	0	1	1
6091	ČŐÔ˛ľ÷Lv91	6001	6001	1	5	3	1	0	0	1	0	0	-1	1000	-1	-1	1	60000	0	0	900	0	1	0	0	0	0	400	0	-1	-1	-1	-1	-1	0	1	0	6517	0	0	0	2	shengguangzhichui	1	8	2	5:0	0	0	0	0	0	0	1	1
6092	ČŐÔ˛ľ÷Lv92	6001	6001	1	5	3	1	0	0	1	0	0	-1	1000	-1	-1	1	60000	0	0	900	0	1	0	0	0	0	400	0	-1	-1	-1	-1	-1	0	1	0	6517	0	0	0	2	shengguangzhichui	1	8	2	5:0	0	0	0	0	0	0	1	1
6093	ČŐÔ˛ľ÷Lv93	6001	6001	1	5	3	1	0	0	1	0	0	-1	1000	-1	-1	1	60000	0	0	900	0	1	0	0	0	0	400	0	-1	-1	-1	-1	-1	0	1	0	6517	0	0	0	2	shengguangzhichui	1	8	2	5:0	0	0	0	0	0	0	1	1
6094	ČŐÔ˛ľ÷Lv94	6001	6001	1	5	3	1	0	0	1	0	0	-1	1000	-1	-1	1	60000	0	0	900	0	1	0	0	0	0	400	0	-1	-1	-1	-1	-1	0	1	0	6517	0	0	0	2	shengguangzhichui	1	8	2	5:0	0	0	0	0	0	0	1	1
6095	ČŐÔ˛ľ÷Lv95	6001	6001	1	5	3	1	0	0	1	0	0	-1	1000	-1	-1	1	60000	0	0	900	0	1	0	0	0	0	400	0	-1	-1	-1	-1	-1	0	1	0	6517	0	0	0	2	shengguangzhichui	1	8	2	5:0	0	0	0	0	0	0	1	1
6096	ČŐÔ˛ľ÷Lv96	6001	6001	1	5	3	1	0	0	1	0	0	-1	1000	-1	-1	1	60000	0	0	900	0	1	0	0	0	0	400	0	-1	-1	-1	-1	-1	0	1	0	6517	0	0	0	2	shengguangzhichui	1	8	2	5:0	0	0	0	0	0	0	1	1
6097	ČŐÔ˛ľ÷Lv97	6001	6001	1	5	3	1	0	0	1	0	0	-1	1000	-1	-1	1	60000	0	0	900	0	1	0	0	0	0	400	0	-1	-1	-1	-1	-1	0	1	0	6517	0	0	0	2	shengguangzhichui	1	8	2	5:0	0	0	0	0	0	0	1	1
6098	ČŐÔ˛ľ÷Lv98	6001	6001	1	5	3	1	0	0	1	0	0	-1	1000	-1	-1	1	60000	0	0	900	0	1	0	0	0	0	400	0	-1	-1	-1	-1	-1	0	1	0	6517	0	0	0	2	shengguangzhichui	1	8	2	5:0	0	0	0	0	0	0	1	1
6099	ČŐÔ˛ľ÷Lv99	6001	6001	1	5	3	1	0	0	1	0	0	-1	1000	-1	-1	1	60000	0	0	900	0	1	0	0	0	0	400	0	-1	-1	-1	-1	-1	0	1	0	6517	0	0	0	2	shengguangzhichui	1	8	2	5:0	0	0	0	0	0	0	1	1
6100	ČŐÔ˛ľ÷Lv100	6001	6001	1	5	3	1	0	0	1	0	0	-1	1000	-1	-1	1	60000	0	0	900	0	1	0	0	0	0	400	0	-1	-1	-1	-1	-1	0	1	0	6517	0	0	0	2	shengguangzhichui	1	8	2	5:0	0	0	0	0	0	0	1	1
6101	ÔÂČ±ľ÷Lv1	6101	6101	1	6	3	1	0	0	1	0	0	-1	1000	-1	-1	1	60000	0	0	60	0	8	0	0	0	0	400	0	-1	-1	-1	-1	-1	0	1	0	6519	0	0	0	2	shengguangzhichui	1	8	2	5:0	0	0	0	0	0	0	1	1
6102	ÔÂČ±ľ÷Lv2	6101	6101	1	6	3	1	0	0	1	0	0	-1	1000	-1	-1	1	60000	0	0	60	0	8	0	0	0	0	400	0	-1	-1	-1	-1	-1	0	1	0	6519	0	0	0	2	shengguangzhichui	1	8	2	5:0	0	0	0	0	0	0	1	1
6103	ÔÂČ±ľ÷Lv3	6101	6101	1	6	3	1	0	0	1	0	0	-1	1000	-1	-1	1	60000	0	0	60	0	8	0	0	0	0	400	0	-1	-1	-1	-1	-1	0	1	0	6519	0	0	0	2	shengguangzhichui	1	8	2	5:0	0	0	0	0	0	0	1	1
6104	ÔÂČ±ľ÷Lv4	6101	6101	1	6	3	1	0	0	1	0	0	-1	1000	-1	-1	1	60000	0	0	60	0	8	0	0	0	0	400	0	-1	-1	-1	-1	-1	0	1	0	6519	0	0	0	2	shengguangzhichui	1	8	2	5:0	0	0	0	0	0	0	1	1
6105	ÔÂČ±ľ÷Lv5	6101	6101	1	6	3	1	0	0	1	0	0	-1	1000	-1	-1	1	60000	0	0	60	0	8	0	0	0	0	400	0	-1	-1	-1	-1	-1	0	1	0	6519	0	0	0	2	shengguangzhichui	1	8	2	5:0	0	0	0	0	0	0	1	1
6106	ÔÂČ±ľ÷Lv6	6101	6101	1	6	3	1	0	0	1	0	0	-1	1000	-1	-1	1	60000	0	0	60	0	8	0	0	0	0	400	0	-1	-1	-1	-1	-1	0	1	0	6519	0	0	0	2	shengguangzhichui	1	8	2	5:0	0	0	0	0	0	0	1	1
6107	ÔÂČ±ľ÷Lv7	6101	6101	1	6	3	1	0	0	1	0	0	-1	1000	-1	-1	1	60000	0	0	60	0	8	0	0	0	0	400	0	-1	-1	-1	-1	-1	0	1	0	6519	0	0	0	2	shengguangzhichui	1	8	2	5:0	0	0	0	0	0	0	1	1
6108	ÔÂČ±ľ÷Lv8	6101	6101	1	6	3	1	0	0	1	0	0	-1	1000	-1	-1	1	60000	0	0	60	0	8	0	0	0	0	400	0	-1	-1	-1	-1	-1	0	1	0	6519	0	0	0	2	shengguangzhichui	1	8	2	5:0	0	0	0	0	0	0	1	1
6109	ÔÂČ±ľ÷Lv9	6101	6101	1	6	3	1	0	0	1	0	0	-1	1000	-1	-1	1	60000	0	0	60	0	8	0	0	0	0	400	0	-1	-1	-1	-1	-1	0	1	0	6519	0	0	0	2	shengguangzhichui	1	8	2	5:0	0	0	0	0	0	0	1	1
6110	ÔÂČ±ľ÷Lv10	6101	6101	1	6	3	1	0	0	1	0	0	-1	1000	-1	-1	1	60000	0	0	60	0	8	0	0	0	0	400	0	-1	-1	-1	-1	-1	0	1	0	6519	0	0	0	2	shengguangzhichui	1	8	2	5:0	0	0	0	0	0	0	1	1
6111	ÔÂČ±ľ÷Lv11	6101	6101	1	6	3	1	0	0	1	0	0	-1	1000	-1	-1	1	60000	0	0	60	0	8	0	0	0	0	400	0	-1	-1	-1	-1	-1	0	1	0	6519	0	0	0	2	shengguangzhichui	1	8	2	5:0	0	0	0	0	0	0	1	1
6112	ÔÂČ±ľ÷Lv12	6101	6101	1	6	3	1	0	0	1	0	0	-1	1000	-1	-1	1	60000	0	0	60	0	8	0	0	0	0	400	0	-1	-1	-1	-1	-1	0	1	0	6519	0	0	0	2	shengguangzhichui	1	8	2	5:0	0	0	0	0	0	0	1	1
6113	ÔÂČ±ľ÷Lv13	6101	6101	1	6	3	1	0	0	1	0	0	-1	1000	-1	-1	1	60000	0	0	60	0	8	0	0	0	0	400	0	-1	-1	-1	-1	-1	0	1	0	6519	0	0	0	2	shengguangzhichui	1	8	2	5:0	0	0	0	0	0	0	1	1
6114	ÔÂČ±ľ÷Lv14	6101	6101	1	6	3	1	0	0	1	0	0	-1	1000	-1	-1	1	60000	0	0	60	0	8	0	0	0	0	400	0	-1	-1	-1	-1	-1	0	1	0	6519	0	0	0	2	shengguangzhichui	1	8	2	5:0	0	0	0	0	0	0	1	1
6115	ÔÂČ±ľ÷Lv15	6101	6101	1	6	3	1	0	0	1	0	0	-1	1000	-1	-1	1	60000	0	0	60	0	8	0	0	0	0	400	0	-1	-1	-1	-1	-1	0	1	0	6519	0	0	0	2	shengguangzhichui	1	8	2	5:0	0	0	0	0	0	0	1	1
6116	ÔÂČ±ľ÷Lv16	6101	6101	1	6	3	1	0	0	1	0	0	-1	1000	-1	-1	1	60000	0	0	60	0	8	0	0	0	0	400	0	-1	-1	-1	-1	-1	0	1	0	6519	0	0	0	2	shengguangzhichui	1	8	2	5:0	0	0	0	0	0	0	1	1
6117	ÔÂČ±ľ÷Lv17	6101	6101	1	6	3	1	0	0	1	0	0	-1	1000	-1	-1	1	60000	0	0	60	0	8	0	0	0	0	400	0	-1	-1	-1	-1	-1	0	1	0	6519	0	0	0	2	shengguangzhichui	1	8	2	5:0	0	0	0	0	0	0	1	1
6118	ÔÂČ±ľ÷Lv18	6101	6101	1	6	3	1	0	0	1	0	0	-1	1000	-1	-1	1	60000	0	0	60	0	8	0	0	0	0	400	0	-1	-1	-1	-1	-1	0	1	0	6519	0	0	0	2	shengguangzhichui	1	8	2	5:0	0	0	0	0	0	0	1	1
6119	ÔÂČ±ľ÷Lv19	6101	6101	1	6	3	1	0	0	1	0	0	-1	1000	-1	-1	1	60000	0	0	60	0	8	0	0	0	0	400	0	-1	-1	-1	-1	-1	0	1	0	6519	0	0	0	2	shengguangzhichui	1	8	2	5:0	0	0	0	0	0	0	1	1
6120	ÔÂČ±ľ÷Lv20	6101	6101	1	6	3	1	0	0	1	0	0	-1	1000	-1	-1	1	60000	0	0	60	0	8	0	0	0	0	400	0	-1	-1	-1	-1	-1	0	1	0	6519	0	0	0	2	shengguangzhichui	1	8	2	5:0	0	0	0	0	0	0	1	1
6121	ÔÂČ±ľ÷Lv21	6101	6101	1	6	3	1	0	0	1	0	0	-1	1000	-1	-1	1	60000	0	0	60	0	8	0	0	0	0	400	0	-1	-1	-1	-1	-1	0	1	0	6519	0	0	0	2	shengguangzhichui	1	8	2	5:0	0	0	0	0	0	0	1	1
6122	ÔÂČ±ľ÷Lv22	6101	6101	1	6	3	1	0	0	1	0	0	-1	1000	-1	-1	1	60000	0	0	60	0	8	0	0	0	0	400	0	-1	-1	-1	-1	-1	0	1	0	6519	0	0	0	2	shengguangzhichui	1	8	2	5:0	0	0	0	0	0	0	1	1
6123	ÔÂČ±ľ÷Lv23	6101	6101	1	6	3	1	0	0	1	0	0	-1	1000	-1	-1	1	60000	0	0	60	0	8	0	0	0	0	400	0	-1	-1	-1	-1	-1	0	1	0	6519	0	0	0	2	shengguangzhichui	1	8	2	5:0	0	0	0	0	0	0	1	1
6124	ÔÂČ±ľ÷Lv24	6101	6101	1	6	3	1	0	0	1	0	0	-1	1000	-1	-1	1	60000	0	0	60	0	8	0	0	0	0	400	0	-1	-1	-1	-1	-1	0	1	0	6519	0	0	0	2	shengguangzhichui	1	8	2	5:0	0	0	0	0	0	0	1	1
6125	ÔÂČ±ľ÷Lv25	6101	6101	1	6	3	1	0	0	1	0	0	-1	1000	-1	-1	1	60000	0	0	60	0	8	0	0	0	0	400	0	-1	-1	-1	-1	-1	0	1	0	6519	0	0	0	2	shengguangzhichui	1	8	2	5:0	0	0	0	0	0	0	1	1
6126	ÔÂČ±ľ÷Lv26	6101	6101	1	6	3	1	0	0	1	0	0	-1	1000	-1	-1	1	60000	0	0	60	0	8	0	0	0	0	400	0	-1	-1	-1	-1	-1	0	1	0	6519	0	0	0	2	shengguangzhichui	1	8	2	5:0	0	0	0	0	0	0	1	1
6127	ÔÂČ±ľ÷Lv27	6101	6101	1	6	3	1	0	0	1	0	0	-1	1000	-1	-1	1	60000	0	0	60	0	8	0	0	0	0	400	0	-1	-1	-1	-1	-1	0	1	0	6519	0	0	0	2	shengguangzhichui	1	8	2	5:0	0	0	0	0	0	0	1	1
6128	ÔÂČ±ľ÷Lv28	6101	6101	1	6	3	1	0	0	1	0	0	-1	1000	-1	-1	1	60000	0	0	60	0	8	0	0	0	0	400	0	-1	-1	-1	-1	-1	0	1	0	6519	0	0	0	2	shengguangzhichui	1	8	2	5:0	0	0	0	0	0	0	1	1
6129	ÔÂČ±ľ÷Lv29	6101	6101	1	6	3	1	0	0	1	0	0	-1	1000	-1	-1	1	60000	0	0	60	0	8	0	0	0	0	400	0	-1	-1	-1	-1	-1	0	1	0	6519	0	0	0	2	shengguangzhichui	1	8	2	5:0	0	0	0	0	0	0	1	1
6130	ÔÂČ±ľ÷Lv30	6101	6101	1	6	3	1	0	0	1	0	0	-1	1000	-1	-1	1	60000	0	0	60	0	8	0	0	0	0	400	0	-1	-1	-1	-1	-1	0	1	0	6519	0	0	0	2	shengguangzhichui	1	8	2	5:0	0	0	0	0	0	0	1	1
6131	ÔÂČ±ľ÷Lv31	6101	6101	1	6	3	1	0	0	1	0	0	-1	1000	-1	-1	1	60000	0	0	60	0	8	0	0	0	0	400	0	-1	-1	-1	-1	-1	0	1	0	6519	0	0	0	2	shengguangzhichui	1	8	2	5:0	0	0	0	0	0	0	1	1
6132	ÔÂČ±ľ÷Lv32	6101	6101	1	6	3	1	0	0	1	0	0	-1	1000	-1	-1	1	60000	0	0	60	0	8	0	0	0	0	400	0	-1	-1	-1	-1	-1	0	1	0	6519	0	0	0	2	shengguangzhichui	1	8	2	5:0	0	0	0	0	0	0	1	1
6133	ÔÂČ±ľ÷Lv33	6101	6101	1	6	3	1	0	0	1	0	0	-1	1000	-1	-1	1	60000	0	0	60	0	8	0	0	0	0	400	0	-1	-1	-1	-1	-1	0	1	0	6519	0	0	0	2	shengguangzhichui	1	8	2	5:0	0	0	0	0	0	0	1	1
6134	ÔÂČ±ľ÷Lv34	6101	6101	1	6	3	1	0	0	1	0	0	-1	1000	-1	-1	1	60000	0	0	60	0	8	0	0	0	0	400	0	-1	-1	-1	-1	-1	0	1	0	6519	0	0	0	2	shengguangzhichui	1	8	2	5:0	0	0	0	0	0	0	1	1
6135	ÔÂČ±ľ÷Lv35	6101	6101	1	6	3	1	0	0	1	0	0	-1	1000	-1	-1	1	60000	0	0	60	0	8	0	0	0	0	400	0	-1	-1	-1	-1	-1	0	1	0	6519	0	0	0	2	shengguangzhichui	1	8	2	5:0	0	0	0	0	0	0	1	1
6136	ÔÂČ±ľ÷Lv36	6101	6101	1	6	3	1	0	0	1	0	0	-1	1000	-1	-1	1	60000	0	0	60	0	8	0	0	0	0	400	0	-1	-1	-1	-1	-1	0	1	0	6519	0	0	0	2	shengguangzhichui	1	8	2	5:0	0	0	0	0	0	0	1	1
6137	ÔÂČ±ľ÷Lv37	6101	6101	1	6	3	1	0	0	1	0	0	-1	1000	-1	-1	1	60000	0	0	60	0	8	0	0	0	0	400	0	-1	-1	-1	-1	-1	0	1	0	6519	0	0	0	2	shengguangzhichui	1	8	2	5:0	0	0	0	0	0	0	1	1
6138	ÔÂČ±ľ÷Lv38	6101	6101	1	6	3	1	0	0	1	0	0	-1	1000	-1	-1	1	60000	0	0	60	0	8	0	0	0	0	400	0	-1	-1	-1	-1	-1	0	1	0	6519	0	0	0	2	shengguangzhichui	1	8	2	5:0	0	0	0	0	0	0	1	1
6139	ÔÂČ±ľ÷Lv39	6101	6101	1	6	3	1	0	0	1	0	0	-1	1000	-1	-1	1	60000	0	0	60	0	8	0	0	0	0	400	0	-1	-1	-1	-1	-1	0	1	0	6519	0	0	0	2	shengguangzhichui	1	8	2	5:0	0	0	0	0	0	0	1	1
6140	ÔÂČ±ľ÷Lv40	6101	6101	1	6	3	1	0	0	1	0	0	-1	1000	-1	-1	1	60000	0	0	60	0	8	0	0	0	0	400	0	-1	-1	-1	-1	-1	0	1	0	6519	0	0	0	2	shengguangzhichui	1	8	2	5:0	0	0	0	0	0	0	1	1
6141	ÔÂČ±ľ÷Lv41	6101	6101	1	6	3	1	0	0	1	0	0	-1	1000	-1	-1	1	60000	0	0	60	0	8	0	0	0	0	400	0	-1	-1	-1	-1	-1	0	1	0	6519	0	0	0	2	shengguangzhichui	1	8	2	5:0	0	0	0	0	0	0	1	1
6142	ÔÂČ±ľ÷Lv42	6101	6101	1	6	3	1	0	0	1	0	0	-1	1000	-1	-1	1	60000	0	0	60	0	8	0	0	0	0	400	0	-1	-1	-1	-1	-1	0	1	0	6519	0	0	0	2	shengguangzhichui	1	8	2	5:0	0	0	0	0	0	0	1	1
6143	ÔÂČ±ľ÷Lv43	6101	6101	1	6	3	1	0	0	1	0	0	-1	1000	-1	-1	1	60000	0	0	60	0	8	0	0	0	0	400	0	-1	-1	-1	-1	-1	0	1	0	6519	0	0	0	2	shengguangzhichui	1	8	2	5:0	0	0	0	0	0	0	1	1
6144	ÔÂČ±ľ÷Lv44	6101	6101	1	6	3	1	0	0	1	0	0	-1	1000	-1	-1	1	60000	0	0	60	0	8	0	0	0	0	400	0	-1	-1	-1	-1	-1	0	1	0	6519	0	0	0	2	shengguangzhichui	1	8	2	5:0	0	0	0	0	0	0	1	1
6145	ÔÂČ±ľ÷Lv45	6101	6101	1	6	3	1	0	0	1	0	0	-1	1000	-1	-1	1	60000	0	0	60	0	8	0	0	0	0	400	0	-1	-1	-1	-1	-1	0	1	0	6519	0	0	0	2	shengguangzhichui	1	8	2	5:0	0	0	0	0	0	0	1	1
6146	ÔÂČ±ľ÷Lv46	6101	6101	1	6	3	1	0	0	1	0	0	-1	1000	-1	-1	1	60000	0	0	60	0	8	0	0	0	0	400	0	-1	-1	-1	-1	-1	0	1	0	6519	0	0	0	2	shengguangzhichui	1	8	2	5:0	0	0	0	0	0	0	1	1
6147	ÔÂČ±ľ÷Lv47	6101	6101	1	6	3	1	0	0	1	0	0	-1	1000	-1	-1	1	60000	0	0	60	0	8	0	0	0	0	400	0	-1	-1	-1	-1	-1	0	1	0	6519	0	0	0	2	shengguangzhichui	1	8	2	5:0	0	0	0	0	0	0	1	1
6148	ÔÂČ±ľ÷Lv48	6101	6101	1	6	3	1	0	0	1	0	0	-1	1000	-1	-1	1	60000	0	0	60	0	8	0	0	0	0	400	0	-1	-1	-1	-1	-1	0	1	0	6519	0	0	0	2	shengguangzhichui	1	8	2	5:0	0	0	0	0	0	0	1	1
6149	ÔÂČ±ľ÷Lv49	6101	6101	1	6	3	1	0	0	1	0	0	-1	1000	-1	-1	1	60000	0	0	60	0	8	0	0	0	0	400	0	-1	-1	-1	-1	-1	0	1	0	6519	0	0	0	2	shengguangzhichui	1	8	2	5:0	0	0	0	0	0	0	1	1
6150	ÔÂČ±ľ÷Lv50	6101	6101	1	6	3	1	0	0	1	0	0	-1	1000	-1	-1	1	60000	0	0	60	0	8	0	0	0	0	400	0	-1	-1	-1	-1	-1	0	1	0	6519	0	0	0	2	shengguangzhichui	1	8	2	5:0	0	0	0	0	0	0	1	1
6151	ÔÂČ±ľ÷Lv51	6101	6101	1	6	3	1	0	0	1	0	0	-1	1000	-1	-1	1	60000	0	0	60	0	8	0	0	0	0	400	0	-1	-1	-1	-1	-1	0	1	0	6519	0	0	0	2	shengguangzhichui	1	8	2	5:0	0	0	0	0	0	0	1	1
6152	ÔÂČ±ľ÷Lv52	6101	6101	1	6	3	1	0	0	1	0	0	-1	1000	-1	-1	1	60000	0	0	60	0	8	0	0	0	0	400	0	-1	-1	-1	-1	-1	0	1	0	6519	0	0	0	2	shengguangzhichui	1	8	2	5:0	0	0	0	0	0	0	1	1
6153	ÔÂČ±ľ÷Lv53	6101	6101	1	6	3	1	0	0	1	0	0	-1	1000	-1	-1	1	60000	0	0	60	0	8	0	0	0	0	400	0	-1	-1	-1	-1	-1	0	1	0	6519	0	0	0	2	shengguangzhichui	1	8	2	5:0	0	0	0	0	0	0	1	1
6154	ÔÂČ±ľ÷Lv54	6101	6101	1	6	3	1	0	0	1	0	0	-1	1000	-1	-1	1	60000	0	0	60	0	8	0	0	0	0	400	0	-1	-1	-1	-1	-1	0	1	0	6519	0	0	0	2	shengguangzhichui	1	8	2	5:0	0	0	0	0	0	0	1	1
6155	ÔÂČ±ľ÷Lv55	6101	6101	1	6	3	1	0	0	1	0	0	-1	1000	-1	-1	1	60000	0	0	60	0	8	0	0	0	0	400	0	-1	-1	-1	-1	-1	0	1	0	6519	0	0	0	2	shengguangzhichui	1	8	2	5:0	0	0	0	0	0	0	1	1
6156	ÔÂČ±ľ÷Lv56	6101	6101	1	6	3	1	0	0	1	0	0	-1	1000	-1	-1	1	60000	0	0	60	0	8	0	0	0	0	400	0	-1	-1	-1	-1	-1	0	1	0	6519	0	0	0	2	shengguangzhichui	1	8	2	5:0	0	0	0	0	0	0	1	1
6157	ÔÂČ±ľ÷Lv57	6101	6101	1	6	3	1	0	0	1	0	0	-1	1000	-1	-1	1	60000	0	0	60	0	8	0	0	0	0	400	0	-1	-1	-1	-1	-1	0	1	0	6519	0	0	0	2	shengguangzhichui	1	8	2	5:0	0	0	0	0	0	0	1	1
6158	ÔÂČ±ľ÷Lv58	6101	6101	1	6	3	1	0	0	1	0	0	-1	1000	-1	-1	1	60000	0	0	60	0	8	0	0	0	0	400	0	-1	-1	-1	-1	-1	0	1	0	6519	0	0	0	2	shengguangzhichui	1	8	2	5:0	0	0	0	0	0	0	1	1
6159	ÔÂČ±ľ÷Lv59	6101	6101	1	6	3	1	0	0	1	0	0	-1	1000	-1	-1	1	60000	0	0	60	0	8	0	0	0	0	400	0	-1	-1	-1	-1	-1	0	1	0	6519	0	0	0	2	shengguangzhichui	1	8	2	5:0	0	0	0	0	0	0	1	1
6160	ÔÂČ±ľ÷Lv60	6101	6101	1	6	3	1	0	0	1	0	0	-1	1000	-1	-1	1	60000	0	0	60	0	8	0	0	0	0	400	0	-1	-1	-1	-1	-1	0	1	0	6519	0	0	0	2	shengguangzhichui	1	8	2	5:0	0	0	0	0	0	0	1	1
6161	ÔÂČ±ľ÷Lv61	6101	6101	1	6	3	1	0	0	1	0	0	-1	1000	-1	-1	1	60000	0	0	60	0	8	0	0	0	0	400	0	-1	-1	-1	-1	-1	0	1	0	6519	0	0	0	2	shengguangzhichui	1	8	2	5:0	0	0	0	0	0	0	1	1
6162	ÔÂČ±ľ÷Lv62	6101	6101	1	6	3	1	0	0	1	0	0	-1	1000	-1	-1	1	60000	0	0	60	0	8	0	0	0	0	400	0	-1	-1	-1	-1	-1	0	1	0	6519	0	0	0	2	shengguangzhichui	1	8	2	5:0	0	0	0	0	0	0	1	1
6163	ÔÂČ±ľ÷Lv63	6101	6101	1	6	3	1	0	0	1	0	0	-1	1000	-1	-1	1	60000	0	0	60	0	8	0	0	0	0	400	0	-1	-1	-1	-1	-1	0	1	0	6519	0	0	0	2	shengguangzhichui	1	8	2	5:0	0	0	0	0	0	0	1	1
6164	ÔÂČ±ľ÷Lv64	6101	6101	1	6	3	1	0	0	1	0	0	-1	1000	-1	-1	1	60000	0	0	60	0	8	0	0	0	0	400	0	-1	-1	-1	-1	-1	0	1	0	6519	0	0	0	2	shengguangzhichui	1	8	2	5:0	0	0	0	0	0	0	1	1
6165	ÔÂČ±ľ÷Lv65	6101	6101	1	6	3	1	0	0	1	0	0	-1	1000	-1	-1	1	60000	0	0	60	0	8	0	0	0	0	400	0	-1	-1	-1	-1	-1	0	1	0	6519	0	0	0	2	shengguangzhichui	1	8	2	5:0	0	0	0	0	0	0	1	1
6166	ÔÂČ±ľ÷Lv66	6101	6101	1	6	3	1	0	0	1	0	0	-1	1000	-1	-1	1	60000	0	0	60	0	8	0	0	0	0	400	0	-1	-1	-1	-1	-1	0	1	0	6519	0	0	0	2	shengguangzhichui	1	8	2	5:0	0	0	0	0	0	0	1	1
6167	ÔÂČ±ľ÷Lv67	6101	6101	1	6	3	1	0	0	1	0	0	-1	1000	-1	-1	1	60000	0	0	60	0	8	0	0	0	0	400	0	-1	-1	-1	-1	-1	0	1	0	6519	0	0	0	2	shengguangzhichui	1	8	2	5:0	0	0	0	0	0	0	1	1
6168	ÔÂČ±ľ÷Lv68	6101	6101	1	6	3	1	0	0	1	0	0	-1	1000	-1	-1	1	60000	0	0	60	0	8	0	0	0	0	400	0	-1	-1	-1	-1	-1	0	1	0	6519	0	0	0	2	shengguangzhichui	1	8	2	5:0	0	0	0	0	0	0	1	1
6169	ÔÂČ±ľ÷Lv69	6101	6101	1	6	3	1	0	0	1	0	0	-1	1000	-1	-1	1	60000	0	0	60	0	8	0	0	0	0	400	0	-1	-1	-1	-1	-1	0	1	0	6519	0	0	0	2	shengguangzhichui	1	8	2	5:0	0	0	0	0	0	0	1	1
6170	ÔÂČ±ľ÷Lv70	6101	6101	1	6	3	1	0	0	1	0	0	-1	1000	-1	-1	1	60000	0	0	60	0	8	0	0	0	0	400	0	-1	-1	-1	-1	-1	0	1	0	6519	0	0	0	2	shengguangzhichui	1	8	2	5:0	0	0	0	0	0	0	1	1
6171	ÔÂČ±ľ÷Lv71	6101	6101	1	6	3	1	0	0	1	0	0	-1	1000	-1	-1	1	60000	0	0	60	0	8	0	0	0	0	400	0	-1	-1	-1	-1	-1	0	1	0	6519	0	0	0	2	shengguangzhichui	1	8	2	5:0	0	0	0	0	0	0	1	1
6172	ÔÂČ±ľ÷Lv72	6101	6101	1	6	3	1	0	0	1	0	0	-1	1000	-1	-1	1	60000	0	0	60	0	8	0	0	0	0	400	0	-1	-1	-1	-1	-1	0	1	0	6519	0	0	0	2	shengguangzhichui	1	8	2	5:0	0	0	0	0	0	0	1	1
6173	ÔÂČ±ľ÷Lv73	6101	6101	1	6	3	1	0	0	1	0	0	-1	1000	-1	-1	1	60000	0	0	60	0	8	0	0	0	0	400	0	-1	-1	-1	-1	-1	0	1	0	6519	0	0	0	2	shengguangzhichui	1	8	2	5:0	0	0	0	0	0	0	1	1
6174	ÔÂČ±ľ÷Lv74	6101	6101	1	6	3	1	0	0	1	0	0	-1	1000	-1	-1	1	60000	0	0	60	0	8	0	0	0	0	400	0	-1	-1	-1	-1	-1	0	1	0	6519	0	0	0	2	shengguangzhichui	1	8	2	5:0	0	0	0	0	0	0	1	1
6175	ÔÂČ±ľ÷Lv75	6101	6101	1	6	3	1	0	0	1	0	0	-1	1000	-1	-1	1	60000	0	0	60	0	8	0	0	0	0	400	0	-1	-1	-1	-1	-1	0	1	0	6519	0	0	0	2	shengguangzhichui	1	8	2	5:0	0	0	0	0	0	0	1	1
6176	ÔÂČ±ľ÷Lv76	6101	6101	1	6	3	1	0	0	1	0	0	-1	1000	-1	-1	1	60000	0	0	60	0	8	0	0	0	0	400	0	-1	-1	-1	-1	-1	0	1	0	6519	0	0	0	2	shengguangzhichui	1	8	2	5:0	0	0	0	0	0	0	1	1
6177	ÔÂČ±ľ÷Lv77	6101	6101	1	6	3	1	0	0	1	0	0	-1	1000	-1	-1	1	60000	0	0	60	0	8	0	0	0	0	400	0	-1	-1	-1	-1	-1	0	1	0	6519	0	0	0	2	shengguangzhichui	1	8	2	5:0	0	0	0	0	0	0	1	1
6178	ÔÂČ±ľ÷Lv78	6101	6101	1	6	3	1	0	0	1	0	0	-1	1000	-1	-1	1	60000	0	0	60	0	8	0	0	0	0	400	0	-1	-1	-1	-1	-1	0	1	0	6519	0	0	0	2	shengguangzhichui	1	8	2	5:0	0	0	0	0	0	0	1	1
6179	ÔÂČ±ľ÷Lv79	6101	6101	1	6	3	1	0	0	1	0	0	-1	1000	-1	-1	1	60000	0	0	60	0	8	0	0	0	0	400	0	-1	-1	-1	-1	-1	0	1	0	6519	0	0	0	2	shengguangzhichui	1	8	2	5:0	0	0	0	0	0	0	1	1
6180	ÔÂČ±ľ÷Lv80	6101	6101	1	6	3	1	0	0	1	0	0	-1	1000	-1	-1	1	60000	0	0	60	0	8	0	0	0	0	400	0	-1	-1	-1	-1	-1	0	1	0	6519	0	0	0	2	shengguangzhichui	1	8	2	5:0	0	0	0	0	0	0	1	1
6181	ÔÂČ±ľ÷Lv81	6101	6101	1	6	3	1	0	0	1	0	0	-1	1000	-1	-1	1	60000	0	0	60	0	8	0	0	0	0	400	0	-1	-1	-1	-1	-1	0	1	0	6519	0	0	0	2	shengguangzhichui	1	8	2	5:0	0	0	0	0	0	0	1	1
6182	ÔÂČ±ľ÷Lv82	6101	6101	1	6	3	1	0	0	1	0	0	-1	1000	-1	-1	1	60000	0	0	60	0	8	0	0	0	0	400	0	-1	-1	-1	-1	-1	0	1	0	6519	0	0	0	2	shengguangzhichui	1	8	2	5:0	0	0	0	0	0	0	1	1
6183	ÔÂČ±ľ÷Lv83	6101	6101	1	6	3	1	0	0	1	0	0	-1	1000	-1	-1	1	60000	0	0	60	0	8	0	0	0	0	400	0	-1	-1	-1	-1	-1	0	1	0	6519	0	0	0	2	shengguangzhichui	1	8	2	5:0	0	0	0	0	0	0	1	1
6184	ÔÂČ±ľ÷Lv84	6101	6101	1	6	3	1	0	0	1	0	0	-1	1000	-1	-1	1	60000	0	0	60	0	8	0	0	0	0	400	0	-1	-1	-1	-1	-1	0	1	0	6519	0	0	0	2	shengguangzhichui	1	8	2	5:0	0	0	0	0	0	0	1	1
6185	ÔÂČ±ľ÷Lv85	6101	6101	1	6	3	1	0	0	1	0	0	-1	1000	-1	-1	1	60000	0	0	60	0	8	0	0	0	0	400	0	-1	-1	-1	-1	-1	0	1	0	6519	0	0	0	2	shengguangzhichui	1	8	2	5:0	0	0	0	0	0	0	1	1
6186	ÔÂČ±ľ÷Lv86	6101	6101	1	6	3	1	0	0	1	0	0	-1	1000	-1	-1	1	60000	0	0	60	0	8	0	0	0	0	400	0	-1	-1	-1	-1	-1	0	1	0	6519	0	0	0	2	shengguangzhichui	1	8	2	5:0	0	0	0	0	0	0	1	1
6187	ÔÂČ±ľ÷Lv87	6101	6101	1	6	3	1	0	0	1	0	0	-1	1000	-1	-1	1	60000	0	0	60	0	8	0	0	0	0	400	0	-1	-1	-1	-1	-1	0	1	0	6519	0	0	0	2	shengguangzhichui	1	8	2	5:0	0	0	0	0	0	0	1	1
6188	ÔÂČ±ľ÷Lv88	6101	6101	1	6	3	1	0	0	1	0	0	-1	1000	-1	-1	1	60000	0	0	60	0	8	0	0	0	0	400	0	-1	-1	-1	-1	-1	0	1	0	6519	0	0	0	2	shengguangzhichui	1	8	2	5:0	0	0	0	0	0	0	1	1
6189	ÔÂČ±ľ÷Lv89	6101	6101	1	6	3	1	0	0	1	0	0	-1	1000	-1	-1	1	60000	0	0	60	0	8	0	0	0	0	400	0	-1	-1	-1	-1	-1	0	1	0	6519	0	0	0	2	shengguangzhichui	1	8	2	5:0	0	0	0	0	0	0	1	1
6190	ÔÂČ±ľ÷Lv90	6101	6101	1	6	3	1	0	0	1	0	0	-1	1000	-1	-1	1	60000	0	0	60	0	8	0	0	0	0	400	0	-1	-1	-1	-1	-1	0	1	0	6519	0	0	0	2	shengguangzhichui	1	8	2	5:0	0	0	0	0	0	0	1	1
6191	ÔÂČ±ľ÷Lv91	6101	6101	1	6	3	1	0	0	1	0	0	-1	1000	-1	-1	1	60000	0	0	60	0	8	0	0	0	0	400	0	-1	-1	-1	-1	-1	0	1	0	6519	0	0	0	2	shengguangzhichui	1	8	2	5:0	0	0	0	0	0	0	1	1
6192	ÔÂČ±ľ÷Lv92	6101	6101	1	6	3	1	0	0	1	0	0	-1	1000	-1	-1	1	60000	0	0	60	0	8	0	0	0	0	400	0	-1	-1	-1	-1	-1	0	1	0	6519	0	0	0	2	shengguangzhichui	1	8	2	5:0	0	0	0	0	0	0	1	1
6193	ÔÂČ±ľ÷Lv93	6101	6101	1	6	3	1	0	0	1	0	0	-1	1000	-1	-1	1	60000	0	0	60	0	8	0	0	0	0	400	0	-1	-1	-1	-1	-1	0	1	0	6519	0	0	0	2	shengguangzhichui	1	8	2	5:0	0	0	0	0	0	0	1	1
6194	ÔÂČ±ľ÷Lv94	6101	6101	1	6	3	1	0	0	1	0	0	-1	1000	-1	-1	1	60000	0	0	60	0	8	0	0	0	0	400	0	-1	-1	-1	-1	-1	0	1	0	6519	0	0	0	2	shengguangzhichui	1	8	2	5:0	0	0	0	0	0	0	1	1
6195	ÔÂČ±ľ÷Lv95	6101	6101	1	6	3	1	0	0	1	0	0	-1	1000	-1	-1	1	60000	0	0	60	0	8	0	0	0	0	400	0	-1	-1	-1	-1	-1	0	1	0	6519	0	0	0	2	shengguangzhichui	1	8	2	5:0	0	0	0	0	0	0	1	1
6196	ÔÂČ±ľ÷Lv96	6101	6101	1	6	3	1	0	0	1	0	0	-1	1000	-1	-1	1	60000	0	0	60	0	8	0	0	0	0	400	0	-1	-1	-1	-1	-1	0	1	0	6519	0	0	0	2	shengguangzhichui	1	8	2	5:0	0	0	0	0	0	0	1	1
6197	ÔÂČ±ľ÷Lv97	6101	6101	1	6	3	1	0	0	1	0	0	-1	1000	-1	-1	1	60000	0	0	60	0	8	0	0	0	0	400	0	-1	-1	-1	-1	-1	0	1	0	6519	0	0	0	2	shengguangzhichui	1	8	2	5:0	0	0	0	0	0	0	1	1
6198	ÔÂČ±ľ÷Lv98	6101	6101	1	6	3	1	0	0	1	0	0	-1	1000	-1	-1	1	60000	0	0	60	0	8	0	0	0	0	400	0	-1	-1	-1	-1	-1	0	1	0	6519	0	0	0	2	shengguangzhichui	1	8	2	5:0	0	0	0	0	0	0	1	1
6199	ÔÂČ±ľ÷Lv99	6101	6101	1	6	3	1	0	0	1	0	0	-1	1000	-1	-1	1	60000	0	0	60	0	8	0	0	0	0	400	0	-1	-1	-1	-1	-1	0	1	0	6519	0	0	0	2	shengguangzhichui	1	8	2	5:0	0	0	0	0	0	0	1	1
6200	ÔÂČ±ľ÷Lv100	6101	6101	1	6	3	1	0	0	1	0	0	-1	1000	-1	-1	1	60000	0	0	60	0	8	0	0	0	0	400	0	-1	-1	-1	-1	-1	0	1	0	6519	0	0	0	2	shengguangzhichui	1	8	2	5:0	0	0	0	0	0	0	1	1
