INT	STRING	STRING	STRING	INT	INT	STRING	INT	INT	INT	INT	INT	INT	STRING	STRING	STRING	STRING	STRING	INT	STRING	STRING	STRING	INT	INT	INT	STRING	STRING	STRING	INT	INT	STRING	INT
id	name	title	title_icon	level	quality	mapid	x	y	func	func_extra	show_mini	full_mouse_on	default_dialog	bubble_dialog	body	half_body	head	Order	tips	name1	param	LoadType	Combined	titleHeight	Platform	event_dialog	Cost	XiuXian	MapOrNpc	Desc	body_rate
100	传送祭坛	-1	NpcTitle_47	99	0	50001	97	118	1	1055	1	0	你好，勇士，在这危急的时刻能看到你真是太好了	-1	11	npc106	gwdx01	1	传送祭坛	传送	-1	3	0	20	0	-1	-1	0	1	-1	4
101	医师	-1	NpcTitle_2	99	0	50001	80	119	1	1082	1	0	伟大的勇士，你又受伤了。|n来我这里治疗一发，保证你生龙又活虎！|n|n游戏中的BOSS会爆一切装备。|n只要你努力，一切皆有可能。	-1	316	npc106	gwdx01	1	回血医师	回血	-1	3	0	45	0	-1	-1	0	0	-1	4
102	林长生	-1	NpcTitle_63	99	0	50001	90	61	1	1111	1	0	程序猿在开山凿石，加班加点建设领地…… 敬请期待	-1	132	npc106	gwdx01	1	公会领地	传送	-1	3	0	20	0	-1	-1	0	0	-1	4
1001	晓竹	-1	-1	99	0	50001	125	171	1	0	0	0	一杯敬朝阳，一杯敬月光。唤醒我的向往，温柔了寒窗。	-1	334	npc106	gwdx01	1	预言家	-1	-1	3	0	-8	0	-1	-1	0	-1	-1	4
1002	帅帅	-1	-1	99	0	50001	121	128	1	0	0	0	别理我，我想静静，也别问我静静是谁。	-1	330	npc106	gwdx01	2	西方玫瑰	-1	-1	3	0	-8	0	-1	-1	0	-1	-1	4
1003	三金剑	村长	-1	99	0	50034	29	102	1	0	0	0	年轻时我也是能够仗剑走江湖，直到我膝盖中了一支箭	-1	315	npc106	gwdx01	1	村长	-1	11	3	0	-8	0	-1	-1	0	-1	-1	4
1004	超群	-1	-1	99	0	50034	54	102	1	0	0	0	少年可不要小看这扫地的事情，一屋不扫，何以扫天下。	-1	325	npc106	gwdx01	2	-1	-1	-1	3	0	-8	0	-1	-1	0	-1	-1	4
1005	永庆	-1	-1	99	0	50034	80	95	1	0	0	0	刚好打点材火回来，又累了一天。不知道家里的的材火今晚是否够了，家里的娘子和孩子是否安好。	-1	331	npc106	gwdx01	3	-1	-1	-1	3	0	-8	0	-1	-1	0	-1	-1	4
1006	舟可	-1	-1	99	0	50034	65	71	1	0	0	0	新鲜的水果咯，走过路过不要错过	-1	317	npc106	gwdx01	4	-1	-1	-1	3	0	-8	0	-1	-1	0	-1	-1	4
1007	朱开	-1	-1	99	0	50034	99	27	1	0	0	0	秀才遇上兵，有理说不清。我本来是想读书的，然后赴京赶考，然后高中状元，然后迎娶白富美，然后封王拜侯。可是有时候进了贼窝，身不由己！	-1	324	npc106	gwdx01	5	-1	-1	-1	3	0	-8	0	-1	-1	0	-1	-1	4
1008	周倩倩	-1	-1	99	0	50034	117	29	1	0	0	0	刀呢，我的开山大砍刀呢。等下又可以做一票了！	-1	341	npc106	gwdx01	6	-1	-1	-1	3	0	-8	0	-1	-1	0	-1	-1	4
1009	吴条	-1	-1	99	0	50034	133	61	1	0	0	0	思君思国思社稷，赏花赏月赏秋香。我已熬成了白头。	-1	338	npc106	gwdx01	7	-1	-1	-1	3	0	-8	0	-1	-1	0	-1	-1	4
1010	伟杰	-1	-1	99	0	50034	181	80	1	0	0	0	今朝有酒今朝醉，明日愁来明日愁。相信日子会越来越好的！	-1	339	npc106	gwdx01	8	-1	-1	-1	3	0	-8	0	-1	-1	0	-1	-1	4
1012	农丰裕	难民	-1	99	0	50001	192	203	1	0	0	0	天灾人祸，祸不单行。但是我依旧想活下去。好死不如赖活着，你说是吧。	-1	301	npc106	gwdx01	3	商人	-1	-1	3	0	-8	0	-1	-1	0	-1	-1	4
1013	伟龙	守卫	-1	99	0	50001	159	178	1	0	0	0	真正的勇士无所畏惧，敢于直面一切敌人。我即是我，不一样的烟火。	-1	312	npc106	gwdx01	4	流浪汉	-1	-1	3	0	-8	0	-1	-1	0	-1	-1	4
1014	清峰	-1	-1	99	0	50001	106	158	1	0	0	0	只与清风，明月为伴。我是一个快乐少年郎，不理世间凡俗事。	-1	323	npc106	gwdx01	5	流浪汉	-1	-1	3	0	-8	0	-1	-1	0	-1	-1	4
1015	小娴	-1	-1	99	0	50001	79	162	1	0	0	0	没有了货物，没有了马车，这日子还怎么过啊	-1	314	npc106	gwdx01	6	玻璃商人	-1	-1	3	0	-8	0	-1	-1	0	-1	-1	4
1016	问寒	-1	-1	99	0	50039	32	113	1	0	0	0	我是个玻璃商人，一个满身痢疾的普通流浪汉	-1	303	npc106	gwdx01	1	本	-1	-1	3	0	-8	0	-1	-1	0	-1	-1	4
1017	卢嵩	-1	-1	99	0	50039	88	120	1	0	0	0	我是个玻璃商人，一个满身痢疾的普通流浪汉	-1	304	npc106	gwdx01	2	乔布	-1	-1	3	0	-8	0	-1	-1	0	-1	-1	4
1018	红叶	-1	-1	99	0	50039	107	100	1	0	0	0	我是个玻璃商人，一个满身痢疾的普通流浪汉	-1	343	npc106	gwdx01	3	托兰	-1	-1	3	0	-8	0	-1	-1	0	-1	-1	4
1019	邪老	-1	-1	99	0	50039	113	42	1	0	0	0	我的背包中有三百卷画圈，你相信不。都是自己画的，有点羡慕毕加索，生前的画就已经登堂入室！	-1	344	npc106	gwdx01	4	阿克曼	-1	-1	3	0	-8	0	-1	-1	0	-1	-1	4
1020	方德天	-1	-1	99	0	50039	70	44	1	0	0	0	我是个玻璃商人，一个满身痢疾的普通流浪汉	-1	325	npc106	gwdx01	5	沃纳	-1	-1	3	0	-8	0	-1	-1	0	-1	-1	4
1021	萨而谦	-1	-1	99	0	50039	45	71	1	0	0	0	我是个玻璃商人，一个满身痢疾的普通流浪汉	-1	316	npc106	gwdx01	6	莉达	-1	-1	3	0	-8	0	-1	-1	0	-1	-1	4
1022	范铭	-1	-1	99	0	50039	28	44	1	0	0	0	我是个玻璃商人，一个满身痢疾的普通流浪汉	-1	322	npc106	gwdx01	7	汉萨	-1	-1	3	0	-8	0	-1	-1	0	-1	-1	4
1023	孙志	-1	-1	99	0	50095	99	91	1	0	0	0	我是个玻璃商人，一个满身痢疾的普通流浪汉	-1	323	npc106	gwdx01	1	汉萨	-1	-1	3	0	-8	0	-1	-1	0	-1	-1	4
1024	朱义群	-1	-1	99	0	50095	68	55	1	0	0	0	我是个玻璃商人，一个满身痢疾的普通流浪汉	-1	324	npc106	gwdx01	2	汉萨	-1	-1	3	0	-8	0	-1	-1	0	-1	-1	4
1025	秦生	-1	-1	99	0	50095	93	30	1	0	0	0	我是个玻璃商人，一个满身痢疾的普通流浪汉	-1	325	npc106	gwdx01	3	汉萨	-1	-1	3	0	-8	0	-1	-1	0	-1	-1	4
1026	庞辉	-1	-1	99	0	50095	42	38	1	0	0	0	我是个玻璃商人，一个满身痢疾的普通流浪汉	-1	326	npc106	gwdx01	4	汉萨	-1	-1	3	0	-8	0	-1	-1	0	-1	-1	4
1027	刘铭	-1	-1	99	0	50095	33	10	1	0	0	0	我是个玻璃商人，一个满身痢疾的普通流浪汉	-1	327	npc106	gwdx01	5	汉萨	-1	-1	3	0	-8	0	-1	-1	0	-1	-1	4
1028	马思源	-1	-1	99	0	50095	37	82	1	0	0	0	我是个玻璃商人，一个满身痢疾的普通流浪汉	-1	328	npc106	gwdx01	6	汉萨	-1	-1	3	0	-8	0	-1	-1	0	-1	-1	4
1029	宋仲	-1	-1	99	0	50095	59	112	1	0	0	0	我是个玻璃商人，一个满身痢疾的普通流浪汉	-1	331	npc106	gwdx01	7	汉萨	-1	-1	3	0	-8	0	-1	-1	0	-1	-1	4
1033	赏金猎人	-1	NpcTitle_3	99	0	50001	131	138	1	1083	1	0	你好，勇士，在这危急的时刻能看到你真是太好了	-1	332	npc106	gwdx01	1	赏金任务使者	-1	-1	3	0	20	0	-1	-1	0	0	-1	4
1034	金不换	-1	NpcTitle_4	99	0	50001	88	94	1	1084	1	0	你好，勇士，在这危急的时刻能看到你真是太好了	-1	302	npc106	gwdx01	1	回收任务使者	-1	-1	3	0	20	0	-1	-1	0	0	-1	4
1036	舞娘	极限挑战1层	-1	99	0	50041	89	65	1	1086	1	0	别理我，我想静静	-1	307	npc106	gwdx01	1	一生全靠浪	-1	-1	3	0	-8	0	-1	-1	0	-1	-1	4
1037	舞娘	极限挑战2层	-1	99	0	50043	89	65	1	1086	1	0	别理我，我想静静	-1	307	npc106	gwdx01	1	一生全靠浪	-1	-1	3	0	-8	0	-1	-1	0	-1	-1	4
1038	舞娘	极限挑战3层	-1	99	0	50044	89	65	1	1086	1	0	别理我，我想静静	-1	307	npc106	gwdx01	1	一生全靠浪	-1	-1	3	0	-8	0	-1	-1	0	-1	-1	4
1039	舞娘	极限挑战4层	-1	99	0	50045	89	65	1	1086	1	0	别理我，我想静静	-1	307	npc106	gwdx01	1	一生全靠浪	-1	-1	3	0	-8	0	-1	-1	0	-1	-1	4
1040	舞娘	极限挑战5层	-1	99	0	50046	89	65	1	1086	1	0	别理我，我想静静	-1	307	npc106	gwdx01	1	一生全靠浪	-1	-1	3	0	-8	0	-1	-1	0	-1	-1	4
1041	舞娘	极限挑战6层	-1	99	0	50047	89	65	1	1086	1	0	别理我，我想静静	-1	307	npc106	gwdx01	1	一生全靠浪	-1	-1	3	0	-8	0	-1	-1	0	-1	-1	4
1042	舞娘	极限挑战7层	-1	99	0	50048	89	65	1	1086	1	0	别理我，我想静静	-1	307	npc106	gwdx01	1	一生全靠浪	-1	-1	3	0	-8	0	-1	-1	0	-1	-1	4
1043	舞娘	极限挑战8层	-1	99	0	50049	89	65	1	1086	1	0	别理我，我想静静	-1	307	npc106	gwdx01	1	一生全靠浪	-1	-1	3	0	-8	0	-1	-1	0	-1	-1	4
1044	舞娘	极限挑战9层	-1	99	0	50050	89	65	1	1086	1	0	别理我，我想静静	-1	307	npc106	gwdx01	1	一生全靠浪	-1	-1	3	0	-8	0	-1	-1	0	-1	-1	4
1045	李老头	-1	-1	99	0	50039	27	15	1	0	0	0	我是个玻璃商人，一个满身痢疾的普通流浪汉	-1	332	npc106	gwdx01	3	托兰	-1	-1	3	0	-8	0	-1	-1	0	-1	-1	4
1046	宋宣	-1	-1	99	0	50001	74	124	1	0	0	0	一杯敬故乡，一杯敬远方。守着我的善良，催着我成长。	-1	325	npc106	gwdx01	3	尼雅	-1	-1	3	0	-8	0	-1	-1	0	-1	-1	4
1047	铸剑大师	-1	-1	99	0	50001	91	147	1	0	0	0	我手中打过多少把剑，我已记不清了。但是我仍旧要打出最强的一把剑，哪怕需要融合我的灵魂。	-1	342	npc106	gwdx01	3	胡克	-1	-1	3	0	-8	0	-1	-1	0	-1	-1	4
1048	陈烽	-1	-1	99	0	50001	37	129	1	0	0	0	我的背包中有三百卷画圈，你相信不。都是自己画的，有点羡慕毕加索，生前的画就已经登堂入室！	-1	331	npc106	gwdx01	3	古德	-1	-1	3	0	-8	0	-1	-1	0	-1	-1	4
1049	杨帆	-1	-1	99	0	50040	37	90	1	0	0	0	我是个玻璃商人，一个满身痢疾的普通流浪汉	-1	329	npc106	gwdx01	1	汉萨	-1	-1	3	0	-8	0	-1	-1	0	-1	-1	4
1050	浣碧	-1	-1	99	0	50040	35	68	1	0	0	0	我是个玻璃商人，一个满身痢疾的普通流浪汉	-1	333	npc106	gwdx01	2	汉萨	-1	-1	3	0	-8	0	-1	-1	0	-1	-1	4
1051	鬼老头	-1	-1	99	0	50040	15	46	1	0	0	0	我是个玻璃商人，一个满身痢疾的普通流浪汉	-1	344	npc106	gwdx01	3	汉萨	-1	-1	3	0	-8	0	-1	-1	0	-1	-1	4
1052	顾聪	-1	-1	99	0	50040	56	71	1	0	0	0	我是个玻璃商人，一个满身痢疾的普通流浪汉	-1	313	npc106	gwdx01	4	汉萨	-1	-1	3	0	-8	0	-1	-1	0	-1	-1	4
1053	刘铭	-1	-1	99	0	50040	99	88	1	0	0	0	我是个玻璃商人，一个满身痢疾的普通流浪汉	-1	311	npc106	gwdx01	5	汉萨	-1	-1	3	0	-8	0	-1	-1	0	-1	-1	4
1054	马思源	-1	-1	99	0	50040	98	48	1	0	0	0	我是个玻璃商人，一个满身痢疾的普通流浪汉	-1	310	npc106	gwdx01	6	汉萨	-1	-1	3	0	-8	0	-1	-1	0	-1	-1	4
1055	小朱	-1	-1	99	0	50040	77	28	1	0	0	0	我是个玻璃商人，一个满身痢疾的普通流浪汉	-1	320	npc106	gwdx01	7	汉萨	-1	-1	3	0	-8	0	-1	-1	0	-1	-1	4
1060	总镖头	-1	NpcTitle_5	99	0	50001	155	51	1	1087	1	0	0	-1	309	npc106	gwdx01	3	押镖使者	-1	-1	3	0	20	0	-1	-1	0	0	-1	4
1061	副镖头	-1	NpcTitle_6	99	0	50040	102	18	1	1088	1	0	0	-1	310	npc106	gwdx01	4	交镖使者	-1	-1	3	0	20	0	-1	-1	0	0	-1	4
1062	星脉地图	-1	NpcTitle_44	99	0	50001	109	127	1	1055	1	0	你好，勇士，在这危急的时刻能看到你真是太好了	-1	362	npc106	gwdx01	1	星脉地图	-1	-1	3	0	20	0	-1	-1	0	1	-1	2
1063	星脉地图	-1	NpcTitle_44	99	0	50096	45	29	1	1055	1	0	你好，勇士，在这危急的时刻能看到你真是太好了	-1	362	npc106	gwdx01	1	星脉地图	-1	-1	3	0	20	0	-1	-1	0	1	-1	2
1064	星脉地图	-1	NpcTitle_44	99	0	50097	51	33	1	1055	1	0	你好，勇士，在这危急的时刻能看到你真是太好了	-1	362	npc106	gwdx01	1	星脉地图	-1	-1	3	0	20	0	-1	-1	0	1	-1	2
1065	星脉地图	-1	NpcTitle_44	99	0	50156	46	36	1	1055	1	0	你好，勇士，在这危急的时刻能看到你真是太好了	-1	362	npc106	gwdx01	1	星脉地图	-1	-1	3	0	20	0	-1	-1	0	1	-1	2
1066	星脉地图	-1	NpcTitle_44	99	0				1	0	1	0	你好，勇士，在这危急的时刻能看到你真是太好了	-1	362	npc106	gwdx01	1	星脉地图	-1	-1	3	0	20	0	-1	-1	0	1	-1	2
1067	守护地图	-1	NpcTitle_43	99	0	50001	105	130	1	1055	1	0	你好，勇士，在这危急的时刻能看到你真是太好了	-1	368	npc106	gwdx01	1	守护地图	-1	-1	3	0	20	0	-1	-1	0	1	-1	2
1068	守护地图	-1	NpcTitle_43	99	0	50096	47	32	1	1055	1	0	你好，勇士，在这危急的时刻能看到你真是太好了	-1	368	npc106	gwdx01	1	守护地图	-1	-1	3	0	20	0	-1	-1	0	1	-1	2
1069	守护地图	-1	NpcTitle_43	99	0	50097	51	39	1	1055	1	0	你好，勇士，在这危急的时刻能看到你真是太好了	-1	368	npc106	gwdx01	1	守护地图	-1	-1	3	0	20	0	-1	-1	0	1	-1	2
1070	守护地图	-1	NpcTitle_43	99	0	50156	43	39	1	1055	1	0	你好，勇士，在这危急的时刻能看到你真是太好了	-1	368	npc106	gwdx01	1	守护地图	-1	-1	3	0	20	0	-1	-1	0	1	-1	2
1071	爵位地图	-1	NpcTitle_42	99	0	50001	101	133	1	1055	1	0	你好，勇士，在这危急的时刻能看到你真是太好了	-1	364	npc106	gwdx01	1	爵位地图	-1	-1	3	0	20	0	-1	-1	0	1	-1	2
1072	爵位地图	-1	NpcTitle_42	99	0	50096	48	37	1	1055	1	0	你好，勇士，在这危急的时刻能看到你真是太好了	-1	364	npc106	gwdx01	1	爵位地图	-1	-1	3	0	20	0	-1	-1	0	1	-1	2
1073	爵位地图	-1	NpcTitle_42	99	0	50097	51	45	1	1055	1	0	你好，勇士，在这危急的时刻能看到你真是太好了	-1	364	npc106	gwdx01	1	爵位地图	-1	-1	3	0	20	0	-1	-1	0	1	-1	2
1074	爵位地图	-1	NpcTitle_42	99	0	50156	40	42	1	1055	1	0	你好，勇士，在这危急的时刻能看到你真是太好了	-1	364	npc106	gwdx01	1	爵位地图	-1	-1	3	0	20	0	-1	-1	0	1	-1	2
1075	仓库管理员	-1	NpcTitle_7	99	0	50001	113	116	1	1089	1	0	你好，勇士，在这危急的时刻能看到你真是太好了	-1	344	npc106	gwdx01	1	仓库管理员	仓库	-1	3	0	20	0	-1	-1	0	0	-1	4
1076	奇奇	-1	NpcTitle_8	99	0	50001	97	135	1	1091	1	0	你好，勇士，在这危急的时刻能看到你真是太好了	-1	225	npc106	gwdx01	1	元宝回收使者	回收	-1	3	0	20	0	-1	-1	0	0	-1	4
1077	条条	-1	NpcTitle_9	99	0	50001	97	101	1	1090	1	0	你好，勇士，在这危急的时刻能看到你真是太好了	-1	337	npc106	gwdx01	1	钻石回收使者	钻石回收	-1	3	0	40	0	-1	-1	0	0	-1	4
1078	守护地图	-1	NpcTitle_43	99	0	50168	48	44	1	1055	1	0	你好，勇士，在这危急的时刻能看到你真是太好了	-1	368	npc106	gwdx01	1	守护地图	-1	-1	3	0	20	0	-1	-1	0	-1	-1	2
1079	困惑魔殿	-1	NpcTitle_10	99	0	50001	91	104	1	1055	1	0	你好，勇士，在这危急的时刻能看到你真是太好了	-1	357	npc106	gwdx01	1	困惑魔殿	-1	-1	3	0	20	0	-1	-1	0	1	-1	2
1080	魔源峰谷	-1	NpcTitle_11	99	0	50001	88	107	1	1055	1	0	你好，勇士，在这危急的时刻能看到你真是太好了	-1	357	npc106	gwdx01	1	魔源峰谷	-1	-1	3	0	20	0	-1	-1	0	1	-1	2
1081	绝情海岛	-1	NpcTitle_12	99	0	50001	85	110	1	1055	1	0	你好，勇士，在这危急的时刻能看到你真是太好了	-1	357	npc106	gwdx01	1	绝情海岛	-1	-1	3	0	20	0	-1	-1	0	1	-1	2
1082	幽冥地宫	-1	NpcTitle_13	99	0	50001	82	113	1	1055	1	0	你好，勇士，在这危急的时刻能看到你真是太好了	-1	357	npc106	gwdx01	1	幽冥地宫	-1	-1	3	0	20	0	-1	-1	0	1	-1	2
1083	魔界一层	-1	NpcTitle_14	99	0	50001	81	123	1	1055	1	0	你好，勇士，在这危急的时刻能看到你真是太好了	-1	358	npc106	gwdx01	1	魔界一层	-1	-1	3	0	20	0	-1	-1	0	1	-1	2
1084	特权副本	-1	NpcTitle_15	99	0	-1	40	97	1	1055	1	0	你好，勇士，在这危急的时刻能看到你真是太好了	-1	232	npc106	gwdx01	1	特权副本	-1	-1	3	0	20	0	-1	-1	0	1	-1	2
1085	地下宫殿	-1	NpcTitle_16	99	0	50001	112	124	1	1055	1	0	你好，勇士，在这危急的时刻能看到你真是太好了	-1	361	npc106	gwdx01	1	地下宫殿	-1	-1	3	0	20	0	-1	-1	0	1	-1	2
1086	地下宫殿	-1	NpcTitle_16	99	0	50096	46	41	1	1055	1	0	你好，勇士，在这危急的时刻能看到你真是太好了	-1	361	npc106	gwdx01	1	地下宫殿	-1	-1	3	0	20	0	-1	-1	0	1	-1	2
1087	地下宫殿	-1	NpcTitle_16	99	0	50097	51	51	1	1055	1	0	你好，勇士，在这危急的时刻能看到你真是太好了	-1	361	npc107	gwdx02	1	地下宫殿	-1	-1	3	0	20	0	-1	-1	0	1	-1	2
1088	地下宫殿	-1	NpcTitle_16	99	0	50156	37	45	1	1055	1	0	你好，勇士，在这危急的时刻能看到你真是太好了	-1	361	npc107	gwdx02	1	地下宫殿	-1	-1	3	0	20	0	-1	-1	0	1	-1	2
1089	地下宫殿	-1	NpcTitle_16	99	0	50168	54	39	1	1055	1	0	你好，勇士，在这危急的时刻能看到你真是太好了	-1	361	npc107	gwdx02	1	地下宫殿	-1	-1	3	0	20	0	-1	-1	0	1	-1	2
1090	冰峰雪域	-1	NpcTitle_17	99	0	50001	87	129	1	1055	1	0	你好，勇士，在这危急的时刻能看到你真是太好了	-1	366	npc106	gwdx01	1	冰峰雪域	-1	-1	3	0	20	0	-1	-1	0	1	-1	2
1091	烈焰战场	-1	NpcTitle_17	99	0	50001	90	132	1	1055	1	0	你好，勇士，在这危急的时刻能看到你真是太好了	-1	360	npc106	gwdx01	1	烈焰战场	-1	-1	3	0	20	0	-1	-1	0	1	-1	2
1092	镜霖	-1	-1	99	0	50001	138	134	1	0	0	0	有时候命运很爱捉弄人，而我只是想守一个喜欢的人而已。	-1	322	npc106	gwdx01	3	-1	-1	-1	3	0	20	0	-1	-1	0	-1	-1	4
1093	剑雨生	-1	NpcTitle_18	99	0	50001	151	114	1	1059	0	0	那是一个风雨交加的夜晚，而我却只能屈居第二。悲哉悲哉！！！	-1	322	npc106	gwdx01	3	-1	-1	-1	3	0	20	0	-1	-1	0	-1	-1	4
1094	天无痕	-1	-1	99	0	50001	108	76	1	0	0	0	别人经常叫我天爷，而我更喜欢别人叫我无痕剑客。而圣妖世界里，最让人害怕的名字其实是“炼狱刀狂”。其实我已经很久不用刀了！	-1	308	npc106	gwdx01	3	-1	-1	-1	3	0	20	0	-1	-1	0	-1	-1	4
1095	周倩	-1	-1	99	0	50106	206	66	1	0	0	0	面朝大海，春暖花开。未有他人伴，不知哪人是否过的可好。	-1	314	npc106	gwdx01	4	-1	-1	-1	3	0	20	0	-1	-1	0	-1	-1	4
1096	醉晓生	-1	-1	99	0	50106	181	43	1	0	0	0	他们都以为我整天醉醺醺的，其实我才是最清醒。你去帮她问问看到底为何，不过不要直接找他。	-1	317	npc106	gwdx01	5	-1	-1	-1	3	0	20	0	-1	-1	0	-1	-1	4
1097	贵族	-1	-1	99	0	50106	156	69	1	0	0	0	单身贵族最精神，我什么都不知道。知道了也不会说，听说他经常在圣坛附近出没。	-1	319	npc106	gwdx01	6	-1	-1	-1	3	0	20	0	-1	-1	0	-1	-1	4
1098	朱开	-1	-1	99	0	50106	150	120	1	0	0	0	可能我是入了魔咒，可能我命犯天煞孤星。当初把她赶走，到底是对是错！	-1	332	npc106	gwdx01	7	-1	-1	-1	3	0	20	0	-1	-1	0	-1	-1	4
1099	拓跋虹	-1	-1	99	0	50107	108	116	1	0	0	0	刁萌任性！我生了孩子，我最大，你就得听我的。	-1	340	npc106	gwdx01	4	-1	-1	-1	3	0	20	0	-1	-1	0	-1	-1	4
1100	塞冥	-1	-1	99	0	50105	162	102	1	0	0	0	你知道吗，曾经不可一世的拓跋王，现在整天都在换尿布。哈哈哈哈哈	-1	330	npc106	gwdx01	5	-1	-1	-1	3	0	20	0	-1	-1	0	-1	-1	4
1101	舟可	-1	-1	99	0	50105	142	65	1	0	0	0	水至清则无鱼，人至察则无徒。何为不惑，年轻人总是迷失在不惑上面。	-1	328	npc106	gwdx01	6	-1	-1	-1	3	0	20	0	-1	-1	0	-1	-1	4
1102	拓跋永庆	-1	-1	99	0	50105	203	27	1	0	0	0	生死有命，富贵在天。出来混的最重要是要讲信用！	-1	312	npc106	gwdx01	7	-1	-1	-1	3	0	20	0	-1	-1	0	-1	-1	4
1103	廉狂	-1	NpcTitle_19	99	0	50001	154	111	1	1092	0	0	那是一个风雨交加的夜晚，而我却只能屈居第二。悲哉悲哉！！！	-1	311	npc106	gwdx01	3	-1	-1	-1	3	0	20	0	-1	-1	0	-1	-1	4
1104	欧阳笑笑	-1	NpcTitle_20	99	0	50001	141	108	1	1057	0	0	那是一个风雨交加的夜晚，而我却只能屈居第二。悲哉悲哉！！！	-1	313	npc106	gwdx01	3	-1	-1	-1	3	0	20	0	-1	-1	0	-1	-1	4
1105	皇城守卫	-1	-1	99	0	50129	38	9	1	1094	0	0	那是一个风雨交加的夜晚，而我却只能屈居第二。悲哉悲哉！！！	-1	322	npc106	gwdx01	3	-1	-1	-1	3	0	20	0	-1	-1	0	-1	-1	4
1106	圣域战场	-1	NpcTitle_21	99	0	50001	84	126	1	1055	0	0	那是一个风雨交加的夜晚，而我却只能屈居第二。悲哉悲哉！！！	-1	359	npc106	gwdx01	3	圣域战场	-1	-1	3	0	20	0	-1	-1	0	1	-1	2
1107	兑换使者	-1	NpcTitle_22	99	0	50096	55	44	1	1093	0	0	生死有命，富贵在天。出来混的最重要是要讲信用！	-1	328	npc106	gwdx01	3	圣妖币兑换	-1	-1	3	0	20	0	-1	-1	0	0	-1	4
1108	舞娘	极限挑战10层	-1	99	0	50051	89	65	1	1086	1	0	别理我，我想静静	-1	307	npc106	gwdx01	1	一生全靠浪	-1	-1	3	0	20	0	-1	-1	0	-1	-1	4
1109	舞娘	极限挑战11层	-1	99	0	50135	89	65	1	1086	1	0	别理我，我想静静	-1	307	npc106	gwdx01	1	一生全靠浪	-1	-1	3	0	20	0	-1	-1	0	-1	-1	4
1110	舞娘	极限挑战12层	-1	99	0	50136	89	65	1	1086	1	0	别理我，我想静静	-1	307	npc106	gwdx01	1	一生全靠浪	-1	-1	3	0	20	0	-1	-1	0	-1	-1	4
1111	罪恶之地	-1	NpcTitle_46	99	0	50001	94	101	1	1055	1	0	你好，勇士，在这危急的时刻能看到你真是太好了	-1	357	npc106	gwdx01	1	罪恶之地	-1	-1	3	0	20	0	-1	-1	0	1	-1	2
1112	魔界二层	-1	NpcTitle_14	99	0	50096	32	41	1	1055	1	0	你好，勇士，在这危急的时刻能看到你真是太好了	-1	358	npc106	gwdx01	1	魔界二层	-1	-1	3	0	20	0	-1	-1	0	1	-1	2
1113	魔界三层	-1	NpcTitle_14	99	0	50097	31	33	1	1055	1	0	你好，勇士，在这危急的时刻能看到你真是太好了	-1	358	npc106	gwdx01	1	魔界三层	-1	-1	3	0	20	0	-1	-1	0	1	-1	2
1114	魔界四层	-1	NpcTitle_14	99	0	50156	21	38	1	1055	1	0	你好，勇士，在这危急的时刻能看到你真是太好了	-1	358	npc106	gwdx01	1	魔界四层	-1	-1	3	0	20	0	-1	-1	0	1	-1	2
1115	游侠	-1	NpcTitle_48	99	0	50096	22	33	1	1095	1	0	你好，勇士，在这危急的时刻能看到你真是太好了	-1	338	npc106	gwdx01	1	幸运值使者	-1	-1	3	0	20	0	-1	-1	0	0	-1	4
1116	异界使者	-1	NpcTitle_49	99	0	50096	25	33	1	1096	1	0	你好，勇士，在这危急的时刻能看到你真是太好了	-1	333	npc126	gwdx01	1	异界使者	-1	-1	3	0	20	0	-1	-1	0	0	-1	4
1117	赌神	-1	-1	99	0		21	31	1	1097	1	0	你好，勇士，在这危急的时刻能看到你真是太好了	-1	326	npc126	gwdx01	1	-1	-1	-1	3	0	20	0	-1	-1	0	-1	-1	4
1118	周倩	-1	-1	99	0	50074	44	121	1	0	1	0	刀呢，我的开山大砍刀呢。等下又可以做一票了！	-1	334	npc106	gwdx01	6	-1	-1	-1	3	0	20	0	-1	-1	0	-1	-1	4
1119	降魔道人	-1	NpcTitle_50	99	0	50001	80	91	1	1098	0	0	有时候命运很爱捉弄人，而我只是想守一个喜欢的人而已。	-1	233	npc106	gwdx01	1	降魔道人	-1	-1	3	0	20	0	-1	-1	0	0	-1	4
1120	试炼道人	-1	NpcTitle_51	99	0	50001	63	134	1	1099	1	0	刀呢，我的开山大砍刀呢。等下又可以做一票了！	-1	311	npc126	gwdx01	1	试炼道人	-1	-1	3	0	20	0	-1	-1	0	0	-1	4
1121	神秘商人	-1	NpcTitle_54	99	0	50096	43	44	1	1100	1	0	刀呢，我的开山大砍刀呢。等下又可以做一票了！	-1	238	npc106	gwdx01	1	神秘商人	-1	-1	3	0	20	0	-1	-1	0	0	-1	4
1122	神秘商人	-1	NpcTitle_54	99	0	50097	47	51	1	1100	1	0	刀呢，我的开山大砍刀呢。等下又可以做一票了！	-1	238	npc106	gwdx01	1	神秘商人	-1	-1	3	0	20	0	-1	-1	0	0	-1	4
1123	神秘商人	-1	NpcTitle_54	99	0	50156	38	22	1	1100	1	0	刀呢，我的开山大砍刀呢。等下又可以做一票了！	-1	238	npc106	gwdx01	1	神秘商人	-1	-1	3	0	20	0	-1	-1	0	0	-1	4
1124	武魂大师	-1	NpcTitle_53	99	0	50096	39	45	1	1101	1	0	刀呢，我的开山大砍刀呢。等下又可以做一票了！	-1	215	npc106	gwdx01	1	武魂大师	-1	-1	3	0	20	0	-1	-1	0	0	-1	4
1125	武魂大师	-1	NpcTitle_53	99	0	50097	44	51	1	1101	1	0	刀呢，我的开山大砍刀呢。等下又可以做一票了！	-1	215	npc106	gwdx01	1	武魂大师	-1	-1	3	0	20	0	-1	-1	0	0	-1	4
1126	武魂大师	-1	NpcTitle_53	99	0	50156	41	25	1	1101	1	0	刀呢，我的开山大砍刀呢。等下又可以做一票了！	-1	215	npc106	gwdx01	1	武魂大师	-1	-1	3	0	20	0	-1	-1	0	0	-1	4
1127	追龙者	-1	-1	99	0	50096	50	19	1	0	1	0	不要害怕做错什么，即使错了，也不必懊恼，人生就是对对错错，何况有许多事，回头看来，对错已经无所谓了。	-1	225	npc106	gwdx01	1	-1	-1	-1	3	0	20	0	-1	-1	0	-1	-1	4
1128	大长老	-1	-1	99	0	50097	31	38	1	1110	1	0	不要害怕做错什么，即使错了，也不必懊恼，人生就是对对错错，何况有许多事，回头看来，对错已经无所谓了。	-1	104	npc106	gwdx01	1	神装大长老	-1	-1	3	0	20	0	-1	-1	0	0	-1	4
1129	空虚公子	-1	NpcTitle_67	99	0	50096	55	23	1	1116	1	0	不要害怕做错什么，即使错了，也不必懊恼，人生就是对对错错，何况有许多事，回头看来，对错已经无所谓了。	-1	329	npc106	gwdx01	1	空虚公子	-1	-1	3	0	20	0	-1	-1	0	-1	-1	4
1130	神秘商人	-1	NpcTitle_54	99	0	50168	46	25	1	1100	1	0	刀呢，我的开山大砍刀呢。等下又可以做一票了！	-1	238	npc106	gwdx01	1	神秘商人	-1	-1	3	0	20	0	-1	-1	0	0	-1	4
1131	武魂大师	-1	NpcTitle_53	99	0	50168	50	28	1	1101	1	0	刀呢，我的开山大砍刀呢。等下又可以做一票了！	-1	215	npc106	gwdx01	1	武魂大师	-1	-1	3	0	20	0	-1	-1	0	0	-1	4
1132	渡魔	-1	NpcTitle_55	99	0	50168	54	32	1	1103	0	0	那是一个风雨交加的夜晚，而我却只能屈居第二。悲哉悲哉！！！	-1	235	npc126	gwdx01	3	议会长老	-1	-1	3	0	20	0	-1	-1	0	0	-1	4
1133	植树使者	-1	-1	-1	-1	-1	-1	-1	-1	-1	-1	-1	-1	-1	-1	-1	-1	-1	-1	-1	-1	-1	-1	-1	-1	-1	-1	-1	-1	-1	4
1134	魔界商人	-1	NpcTitle_69	99	0	50097	31	42	1	1119	0	0	那是一个风雨交加的夜晚，而我却只能屈居第二。悲哉悲哉！！！	-1	344	npc126	gwdx01	3	魔界商人	-1	-1	3	0	20	0	-1	-1	0	0	-1	4
1135	爵位地图	-1	NpcTitle_42	99	0	50168	42	50	1	1055	1	0	你好，勇士，在这危急的时刻能看到你真是太好了	-1	364	npc106	gwdx01	1	爵位地图	-1	-1	3	0	20	0	-1	-1	0	1	-1	2
1136	怒	-1	NpcTitle_81	99	0	50181	51	23	1	1128	1	0	不要害怕做错什么，即使错了，也不必懊恼，人生就是对对错错，何况有许多事，回头看来，对错已经无所谓了。	-1	352	npc106	gwdx01	1	-1	-1	-1	3	0	20	0	-1	-1	0	-1	-1	4
1137	忧	-1	NpcTitle_82	99	0	50181	62	22	1	1129	1	0	不要害怕做错什么，即使错了，也不必懊恼，人生就是对对错错，何况有许多事，回头看来，对错已经无所谓了。	-1	353	npc106	gwdx01	1	-1	-1	-1	3	0	20	0	-1	-1	0	-1	-1	4
1138	村长	-1	-1	99	0	50181	49	15	1	1131	1	0	贪欲天生，心魔自悟。神佛不恕，唯我自渡！我欲乘风归去，又恐心魔锁魂，奈何奈何！	-1	354	npc106	gwdx01	1	村长	-1	-1	3	0	20	0	-1	-1	0	1	#f5e8bf|1.心魔怪物吸收了心魔之地的魔气，对普通攻击会有|#00ff00|95%|#f5e8bf|的免疫！|n2.心魔攻击和心魔防御对心魔怪物会有|#00ff00|70倍|#f5e8bf|的效果！|n3.心魔野外地图开启时间是|#00ff00|12点-24点|#f5e8bf|，24点之后会被强制驱赶且|#00ff00|清空心魔背包|#f5e8bf|！|n4.心魔野外地图只能使用|#00ff00|撤离卷轴|#f5e8bf|才能带出心魔装备和对应材料！|n5.心魔野外地图死亡会掉落|#00ff00|销毁或掉落|#f5e8bf|所有的心魔背包内的物品！|n6.人物死亡会有|#00ff00|概率掉落|#f5e8bf|身上穿戴的心魔装备！|n7.心魔地图获得的心魔装备需要|#00ff00|净化|#f5e8bf|才能正常穿戴！	4
1139	心魔地图	-1	NpcTitle_80	99	0	50181	43	19	1	1055	1	0	你好，勇士，在这危急的时刻能看到你真是太好了	-1	350	npc106	gwdx01	1	心魔地图	-1	-1	3	0	20	0	-1	-1	0	1	-1	4
1140	村长	-1	NpcTitle_79	99	0	50097	25	36	1	1055	1	0	你好，勇士，在这危急的时刻能看到你真是太好了	-1	354	npc106	gwdx01	1	心魔村	-1	-1	3	0	20	0	-1	-1	0	1	-1	4
1141	踏青使者	-1	NpcTitle_78	99	0		93	49	1	1130	0	0	有时候命运很爱捉弄人，而我只是想守一个喜欢的人而已。	-1	324	npc106	gwdx01	3	踏青使者	-1	-1	3	0	20	0	-1	-1	0	-1	-1	4
1142	喜	-1	NpcTitle_83	99	0	50181	67	27	1	1132	1	0	不要害怕做错什么，即使错了，也不必懊恼，人生就是对对错错，何况有许多事，回头看来，对错已经无所谓了。	-1	355	npc106	gwdx01	1	-1	-1	-1	3	0	20	0	-1	-1	0	-1	-1	4
1143	思	-1	NpcTitle_84	99	0	50181	58	18	1	1133	1	0	不要害怕做错什么，即使错了，也不必懊恼，人生就是对对错错，何况有许多事，回头看来，对错已经无所谓了。	-1	356	npc106	gwdx01	1	-1	-1	-1	3	0	20	0	-1	-1	0	-1	-1	4
1144	融合鼎	-1	NpcTitle_87	99	0	50097	44	58	1	1134	1	0	天人报应,尚堕渺茫;上下融合,实关激劝	-1	369	npc106	gwdx01	1	融合鼎	-1	-1	3	0	30	0	-1	-1	0	-1	-1	4
1145	融合尊者	-1	-1	99	0	50097	41	61	1	0	1	0	我从太虚之地发现了这口神鼎，它有着可以将两件装备属性融合的奇能，只是它对融合晶石的消耗量太大，我难以控制	-1	127	npc106	gwdx01	1	融合尊者	-1	-1	3	0	20	0	-1	-1	0	-1	-1	4
1146	充值副本	-1	NpcTitle_88	99	0	50001	115	121	1	1143	1	0	你好，勇士，在这危急的时刻能看到你真是太好了	-1	2	npc106	gwdx01	1	充值副本	-1	-1	3	0	20	0	-1	-1	0	-1	-1	4
1200	胡二	-1	-1	99	0	50116	48	83	1	0	0	0	任眼前纷纷扰扰，我自怡然而钓。	-1	317	npc106	gwdx01	1	-1	-1	-1	3	0	20	0	-1	-1	0	-1	-1	4
2001	传送祭坛	-1	NpcTitle_23	99	0	50096	39	35	1	1055	1	0	你好，勇士，在这危急的时刻能看到你真是太好了	-1	11	npc106	gwdx01	1	传送祭坛	传送	-1	3	0	20	0	-1	-1	0	1	-1	4
2002	传送祭坛	-1	NpcTitle_24	99	0	50097	42	41	1	1055	1	0	你好，勇士，在这危急的时刻能看到你真是太好了	-1	11	npc106	gwdx01	1	传送祭坛	传送	-1	3	0	20	0	-1	-1	0	1	-1	4
2003	传送祭坛	-1	NpcTitle_25	99	0	50156	34	32	1	1055	1	0	你好，勇士，在这危急的时刻能看到你真是太好了	-1	11	npc106	gwdx01	1	传送祭坛	传送	-1	3	0	20	0	-1	-1	0	1	-1	4
2004	极寒之地1层	-1	NpcTitle_26	99	0	50096	30	36	1	1055	1	0	你好，勇士，在这危急的时刻能看到你真是太好了	-1	365	npc106	gwdx01	1	极寒之地1层	-1	-1	3	0	20	0	-1	-1	0	1	-1	2
2005	极寒之地2层	-1	NpcTitle_27	99	0	50096	31	31	1	1055	1	0	你好，勇士，在这危急的时刻能看到你真是太好了	-1	365	npc106	gwdx01	1	极寒之地2层	-1	-1	3	0	20	0	-1	-1	0	1	-1	2
2006	落日峡谷1层	-1	NpcTitle_28	99	0	50096	35	28	1	1055	1	0	你好，勇士，在这危急的时刻能看到你真是太好了	-1	365	npc106	gwdx01	1	落日峡谷1层	-1	-1	3	0	20	0	-1	-1	0	1	-1	2
2007	落日峡谷2层	-1	NpcTitle_29	99	0	50096	39	27	1	1055	1	0	你好，勇士，在这危急的时刻能看到你真是太好了	-1	365	npc106	gwdx01	1	落日峡谷2层	-1	-1	3	0	20	0	-1	-1	0	1	-1	2
2008	沙漠圣地1层	-1	NpcTitle_30	99	0	50097	35	31	1	1055	1	0	你好，勇士，在这危急的时刻能看到你真是太好了	-1	363	npc106	gwdx01	1	沙漠圣地1层	-1	-1	3	0	20	0	-1	-1	0	1	-1	2
2009	沙漠圣地2层	-1	NpcTitle_31	99	0	50097	39	31	1	1055	1	0	你好，勇士，在这危急的时刻能看到你真是太好了	-1	363	npc106	gwdx01	1	沙漠圣地2层	-1	-1	3	0	20	0	-1	-1	0	1	-1	2
2010	万毒鬼窟1层	-1	NpcTitle_32	99	0	50097	43	31	1	1055	1	0	你好，勇士，在这危急的时刻能看到你真是太好了	-1	363	npc106	gwdx01	1	万毒鬼窟1层	-1	-1	3	0	20	0	-1	-1	0	1	-1	2
2011	万毒鬼窟2层	-1	NpcTitle_33	99	0	50097	47	31	1	1055	1	0	你好，勇士，在这危急的时刻能看到你真是太好了	-1	363	npc106	gwdx01	1	万毒鬼窟2层	-1	-1	3	0	20	0	-1	-1	0	1	-1	2
2012	星空回廊1层	-1	NpcTitle_34	99	0	50156	32	20	1	1055	1	0	你好，勇士，在这危急的时刻能看到你真是太好了	-1	362	npc106	gwdx01	1	星空回廊1层	-1	-1	3	0	20	0	-1	-1	0	1	-1	2
2013	星空回廊2层	-1	NpcTitle_35	99	0	50156	28	24	1	1055	1	0	你好，勇士，在这危急的时刻能看到你真是太好了	-1	362	npc106	gwdx01	1	星空回廊2层	-1	-1	3	0	20	0	-1	-1	0	1	-1	2
2014	秦皇地宫1层	-1	NpcTitle_36	99	0	50156	24	28	1	1055	1	0	你好，勇士，在这危急的时刻能看到你真是太好了	-1	367	npc106	gwdx01	1	秦皇地宫1层	-1	-1	3	0	20	0	-1	-1	0	1	-1	2
2015	秦皇地宫2层	-1	NpcTitle_37	99	0	50156	20	32	1	1055	1	0	你好，勇士，在这危急的时刻能看到你真是太好了	-1	367	npc106	gwdx01	1	秦皇地宫2层	-1	-1	3	0	20	0	-1	-1	0	1	-1	2
2016	雷霆广场1层	-1	NpcTitle_38	99	0	50168	35	22	1	1055	1	0	你好，勇士，在这危急的时刻能看到你真是太好了	-1	366	npc106	gwdx01	1	雷霆广场1层	-1	-1	3	0	20	0	-1	-1	0	0	-1	2
2017	雷霆广场2层	-1	NpcTitle_39	99	0	50168	31	26	1	1055	1	0	你好，勇士，在这危急的时刻能看到你真是太好了	-1	366	npc106	gwdx01	1	雷霆广场2层	-1	-1	3	0	20	0	-1	-1	0	0	-1	2
2018	炼狱回廊1层	-1	NpcTitle_40	99	0	50168	27	29	1	1055	1	0	你好，勇士，在这危急的时刻能看到你真是太好了	-1	366	npc106	gwdx01	1	炼狱回廊1层	-1	-1	3	0	20	0	-1	-1	0	0	-1	2
2019	炼狱回廊2层	-1	NpcTitle_41	99	0	50168	23	33	1	1055	1	0	你好，勇士，在这危急的时刻能看到你真是太好了	-1	366	npc106	gwdx01	1	炼狱回廊2层	-1	-1	3	0	20	0	-1	-1	0	0	-1	2
2020	天宝	-1	NpcTitle_52	99	0	50001	148	117	1	1102	0	0	那是一个风雨交加的夜晚，而我却只能屈居第二。悲哉悲哉！！！	-1	212	npc106	gwdx01	3	-1	-1	-1	3	0	20	0	-1	-1	0	-1	-1	4
3000	渡魔	-1	NpcTitle_55	99	0	50096	35	44	1	1103	0	0	那是一个风雨交加的夜晚，而我却只能屈居第二。悲哉悲哉！！！	-1	235	npc126	gwdx01	3	议会长老	-1	-1	3	0	20	0	-1	-1	0	0	-1	4
3001	渡魔	-1	NpcTitle_55	99	0	50097	41	51	1	1103	0	0	那是一个风雨交加的夜晚，而我却只能屈居第二。悲哉悲哉！！！	-1	235	npc126	gwdx01	3	议会长老	-1	-1	3	0	20	0	-1	-1	0	0	-1	4
3002	渡魔	-1	NpcTitle_55	99	0	50156	44	28	1	1103	0	0	那是一个风雨交加的夜晚，而我却只能屈居第二。悲哉悲哉！！！	-1	235	npc126	gwdx01	3	议会长老	-1	-1	3	0	20	0	-1	-1	0	0	-1	4
3003	灵狱使者	-1	NpcTitle_56	99	0	50096	33	16	1	1104	0	0	我的背包中有三百卷画圈，你相信不。都是自己画的，有点羡慕毕加索，生前的画就已经登堂入室！	-1	337	npc106	gwdx01	3	灵狱使者	-1	-1	3	0	20	0	-1	-1	0	0	-1	4
3004	人族奸细	-1	-1	99	0	50166	28	12	1	1105	0	0	我的背包中有三百卷画圈，你相信不。都是自己画的，有点羡慕毕加索，生前的画就已经登堂入室！	-1	206	npc106	gwdx01	3	-1	-1	-1	3	0	-8	0	-1	-1	0	-1	-1	4
3005	鬼谷道人	-1	NpcTitle_57	99	0	50001	101	105	1	1106	1	0	刀呢，我的开山大砍刀呢。等下又可以做一票了！	-1	222	npc106	gwdx01	1	鬼谷道人	-1	-1	3	0	20	0	-1	-1	0	0	-1	4
3006	鬼谷道人	-1	NpcTitle_57	99	0	50096	43	20	1	1106	1	0	刀呢，我的开山大砍刀呢。等下又可以做一票了！	-1	222	npc106	gwdx01	1	鬼谷道人	-1	-1	3	0	20	0	-1	-1	0	0	-1	4
3007	鬼谷道人	-1	NpcTitle_57	99	0	50097	38	51	1	1106	1	0	刀呢，我的开山大砍刀呢。等下又可以做一票了！	-1	222	npc106	gwdx01	1	鬼谷道人	-1	-1	3	0	20	0	-1	-1	0	0	-1	4
3008	鬼谷道人	-1	NpcTitle_57	99	0	50156	47	31	1	1106	1	0	刀呢，我的开山大砍刀呢。等下又可以做一票了！	-1	222	npc106	gwdx01	1	鬼谷道人	-1	-1	3	0	20	0	-1	-1	0	0	-1	4
3010	锻造大师	-1	NpcTitle_58	99	0	50096	17	40	1	1107	1	0	刀呢，我的开山大砍刀呢。等下又可以做一票了！	-1	206	npc106	gwdx01	1	锻造大师	-1	-1	3	0	20	0	-1	-1	0	0	-1	4
3011	锻造大师	-1	NpcTitle_58	99	0	50097	35	51	1	1107	1	0	刀呢，我的开山大砍刀呢。等下又可以做一票了！	-1	206	npc106	gwdx01	1	锻造大师	-1	-1	3	0	20	0	-1	-1	0	0	-1	4
3012	锻造大师	-1	NpcTitle_58	99	0	50156	34	48	1	1107	1	0	刀呢，我的开山大砍刀呢。等下又可以做一票了！	-1	206	npc106	gwdx01	1	锻造大师	-1	-1	3	0	20	0	-1	-1	0	0	-1	4
3013	锻造大师	-1	NpcTitle_58	99	0	50168	42	21	1	1107	1	0	刀呢，我的开山大砍刀呢。等下又可以做一票了！	-1	206	npc106	gwdx01	1	锻造大师	-1	-1	3	0	20	0	-1	-1	0	0	-1	4
3014	封魔古僧	-1	NpcTitle_59	99	0	50001	99	103	1	1063	1	0	刀呢，我的开山大砍刀呢。等下又可以做一票了！	-1	306	npc106	gwdx01	1	魔宫守卫	-1	-1	3	0	20	0	-1	-1	0	0	-1	4
3015	轮回使者	-1	NpcTitle_60	99	0	50096	20	36	1	1108	1	0	刀呢，我的开山大砍刀呢。等下又可以做一票了！	-1	336	npc106	gwdx01	1	轮回使者	-1	-1	3	0	20	0	-1	-1	0	0	-1	4
3016	轮回守护者	-1	-1	99	0	51000	31	35	1	0	1	0	入轮回，求长生！千秋万载，怕是一朝幽梦。|n右侧任务栏可以摇骰子进入下一层。	-1	336	npc106	gwdx01	1	-1	-1	-1	3	0	20	0	-1	-1	0	0	-1	4
3017	天工熔炉	-1	NpcTitle_68	99	0	60100	33	40	1	1118	1	0	我用双手，成就你的梦想！	-1	347	npc106	gwdx01	1	天工熔炉	-1	-1	3	0	20	0	-1	-1	0	0	-1	4
3018	魔界封印	-1	NpcTitle_70	99	0		156	124	1	1120	1	0	入轮回，求长生！千秋万载，怕是一朝幽梦。	-1	348	npc106	gwdx01	1	-1	-1	-1	3	0	20	0	-1	-1	0	0	-1	4
3101	轮回守护者	-1	-1	99	0	51001	31	35	1	1109	1	0	刀呢，我的开山大砍刀呢。等下又可以做一票了！	-1	336	npc106	gwdx01	1	-1	-1	-1	3	0	20	0	-1	-1	0	-1	-1	4
3102	轮回守护者	-1	-1	99	0	51002	31	35	1	1109	1	0	刀呢，我的开山大砍刀呢。等下又可以做一票了！	-1	336	npc106	gwdx01	1	-1	-1	-1	3	0	20	0	-1	-1	0	-1	-1	4
3103	轮回守护者	-1	-1	99	0	51003	31	35	1	1109	1	0	刀呢，我的开山大砍刀呢。等下又可以做一票了！	-1	336	npc106	gwdx01	1	-1	-1	-1	3	0	20	0	-1	-1	0	-1	-1	4
3104	轮回守护者	-1	-1	99	0	51004	31	35	1	1109	1	0	刀呢，我的开山大砍刀呢。等下又可以做一票了！	-1	336	npc106	gwdx01	1	-1	-1	-1	3	0	20	0	-1	-1	0	-1	-1	4
3105	轮回守护者	-1	-1	99	0	51006	31	35	1	1109	1	0	刀呢，我的开山大砍刀呢。等下又可以做一票了！	-1	336	npc106	gwdx01	1	-1	-1	-1	3	0	20	0	-1	-1	0	-1	-1	4
3106	轮回守护者	-1	-1	99	0	51008	31	35	1	1109	1	0	刀呢，我的开山大砍刀呢。等下又可以做一票了！	-1	336	npc106	gwdx01	1	-1	-1	-1	3	0	20	0	-1	-1	0	-1	-1	4
3107	轮回守护者	-1	-1	99	0	51009	31	35	1	1109	1	0	刀呢，我的开山大砍刀呢。等下又可以做一票了！	-1	336	npc106	gwdx01	1	-1	-1	-1	3	0	20	0	-1	-1	0	-1	-1	4
3108	轮回守护者	-1	-1	99	0	51011	31	35	1	1109	1	0	刀呢，我的开山大砍刀呢。等下又可以做一票了！	-1	336	npc106	gwdx01	1	-1	-1	-1	3	0	20	0	-1	-1	0	-1	-1	4
3109	轮回守护者	-1	-1	99	0	51012	31	35	1	1109	1	0	刀呢，我的开山大砍刀呢。等下又可以做一票了！	-1	336	npc106	gwdx01	1	-1	-1	-1	3	0	20	0	-1	-1	0	-1	-1	4
3110	轮回守护者	-1	-1	99	0	51013	31	35	1	1109	1	0	刀呢，我的开山大砍刀呢。等下又可以做一票了！	-1	336	npc106	gwdx01	1	-1	-1	-1	3	0	20	0	-1	-1	0	-1	-1	4
3111	轮回守护者	-1	-1	99	0	51014	31	35	1	1109	1	0	刀呢，我的开山大砍刀呢。等下又可以做一票了！	-1	336	npc106	gwdx01	1	-1	-1	-1	3	0	20	0	-1	-1	0	-1	-1	4
3112	轮回守护者	-1	-1	99	0	51016	31	35	1	1109	1	0	刀呢，我的开山大砍刀呢。等下又可以做一票了！	-1	336	npc106	gwdx01	1	-1	-1	-1	3	0	20	0	-1	-1	0	-1	-1	4
3113	轮回守护者	-1	-1	99	0	51018	31	35	1	1109	1	0	刀呢，我的开山大砍刀呢。等下又可以做一票了！	-1	336	npc106	gwdx01	1	-1	-1	-1	3	0	20	0	-1	-1	0	-1	-1	4
3114	轮回守护者	-1	-1	99	0	51019	31	35	1	1109	1	0	刀呢，我的开山大砍刀呢。等下又可以做一票了！	-1	336	npc106	gwdx01	1	-1	-1	-1	3	0	20	0	-1	-1	0	-1	-1	4
3115	轮回守护者	-1	-1	99	0	51021	31	35	1	1109	1	0	刀呢，我的开山大砍刀呢。等下又可以做一票了！	-1	336	npc106	gwdx01	1	-1	-1	-1	3	0	20	0	-1	-1	0	-1	-1	4
3116	轮回守护者	-1	-1	99	0	51022	31	35	1	1109	1	0	刀呢，我的开山大砍刀呢。等下又可以做一票了！	-1	336	npc106	gwdx01	1	-1	-1	-1	3	0	20	0	-1	-1	0	-1	-1	4
3117	轮回守护者	-1	-1	99	0	51023	31	35	1	1109	1	0	刀呢，我的开山大砍刀呢。等下又可以做一票了！	-1	336	npc106	gwdx01	1	-1	-1	-1	3	0	20	0	-1	-1	0	-1	-1	4
3118	轮回守护者	-1	-1	99	0	51024	31	35	1	1109	1	0	刀呢，我的开山大砍刀呢。等下又可以做一票了！	-1	336	npc106	gwdx01	1	-1	-1	-1	3	0	20	0	-1	-1	0	-1	-1	4
3119	轮回守护者	-1	-1	99	0	51026	31	35	1	1109	1	0	刀呢，我的开山大砍刀呢。等下又可以做一票了！	-1	336	npc106	gwdx01	1	-1	-1	-1	3	0	20	0	-1	-1	0	-1	-1	4
3120	轮回守护者	-1	-1	99	0	51028	31	35	1	1109	1	0	刀呢，我的开山大砍刀呢。等下又可以做一票了！	-1	336	npc106	gwdx01	1	-1	-1	-1	3	0	20	0	-1	-1	0	-1	-1	4
3121	轮回守护者	-1	-1	99	0	51029	31	35	1	1109	1	0	刀呢，我的开山大砍刀呢。等下又可以做一票了！	-1	336	npc106	gwdx01	1	-1	-1	-1	3	0	20	0	-1	-1	0	-1	-1	4
3122	轮回守护者	-1	-1	99	0	51031	31	35	1	1109	1	0	刀呢，我的开山大砍刀呢。等下又可以做一票了！	-1	336	npc106	gwdx01	1	-1	-1	-1	3	0	20	0	-1	-1	0	-1	-1	4
3123	轮回守护者	-1	-1	99	0	51032	31	35	1	1109	1	0	刀呢，我的开山大砍刀呢。等下又可以做一票了！	-1	336	npc106	gwdx01	1	-1	-1	-1	3	0	20	0	-1	-1	0	-1	-1	4
3124	轮回守护者	-1	-1	99	0	51033	31	35	1	1109	1	0	刀呢，我的开山大砍刀呢。等下又可以做一票了！	-1	336	npc106	gwdx01	1	-1	-1	-1	3	0	20	0	-1	-1	0	-1	-1	4
3125	轮回守护者	-1	-1	99	0	51034	31	35	1	1109	1	0	刀呢，我的开山大砍刀呢。等下又可以做一票了！	-1	336	npc106	gwdx01	1	-1	-1	-1	3	0	20	0	-1	-1	0	-1	-1	4
3126	轮回守护者	-1	-1	99	0	51036	31	35	1	1109	1	0	刀呢，我的开山大砍刀呢。等下又可以做一票了！	-1	336	npc106	gwdx01	1	-1	-1	-1	3	0	20	0	-1	-1	0	-1	-1	4
3127	轮回守护者	-1	-1	99	0	51038	31	35	1	1109	1	0	刀呢，我的开山大砍刀呢。等下又可以做一票了！	-1	336	npc106	gwdx01	1	-1	-1	-1	3	0	20	0	-1	-1	0	-1	-1	4
3128	轮回守护者	-1	-1	99	0	51039	31	35	1	1109	1	0	刀呢，我的开山大砍刀呢。等下又可以做一票了！	-1	336	npc106	gwdx01	1	-1	-1	-1	3	0	20	0	-1	-1	0	-1	-1	4
3129	轮回守护者	-1	-1	99	0	51041	31	35	1	1109	1	0	刀呢，我的开山大砍刀呢。等下又可以做一票了！	-1	336	npc106	gwdx01	1	-1	-1	-1	3	0	20	0	-1	-1	0	-1	-1	4
3130	轮回守护者	-1	-1	99	0	51042	31	35	1	1109	1	0	刀呢，我的开山大砍刀呢。等下又可以做一票了！	-1	336	npc106	gwdx01	1	-1	-1	-1	3	0	20	0	-1	-1	0	-1	-1	4
3131	轮回守护者	-1	-1	99	0	51043	31	35	1	1109	1	0	刀呢，我的开山大砍刀呢。等下又可以做一票了！	-1	336	npc106	gwdx01	1	-1	-1	-1	3	0	20	0	-1	-1	0	-1	-1	4
3132	轮回守护者	-1	-1	99	0	51044	31	35	1	1109	1	0	刀呢，我的开山大砍刀呢。等下又可以做一票了！	-1	336	npc106	gwdx01	1	-1	-1	-1	3	0	20	0	-1	-1	0	-1	-1	4
3133	轮回守护者	-1	-1	99	0	51046	31	35	1	1109	1	0	刀呢，我的开山大砍刀呢。等下又可以做一票了！	-1	336	npc106	gwdx01	1	-1	-1	-1	3	0	20	0	-1	-1	0	-1	-1	4
3134	轮回守护者	-1	-1	99	0	51048	31	35	1	1109	1	0	刀呢，我的开山大砍刀呢。等下又可以做一票了！	-1	336	npc106	gwdx01	1	-1	-1	-1	3	0	20	0	-1	-1	0	-1	-1	4
3135	轮回守护者	-1	-1	99	0	51049	31	35	1	1109	1	0	刀呢，我的开山大砍刀呢。等下又可以做一票了！	-1	336	npc106	gwdx01	1	-1	-1	-1	3	0	20	0	-1	-1	0	-1	-1	4
3136	轮回守护者	-1	-1	99	0	51051	31	35	1	1109	1	0	刀呢，我的开山大砍刀呢。等下又可以做一票了！	-1	336	npc106	gwdx01	1	-1	-1	-1	3	0	20	0	-1	-1	0	-1	-1	4
3137	轮回守护者	-1	-1	99	0	51052	31	35	1	1109	1	0	刀呢，我的开山大砍刀呢。等下又可以做一票了！	-1	336	npc106	gwdx01	1	-1	-1	-1	3	0	20	0	-1	-1	0	-1	-1	4
3138	轮回守护者	-1	-1	99	0	51053	31	35	1	1109	1	0	刀呢，我的开山大砍刀呢。等下又可以做一票了！	-1	336	npc106	gwdx01	1	-1	-1	-1	3	0	20	0	-1	-1	0	-1	-1	4
3139	轮回守护者	-1	-1	99	0	51054	31	35	1	1109	1	0	刀呢，我的开山大砍刀呢。等下又可以做一票了！	-1	336	npc106	gwdx01	1	-1	-1	-1	3	0	20	0	-1	-1	0	-1	-1	4
3140	轮回守护者	-1	-1	99	0	51056	31	35	1	1109	1	0	刀呢，我的开山大砍刀呢。等下又可以做一票了！	-1	336	npc106	gwdx01	1	-1	-1	-1	3	0	20	0	-1	-1	0	-1	-1	4
3141	轮回守护者	-1	-1	99	0	51058	31	35	1	1109	1	0	刀呢，我的开山大砍刀呢。等下又可以做一票了！	-1	336	npc106	gwdx01	1	-1	-1	-1	3	0	20	0	-1	-1	0	-1	-1	4
3142	轮回守护者	-1	-1	99	0	51059	31	35	1	1109	1	0	刀呢，我的开山大砍刀呢。等下又可以做一票了！	-1	336	npc106	gwdx01	1	-1	-1	-1	3	0	20	0	-1	-1	0	-1	-1	4
3143	轮回守护者	-1	-1	99	0	51061	31	35	1	1109	1	0	刀呢，我的开山大砍刀呢。等下又可以做一票了！	-1	336	npc106	gwdx01	1	-1	-1	-1	3	0	20	0	-1	-1	0	-1	-1	4
3144	轮回守护者	-1	-1	99	0	51062	31	35	1	1109	1	0	刀呢，我的开山大砍刀呢。等下又可以做一票了！	-1	336	npc106	gwdx01	1	-1	-1	-1	3	0	20	0	-1	-1	0	-1	-1	4
3145	轮回守护者	-1	-1	99	0	51063	31	35	1	1109	1	0	刀呢，我的开山大砍刀呢。等下又可以做一票了！	-1	336	npc106	gwdx01	1	-1	-1	-1	3	0	20	0	-1	-1	0	-1	-1	4
3146	轮回守护者	-1	-1	99	0	51064	31	35	1	1109	1	0	刀呢，我的开山大砍刀呢。等下又可以做一票了！	-1	336	npc106	gwdx01	1	-1	-1	-1	3	0	20	0	-1	-1	0	-1	-1	4
3147	轮回守护者	-1	-1	99	0	51066	31	35	1	1109	1	0	刀呢，我的开山大砍刀呢。等下又可以做一票了！	-1	336	npc106	gwdx01	1	-1	-1	-1	3	0	20	0	-1	-1	0	-1	-1	4
3148	轮回守护者	-1	-1	99	0	51068	31	35	1	1109	1	0	刀呢，我的开山大砍刀呢。等下又可以做一票了！	-1	336	npc106	gwdx01	1	-1	-1	-1	3	0	20	0	-1	-1	0	-1	-1	4
3149	轮回守护者	-1	-1	99	0	51069	31	35	1	1109	1	0	刀呢，我的开山大砍刀呢。等下又可以做一票了！	-1	336	npc106	gwdx01	1	-1	-1	-1	3	0	20	0	-1	-1	0	-1	-1	4
3150	轮回守护者	-1	-1	99	0	51071	31	35	1	1109	1	0	刀呢，我的开山大砍刀呢。等下又可以做一票了！	-1	336	npc106	gwdx01	1	-1	-1	-1	3	0	20	0	-1	-1	0	-1	-1	4
3151	轮回守护者	-1	-1	99	0	51072	31	35	1	1109	1	0	刀呢，我的开山大砍刀呢。等下又可以做一票了！	-1	336	npc106	gwdx01	1	-1	-1	-1	3	0	20	0	-1	-1	0	-1	-1	4
3152	轮回守护者	-1	-1	99	0	51073	31	35	1	1109	1	0	刀呢，我的开山大砍刀呢。等下又可以做一票了！	-1	336	npc106	gwdx01	1	-1	-1	-1	3	0	20	0	-1	-1	0	-1	-1	4
3153	轮回守护者	-1	-1	99	0	51074	31	35	1	1109	1	0	刀呢，我的开山大砍刀呢。等下又可以做一票了！	-1	336	npc106	gwdx01	1	-1	-1	-1	3	0	20	0	-1	-1	0	-1	-1	4
3154	轮回守护者	-1	-1	99	0	51076	31	35	1	1109	1	0	刀呢，我的开山大砍刀呢。等下又可以做一票了！	-1	336	npc106	gwdx01	1	-1	-1	-1	3	0	20	0	-1	-1	0	-1	-1	4
3155	轮回守护者	-1	-1	99	0	51078	31	35	1	1109	1	0	刀呢，我的开山大砍刀呢。等下又可以做一票了！	-1	336	npc106	gwdx01	1	-1	-1	-1	3	0	20	0	-1	-1	0	-1	-1	4
3156	轮回守护者	-1	-1	99	0	51079	31	35	1	1109	1	0	刀呢，我的开山大砍刀呢。等下又可以做一票了！	-1	336	npc106	gwdx01	1	-1	-1	-1	3	0	20	0	-1	-1	0	-1	-1	4
3157	轮回守护者	-1	-1	99	0	51081	31	35	1	1109	1	0	刀呢，我的开山大砍刀呢。等下又可以做一票了！	-1	336	npc106	gwdx01	1	-1	-1	-1	3	0	20	0	-1	-1	0	-1	-1	4
3158	轮回守护者	-1	-1	99	0	51082	31	35	1	1109	1	0	刀呢，我的开山大砍刀呢。等下又可以做一票了！	-1	336	npc106	gwdx01	1	-1	-1	-1	3	0	20	0	-1	-1	0	-1	-1	4
3159	轮回守护者	-1	-1	99	0	51083	31	35	1	1109	1	0	刀呢，我的开山大砍刀呢。等下又可以做一票了！	-1	336	npc106	gwdx01	1	-1	-1	-1	3	0	20	0	-1	-1	0	-1	-1	4
3160	轮回守护者	-1	-1	99	0	51084	31	35	1	1109	1	0	刀呢，我的开山大砍刀呢。等下又可以做一票了！	-1	336	npc106	gwdx01	1	-1	-1	-1	3	0	20	0	-1	-1	0	-1	-1	4
3161	轮回守护者	-1	-1	99	0	51086	31	35	1	1109	1	0	刀呢，我的开山大砍刀呢。等下又可以做一票了！	-1	336	npc106	gwdx01	1	-1	-1	-1	3	0	20	0	-1	-1	0	-1	-1	4
3162	轮回守护者	-1	-1	99	0	51088	31	35	1	1109	1	0	刀呢，我的开山大砍刀呢。等下又可以做一票了！	-1	336	npc106	gwdx01	1	-1	-1	-1	3	0	20	0	-1	-1	0	-1	-1	4
3163	轮回守护者	-1	-1	99	0	51089	31	35	1	1109	1	0	刀呢，我的开山大砍刀呢。等下又可以做一票了！	-1	336	npc106	gwdx01	1	-1	-1	-1	3	0	20	0	-1	-1	0	-1	-1	4
3164	轮回守护者	-1	-1	99	0	51091	31	35	1	1109	1	0	刀呢，我的开山大砍刀呢。等下又可以做一票了！	-1	336	npc106	gwdx01	1	-1	-1	-1	3	0	20	0	-1	-1	0	-1	-1	4
3165	轮回守护者	-1	-1	99	0	51092	31	35	1	1109	1	0	刀呢，我的开山大砍刀呢。等下又可以做一票了！	-1	336	npc106	gwdx01	1	-1	-1	-1	3	0	20	0	-1	-1	0	-1	-1	4
3166	轮回守护者	-1	-1	99	0	51093	31	35	1	1109	1	0	刀呢，我的开山大砍刀呢。等下又可以做一票了！	-1	336	npc106	gwdx01	1	-1	-1	-1	3	0	20	0	-1	-1	0	-1	-1	4
3167	轮回守护者	-1	-1	99	0	51094	31	35	1	1109	1	0	刀呢，我的开山大砍刀呢。等下又可以做一票了！	-1	336	npc106	gwdx01	1	-1	-1	-1	3	0	20	0	-1	-1	0	-1	-1	4
3168	轮回守护者	-1	-1	99	0	51096	31	35	1	1109	1	0	刀呢，我的开山大砍刀呢。等下又可以做一票了！	-1	336	npc106	gwdx01	1	-1	-1	-1	3	0	20	0	-1	-1	0	-1	-1	4
3169	轮回守护者	-1	-1	99	0	51098	31	35	1	1109	1	0	刀呢，我的开山大砍刀呢。等下又可以做一票了！	-1	336	npc106	gwdx01	1	-1	-1	-1	3	0	20	0	-1	-1	0	-1	-1	4
3170	轮回守护者	-1	-1	99	0	51099	31	35	1	1109	1	0	刀呢，我的开山大砍刀呢。等下又可以做一票了！	-1	336	npc106	gwdx01	1	-1	-1	-1	3	0	20	0	-1	-1	0	-1	-1	4
4000	医师	-1	NpcTitle_2	99	0	60018	87	306	1	1082	1	0	伟大的勇士，你又受伤了。|n来我这里治疗一发，保证你生龙又活虎！|n|n游戏中的BOSS会爆一切装备。|n只要你努力，一切皆有可能。	-1	316	npc106	gwdx01	1	回血医师	回血	-1	3	0	45	0	-1	-1	0	-1	-1	4
4001	医师	-1	NpcTitle_2	99	0	60018	34	317	1	1082	1	0	伟大的勇士，你又受伤了。|n来我这里治疗一发，保证你生龙又活虎！|n|n游戏中的BOSS会爆一切装备。|n只要你努力，一切皆有可能。	-1	316	npc106	gwdx01	1	回血医师	回血	-1	3	0	45	0	-1	-1	0	-1	-1	4
4002	医师	-1	NpcTitle_2	99	0	60018	216	247	1	1082	1	0	伟大的勇士，你又受伤了。|n来我这里治疗一发，保证你生龙又活虎！|n|n游戏中的BOSS会爆一切装备。|n只要你努力，一切皆有可能。	-1	316	npc106	gwdx01	1	回血医师	回血	-1	3	0	45	0	-1	-1	0	-1	-1	4
4003	医师	-1	NpcTitle_2	99	0	60018	13	83	1	1082	1	0	伟大的勇士，你又受伤了。|n来我这里治疗一发，保证你生龙又活虎！|n|n游戏中的BOSS会爆一切装备。|n只要你努力，一切皆有可能。	-1	316	npc106	gwdx01	1	回血医师	回血	-1	3	0	45	0	-1	-1	0	-1	-1	4
4004	医师	-1	NpcTitle_2	99	0	60018	183	19	1	1082	1	0	伟大的勇士，你又受伤了。|n来我这里治疗一发，保证你生龙又活虎！|n|n游戏中的BOSS会爆一切装备。|n只要你努力，一切皆有可能。	-1	316	npc106	gwdx01	1	回血医师	回血	-1	3	0	45	0	-1	-1	0	-1	-1	4
4005	医师	-1	NpcTitle_2	99	0	60018	80	16	1	1082	1	0	伟大的勇士，你又受伤了。|n来我这里治疗一发，保证你生龙又活虎！|n|n游戏中的BOSS会爆一切装备。|n只要你努力，一切皆有可能。	-1	316	npc106	gwdx01	1	回血医师	回血	-1	3	0	45	0	-1	-1	0	-1	-1	4
5001	白显	-1	NpcTitle_64	99	0	80001	28	35	1	1112	1	0	那是一个风雨交加的夜晚，而我却只能屈居第二。悲哉悲哉！！！	-1	217	npc106	gwdx01	1	公会总理事	公会升级	-1	3	0	20	0	-1	-1	0	-1	-1	4
5002	商权	-1	NpcTitle_65	99	0	80001	35	39	1	1113	1	0	那是一个风雨交加的夜晚，而我却只能屈居第二。悲哉悲哉！！！	-1	102	npc106	gwdx01	1	库房总管	公会捐赠	-1	3	0	20	0	-1	-1	0	-1	-1	4
5003	百晓	-1	NpcTitle_66	99	0	80001	26	47	1	1114	1	0	那是一个风雨交加的夜晚，而我却只能屈居第二。悲哉悲哉！！！	-1	207	npc106	gwdx01	1	书房总管	公会技能	-1	3	0	20	0	-1	-1	0	-1	-1	4
5005	牧场小哥	-1	-1	99	0	80001	35	97	1	1117	1	0	程序猿哥哥正在下猪仔，敬请期待！	-1	317	npc106	gwdx01	1	牧场小哥	公会小猪	-1	3	0	20	0	-1	-1	0	-1	-1	4
5006	矿洞工人	-1	-1	99	0	80001	110	25	1	1115	1	0	那是一个风雨交加的夜晚，而我却只能屈居第二。悲哉悲哉！！！	-1	346	npc106	gwdx01	1	矿洞仵作	公会矿洞	-1	3	0	20	0	-1	-1	0	-1	-1	4
5007	青龙堂吊刀	-1	-1	99	0	80001	27	42	1	0	0	0	俺这砂包大的拳头可不是吃素的，看什么看，走走走~	-1	341	npc106	gwdx01	1	-1	-1	-1	3	0	20	0	-1	-1	0	-1	-1	4
5008	青龙堂吊刀	-1	-1	99	0	80001	33	36	1	0	0	0	俺这砂包大的拳头可不是吃素的，看什么看，走走走~	-1	341	npc106	gwdx01	1	-1	-1	-1	3	0	20	0	-1	-1	0	-1	-1	4
5009	青龙堂吊刀	-1	-1	99	0	80001	16	49	1	0	0	0	俺这砂包大的拳头可不是吃素的，看什么看，走走走~	-1	341	npc106	gwdx01	1	-1	-1	-1	3	0	20	0	-1	-1	0	-1	-1	4
5010	青龙堂吊刀	-1	-1	99	0	80001	8	46	1	0	0	0	俺这砂包大的拳头可不是吃素的，看什么看，走走走~	-1	341	npc106	gwdx01	1	-1	-1	-1	3	0	20	0	-1	-1	0	-1	-1	4
5011	青龙堂吊刀	-1	-1	99	0	80001	3	41	1	0	0	0	俺这砂包大的拳头可不是吃素的，看什么看，走走走~	-1	341	npc106	gwdx01	1	-1	-1	-1	3	0	20	0	-1	-1	0	-1	-1	4
5012	矿洞仵作	-1	-1	99	0	80002	66	11	1	1111	1	0	那是一个风雨交加的夜晚，而我却只能屈居第二。悲哉悲哉！！！	-1	346	npc106	gwdx01	1	公会领地	传送	-1	3	0	20	0	-1	-1	0	0	-1	4
5013	神秘人	-1	NpcTitle_71	99	0	80001	44	38	1	1122	0	0	那是一个风雨交加的夜晚，而我却只能屈居第二。悲哉悲哉！！！	-1	111	npc106	gwdx01	1	-1	-1	-1	3	0	20	0	-1	-1	0	-1	-1	4
5014	副本传送门	-1	NpcTitle_72	99	0	-1	39	41	1	1123	0	0	那是一个风雨交加的夜晚，而我却只能屈居第二。悲哉悲哉！！！	-1	350	npc106	gwdx01	1	-1	-1	-1	3	0	20	0	-1	-1	0	-1	-1	4
5015	宝库传送门	-1	NpcTitle_73	99	0	-1	43	45	1	1124	0	0	那是一个风雨交加的夜晚，而我却只能屈居第二。悲哉悲哉！！！	-1	350	npc106	gwdx01	1	-1	-1	-1	3	0	20	0	-1	-1	0	-1	-1	4
5016	副本传送门	-1	NpcTitle_72	99	0	-1	39	41	1	1123	0	0	那是一个风雨交加的夜晚，而我却只能屈居第二。悲哉悲哉！！！	-1	350	npc106	gwdx01	1	-1	-1	-1	3	0	20	0	-1	-1	0	-1	-1	4
5017	副本传送门	-1	NpcTitle_72	99	0	-1	39	41	1	1123	0	0	那是一个风雨交加的夜晚，而我却只能屈居第二。悲哉悲哉！！！	-1	350	npc106	gwdx01	1	-1	-1	-1	3	0	20	0	-1	-1	0	-1	-1	4
5018	副本传送门	-1	NpcTitle_72	99	0	-1	39	41	1	1123	0	0	那是一个风雨交加的夜晚，而我却只能屈居第二。悲哉悲哉！！！	-1	350	npc106	gwdx01	1	-1	-1	-1	3	0	20	0	-1	-1	0	-1	-1	4
5019	副本传送门	-1	NpcTitle_72	99	0	-1	39	41	1	1123	0	0	那是一个风雨交加的夜晚，而我却只能屈居第二。悲哉悲哉！！！	-1	350	npc106	gwdx01	1	-1	-1	-1	3	0	20	0	-1	-1	0	-1	-1	4
5020	兽神殿	-1	NpcTitle_74	99	0	50097	31	46	1	1125	0	0	那是一个风雨交加的夜晚，而我却只能屈居第二。悲哉悲哉！！！	-1	342	npc106	gwdx01	1	-1	-1	-1	3	0	20	0	-1	-1	0	-1	-1	4
5021	兽神祭坛	-1	NpcTitle_75	99	0	50173	145	13	1	1126	1	0	那是一个风雨交加的夜晚，而我却只能屈居第二。悲哉悲哉！！！	-1	342	npc106	gwdx01	1	-1	-1	-1	3	0	20	0	-1	-1	0	-1	-1	4
5022	通天池	-1	NpcTitle_76	99	0	50097	25	46	1	1127	1	0	那是一个风雨交加的夜晚，而我却只能屈居第二。悲哉悲哉！！！	-1	351	npc106	gwdx01	1	-1	-1	-1	3	0	20	0	-1	-1	0	-1	-1	4
