INT	INT	INT	INT	INT	INT	INT	INT	INT	INT	INT	INT	INT	INT	STRING	INT
Id	GiveItemId	FailLine	SuccessLine	FullLucky	FailAddLucky	Rate	TotalRate	ItemClass1	ItemType1	ItemCount1	ItemClass2	ItemType2	ItemCount2	DecRate	GongGao
1	0	0	600	600	100	10000	10000	1	7009	1	1	7010	1	붤멕	0
2	0	0	600	600	100	10000	10000	1	7009	1	1	7010	1	붤멕	0
3	0	0	600	600	100	10000	10000	1	7009	1	1	7010	1	붤멕	0
4	0	0	600	600	100	10000	10000	1	7009	1	1	7010	1	붤멕	0
5	0	0	600	600	100	10000	10000	1	7009	1	1	7010	1	붤멕	0
6	0	0	600	600	100	10000	10000	1	7009	1	1	7010	1	붤멕	0
7	0	0	600	600	100	10000	10000	1	7009	1	1	7010	1	붤멕	0
8	0	0	600	600	100	10000	10000	1	7009	1	1	7010	1	붤멕	0
9	0	0	600	600	100	10000	10000	1	7009	1	1	7010	1	붤멕	0
10	0	0	600	600	100	10000	10000	1	7009	1	1	7010	1	붤멕	0
11	0	0	600	600	100	10000	10000	1	7009	1	1	7010	1	붤멕	0
12	0	0	600	600	100	10000	10000	1	7009	1	1	7010	1	붤멕	0
13	0	0	600	600	100	10000	10000	1	7009	1	1	7010	1	붤멕	0
14	0	0	600	600	100	10000	10000	1	7009	1	1	7010	1	붤멕	0
15	0	0	600	600	100	10000	10000	1	7009	1	1	7010	1	붤멕	0
16	0	0	600	600	100	10000	10000	1	7009	1	1	7010	1	붤멕	0
17	0	0	600	600	100	10000	10000	1	7009	1	1	7010	1	붤멕	0
18	0	0	600	600	100	10000	10000	1	7009	1	1	7010	1	붤멕	0
19	0	0	600	600	100	10000	10000	1	7009	1	1	7010	1	붤멕	0
20	0	0	600	600	100	10000	10000	1	7009	1	1	7010	1	붤멕	0
21	0	0	600	600	100	10000	10000	1	7009	1	1	7010	1	붤멕	0
22	0	0	600	600	100	10000	10000	1	7009	1	1	7010	1	붤멕	0
23	0	0	600	600	100	10000	10000	1	7009	1	1	7010	1	붤멕	0
24	0	0	600	600	100	10000	10000	1	7009	1	1	7010	1	붤멕	0
25	0	0	600	600	100	10000	10000	1	7009	1	1	7010	1	붤멕	0
26	0	0	600	600	100	10000	10000	1	7009	1	1	7010	1	붤멕	0
27	0	0	600	600	100	10000	10000	1	7009	1	1	7010	1	붤멕	0
28	0	0	600	600	100	10000	10000	1	7009	1	1	7010	1	붤멕	0
29	0	0	600	600	100	10000	10000	1	7009	1	1	7010	1	붤멕	0
30	0	0	600	600	100	10000	10000	1	7009	1	1	7010	1	붤멕	0
31	0	0	600	600	100	10000	10000	1	7009	1	1	7010	1	붤멕	0
32	0	0	600	600	100	10000	10000	1	7009	1	1	7010	1	붤멕	0
33	0	0	600	600	100	10000	10000	1	7009	1	1	7010	1	붤멕	0
34	0	0	600	600	100	10000	10000	1	7009	1	1	7010	1	붤멕	0
35	0	0	600	600	100	10000	10000	1	7009	1	1	7010	1	붤멕	0
36	0	0	600	600	100	10000	10000	1	7009	1	1	7010	1	붤멕	0
37	0	0	600	600	100	10000	10000	1	7009	1	1	7010	1	붤멕	0
38	0	0	600	600	100	10000	10000	1	7009	1	1	7010	1	붤멕	0
39	0	0	600	600	100	10000	10000	1	7009	1	1	7010	1	붤멕	0
40	0	0	600	600	100	10000	10000	1	7009	1	1	7010	1	붤멕	0
41	0	0	600	600	100	10000	10000	1	7009	1	1	7010	1	붤멕	0
42	0	0	600	600	100	10000	10000	1	7009	1	1	7010	1	붤멕	0
43	0	0	600	600	100	10000	10000	1	7009	1	1	7010	1	붤멕	0
44	0	0	600	600	100	10000	10000	1	7009	1	1	7010	1	붤멕	0
45	0	0	600	600	100	10000	10000	1	7009	1	1	7010	1	붤멕	0
46	0	0	600	600	100	10000	10000	1	7009	1	1	7010	1	붤멕	0
47	0	0	600	600	100	10000	10000	1	7009	1	1	7010	1	붤멕	0
48	0	0	600	600	100	10000	10000	1	7009	1	1	7010	1	붤멕	0
49	0	0	600	600	100	10000	10000	1	7009	1	1	7010	1	붤멕	0
50	0	0	600	600	100	10000	10000	1	7009	1	1	7010	1	붤멕	0
51	0	0	600	600	100	10000	10000	1	7009	1	1	7010	1	붤멕	0
52	0	0	600	600	100	10000	10000	1	7009	1	1	7010	1	붤멕	0
53	0	0	600	600	100	10000	10000	1	7009	1	1	7010	1	붤멕	0
54	0	0	600	600	100	10000	10000	1	7009	1	1	7010	1	붤멕	0
55	0	0	600	600	100	10000	10000	1	7009	1	1	7010	1	붤멕	0
56	0	0	600	600	100	10000	10000	1	7009	1	1	7010	1	붤멕	0
57	0	0	600	600	100	10000	10000	1	7009	1	1	7010	1	붤멕	0
58	0	0	600	600	100	10000	10000	1	7009	1	1	7010	1	붤멕	0
59	0	0	600	600	100	10000	10000	1	7009	1	1	7010	1	붤멕	0
60	0	0	600	600	100	10000	10000	1	7009	1	1	7010	1	붤멕	0
61	0	0	600	600	100	10000	10000	1	7009	1	1	7010	1	붤멕	0
62	0	0	600	600	100	10000	10000	1	7009	1	1	7010	1	붤멕	0
63	0	0	600	600	100	10000	10000	1	7009	1	1	7010	1	붤멕	0
64	0	0	600	600	100	10000	10000	1	7009	1	1	7010	1	붤멕	0
65	0	0	600	600	100	10000	10000	1	7009	1	1	7010	1	붤멕	0
66	0	0	600	600	100	10000	10000	1	7009	1	1	7010	1	붤멕	0
67	0	0	600	600	100	10000	10000	1	7009	1	1	7010	1	붤멕	0
68	0	0	600	600	100	10000	10000	1	7009	1	1	7010	1	붤멕	0
69	0	0	600	600	100	10000	10000	1	7009	1	1	7010	1	붤멕	0
70	0	0	600	600	100	10000	10000	1	7009	1	1	7010	1	붤멕	0
71	0	0	600	600	100	10000	10000	1	7009	1	1	7010	1	붤멕	0
72	0	0	600	600	100	10000	10000	1	7009	1	1	7010	1	붤멕	0
73	0	0	600	600	100	10000	10000	1	7009	1	1	7010	1	붤멕	0
74	0	0	600	600	100	10000	10000	1	7009	1	1	7010	1	붤멕	0
75	0	0	600	600	100	10000	10000	1	7009	1	1	7010	1	붤멕	0
76	0	0	600	600	100	10000	10000	1	7009	1	1	7010	1	붤멕	0
77	0	0	600	600	100	10000	10000	1	7009	1	1	7010	1	붤멕	0
78	0	0	600	600	100	10000	10000	1	7009	1	1	7010	1	붤멕	0
79	0	0	600	600	100	10000	10000	1	7009	1	1	7010	1	붤멕	0
80	0	0	600	600	100	10000	10000	1	7009	1	1	7010	1	붤멕	0
81	0	0	600	600	100	10000	10000	1	7009	1	1	7010	1	붤멕	0
82	0	0	600	600	100	10000	10000	1	7009	1	1	7010	1	붤멕	0
83	0	0	600	600	100	10000	10000	1	7009	1	1	7010	1	붤멕	0
84	0	0	600	600	100	10000	10000	1	7009	1	1	7010	1	붤멕	0
85	0	0	600	600	100	10000	10000	1	7009	1	1	7010	1	붤멕	0
86	0	0	600	600	100	10000	10000	1	7009	1	1	7010	1	붤멕	0
87	0	0	600	600	100	10000	10000	1	7009	1	1	7010	1	붤멕	0
88	0	0	600	600	100	10000	10000	1	7009	1	1	7010	1	붤멕	0
89	0	0	600	600	100	10000	10000	1	7009	1	1	7010	1	붤멕	0
90	0	0	600	600	100	10000	10000	1	7009	1	1	7010	1	붤멕	0
91	0	0	600	600	100	10000	10000	1	7009	1	1	7010	1	붤멕	0
92	0	0	600	600	100	10000	10000	1	7009	1	1	7010	1	붤멕	0
93	0	0	600	600	100	10000	10000	1	7009	1	1	7010	1	붤멕	0
94	0	0	600	600	100	10000	10000	1	7009	1	1	7010	1	붤멕	0
95	0	0	600	600	100	10000	10000	1	7009	1	1	7010	1	붤멕	0
96	0	0	600	600	100	10000	10000	1	7009	1	1	7010	1	붤멕	0
97	0	0	600	600	100	3000	10000	1	7009	1	1	7010	1	붤멕	1
98	0	0	600	600	100	3000	10000	1	7009	1	1	7010	1	붤멕	1
99	0	0	600	600	100	3000	10000	1	7009	1	1	7010	1	붤멕	1
100	0	0	600	600	100	3000	10000	1	7009	1	1	7010	1	붤멕	1
101	0	0	600	600	100	3000	10000	1	7009	1	1	7010	1	붤멕	1
102	0	0	600	600	100	3000	10000	1	7009	1	1	7010	1	붤멕	1
103	0	0	600	600	100	3000	10000	1	7009	1	1	7010	1	붤멕	1
104	0	0	600	600	100	3000	10000	1	7009	1	1	7010	1	붤멕	1
105	0	0	600	600	100	3000	10000	1	7009	1	1	7010	1	붤멕	1
106	0	0	600	600	100	3000	10000	1	7009	1	1	7010	1	붤멕	1
107	0	0	600	600	100	3000	10000	1	7009	1	1	7010	1	붤멕	1
108	0	0	600	600	100	3000	10000	1	7009	1	1	7010	1	붤멕	1
109	0	0	600	600	100	3000	10000	1	7009	1	1	7010	1	붤멕	1
110	0	0	600	600	100	3000	10000	1	7009	1	1	7010	1	붤멕	1
111	0	0	600	600	100	3000	10000	1	7009	1	1	7010	1	붤멕	1
112	0	0	600	600	100	3000	10000	1	7009	1	1	7010	1	붤멕	1
113	0	0	600	600	100	3000	10000	1	7009	1	1	7010	1	붤멕	1
114	0	0	600	600	100	3000	10000	1	7009	1	1	7010	1	붤멕	1
115	0	0	600	600	100	3000	10000	1	7009	1	1	7010	1	붤멕	1
116	0	0	600	600	100	3000	10000	1	7009	1	1	7010	1	붤멕	1
117	0	0	600	600	100	3000	10000	1	7009	1	1	7010	1	붤멕	1
118	0	0	600	600	100	3000	10000	1	7009	1	1	7010	1	붤멕	1
119	0	0	600	600	100	3000	10000	1	7009	1	1	7010	1	붤멕	1
120	0	0	600	600	100	3000	10000	1	7009	1	1	7010	1	붤멕	1
121	0	0	600	600	100	3000	10000	1	7009	1	1	7010	1	붤멕	0
122	0	0	600	600	100	3000	10000	1	7009	1	1	7010	1	붤멕	0
123	0	0	600	600	100	3000	10000	1	7009	1	1	7010	1	붤멕	0
124	0	0	600	600	100	3000	10000	1	7009	1	1	7010	1	붤멕	0
125	0	0	600	600	100	3000	10000	1	7009	1	1	7010	1	붤멕	0
126	0	0	600	600	100	3000	10000	1	7009	1	1	7010	1	붤멕	0
127	0	0	600	600	100	3000	10000	1	7009	1	1	7010	1	붤멕	0
128	0	0	600	600	100	3000	10000	1	7009	1	1	7010	1	붤멕	0
129	0	0	600	600	100	3000	10000	1	7009	1	1	7010	1	붤멕	0
130	0	0	600	600	100	3000	10000	1	7009	1	1	7010	1	붤멕	0
131	0	0	600	600	100	3000	10000	1	7009	1	1	7010	1	붤멕	0
132	0	0	600	600	100	3000	10000	1	7009	1	1	7010	1	붤멕	0
133	0	0	600	600	100	3000	10000	1	7009	1	1	7010	1	붤멕	0
134	0	0	600	600	100	3000	10000	1	7009	1	1	7010	1	붤멕	0
135	0	0	600	600	100	3000	10000	1	7009	1	1	7010	1	붤멕	0
136	0	0	600	600	100	3000	10000	1	7009	1	1	7010	1	붤멕	0
137	0	0	600	600	100	3000	10000	1	7009	1	1	7010	1	붤멕	0
138	0	0	600	600	100	3000	10000	1	7009	1	1	7010	1	붤멕	0
139	0	0	600	600	100	3000	10000	1	7009	1	1	7010	1	붤멕	0
140	0	0	600	600	100	3000	10000	1	7009	1	1	7010	1	붤멕	0
141	0	0	600	600	100	3000	10000	1	7009	1	1	7010	1	붤멕	0
142	0	0	600	600	100	3000	10000	1	7009	1	1	7010	1	붤멕	0
143	0	0	600	600	100	3000	10000	1	7009	1	1	7010	1	붤멕	0
144	0	0	600	600	100	3000	10000	1	7009	1	1	7010	1	붤멕	0
145	0	0	600	600	100	3000	10000	1	7009	1	1	7010	1	붤멕	0
146	0	0	600	600	100	3000	10000	1	7009	1	1	7010	1	붤멕	0
147	0	0	600	600	100	3000	10000	1	7009	1	1	7010	1	붤멕	0
148	0	0	600	600	100	3000	10000	1	7009	1	1	7010	1	붤멕	0
149	0	0	600	600	100	3000	10000	1	7009	1	1	7010	1	붤멕	0
150	0	0	600	600	100	3000	10000	1	7009	1	1	7010	1	붤멕	0
151	0	0	600	600	100	3000	10000	1	7009	1	1	7010	1	붤멕	0
152	0	0	600	600	100	3000	10000	1	7009	1	1	7010	1	붤멕	0
153	0	0	600	600	100	3000	10000	1	7009	1	1	7010	1	붤멕	0
154	0	0	600	600	100	3000	10000	1	7009	1	1	7010	1	붤멕	0
155	0	0	600	600	100	3000	10000	1	7009	1	1	7010	1	붤멕	0
156	0	0	600	600	100	3000	10000	1	7009	1	1	7010	1	붤멕	0
157	0	0	600	600	100	3000	10000	1	7009	1	1	7010	1	붤멕	0
158	0	0	600	600	100	3000	10000	1	7009	1	1	7010	1	붤멕	0
159	0	0	600	600	100	3000	10000	1	7009	1	1	7010	1	붤멕	0
160	0	0	600	600	100	3000	10000	1	7009	1	1	7010	1	붤멕	0
161	0	0	600	600	100	3000	10000	1	7009	1	1	7010	1	붤멕	0
162	0	0	600	600	100	3000	10000	1	7009	1	1	7010	1	붤멕	0
163	0	0	600	600	100	3000	10000	1	7009	1	1	7010	1	붤멕	0
164	0	0	600	600	100	3000	10000	1	7009	1	1	7010	1	붤멕	0
165	0	0	600	600	100	3000	10000	1	7009	1	1	7010	1	붤멕	0
166	0	0	600	600	100	3000	10000	1	7009	1	1	7010	1	붤멕	0
167	0	0	600	600	100	3000	10000	1	7009	1	1	7010	1	붤멕	0
168	0	0	600	600	100	3000	10000	1	7009	1	1	7010	1	붤멕	0
169	0	0	600	600	100	3000	10000	1	7009	1	1	7010	1	붤멕	0
170	0	0	600	600	100	3000	10000	1	7009	1	1	7010	1	붤멕	0
171	0	0	600	600	100	3000	10000	1	7009	1	1	7010	1	붤멕	0
172	0	0	600	600	100	3000	10000	1	7009	1	1	7010	1	붤멕	0
173	0	0	600	600	100	3000	10000	1	7009	1	1	7010	1	붤멕	0
174	0	0	600	600	100	3000	10000	1	7009	1	1	7010	1	붤멕	0
175	0	0	600	600	100	3000	10000	1	7009	1	1	7010	1	붤멕	0
176	0	0	600	600	100	3000	10000	1	7009	1	1	7010	1	붤멕	0
177	0	0	600	600	100	3000	10000	1	7009	1	1	7010	1	붤멕	0
178	0	0	600	600	100	3000	10000	1	7009	1	1	7010	1	붤멕	0
179	0	0	600	600	100	3000	10000	1	7009	1	1	7010	1	붤멕	0
180	0	0	600	600	100	3000	10000	1	7009	1	1	7010	1	붤멕	0
181	0	0	600	600	100	3000	10000	1	7009	1	1	7010	1	붤멕	0
182	0	0	600	600	100	3000	10000	1	7009	1	1	7010	1	붤멕	0
183	0	0	600	600	100	3000	10000	1	7009	1	1	7010	1	붤멕	0
184	0	0	600	600	100	3000	10000	1	7009	1	1	7010	1	붤멕	0
185	0	0	600	600	100	3000	10000	1	7009	1	1	7010	1	붤멕	0
186	0	0	600	600	100	3000	10000	1	7009	1	1	7010	1	붤멕	0
187	0	0	600	600	100	3000	10000	1	7009	1	1	7010	1	붤멕	0
188	0	0	600	600	100	3000	10000	1	7009	1	1	7010	1	붤멕	0
189	0	0	600	600	100	3000	10000	1	7009	1	1	7010	1	붤멕	0
190	0	0	600	600	100	3000	10000	1	7009	1	1	7010	1	붤멕	0
191	0	0	600	600	100	3000	10000	1	7009	1	1	7010	1	붤멕	0
192	0	0	600	600	100	3000	10000	1	7009	1	1	7010	1	붤멕	0
193	0	0	600	600	100	3000	10000	1	7009	1	1	7010	1	붤멕	0
194	0	0	600	600	100	3000	10000	1	7009	1	1	7010	1	붤멕	0
195	0	0	600	600	100	3000	10000	1	7009	1	1	7010	1	붤멕	0
196	0	0	600	600	100	3000	10000	1	7009	1	1	7010	1	붤멕	0
197	0	0	600	600	100	3000	10000	1	7009	1	1	7010	1	붤멕	0
198	0	0	600	600	100	3000	10000	1	7009	1	1	7010	1	붤멕	0
199	0	0	600	600	100	3000	10000	1	7009	1	1	7010	1	붤멕	0
200	0	0	600	600	100	3000	10000	1	7009	1	1	7010	1	붤멕	0
201	0	0	600	600	100	3000	10000	1	7009	1	1	7010	1	붤멕	0
202	0	0	600	600	100	3000	10000	1	7009	1	1	7010	1	붤멕	0
203	0	0	600	600	100	3000	10000	1	7009	1	1	7010	1	붤멕	0
204	0	0	600	600	100	3000	10000	1	7009	1	1	7010	1	붤멕	0
205	0	0	600	600	100	3000	10000	1	7009	1	1	7010	1	붤멕	0
206	0	0	600	600	100	3000	10000	1	7009	1	1	7010	1	붤멕	0
207	0	0	600	600	100	3000	10000	1	7009	1	1	7010	1	붤멕	0
208	0	0	600	600	100	3000	10000	1	7009	1	1	7010	1	붤멕	0
209	0	0	600	600	100	3000	10000	1	7009	1	1	7010	1	붤멕	0
210	0	0	600	600	100	3000	10000	1	7009	1	1	7010	1	붤멕	0
211	0	0	600	600	100	3000	10000	1	7009	1	1	7010	1	붤멕	0
212	0	0	600	600	100	3000	10000	1	7009	1	1	7010	1	붤멕	0
213	0	0	600	600	100	3000	10000	1	7009	1	1	7010	1	붤멕	0
214	0	0	600	600	100	3000	10000	1	7009	1	1	7010	1	붤멕	0
215	0	0	600	600	100	3000	10000	1	7009	1	1	7010	1	붤멕	0
216	0	0	600	600	100	3000	10000	1	7009	1	1	7010	1	붤멕	0
217	0	0	600	600	100	3000	10000	1	7009	1	1	7010	1	붤멕	1
218	0	0	600	600	100	3000	10000	1	7009	1	1	7010	1	붤멕	1
219	0	0	600	600	100	3000	10000	1	7009	1	1	7010	1	붤멕	1
220	0	0	600	600	100	3000	10000	1	7009	1	1	7010	1	붤멕	1
221	0	0	600	600	100	3000	10000	1	7009	1	1	7010	1	붤멕	1
222	0	0	600	600	100	3000	10000	1	7009	1	1	7010	1	붤멕	1
223	0	0	600	600	100	3000	10000	1	7009	1	1	7010	1	붤멕	1
224	0	0	600	600	100	3000	10000	1	7009	1	1	7010	1	붤멕	1
225	0	0	600	600	100	3000	10000	1	7009	1	1	7010	1	붤멕	1
226	0	0	600	600	100	3000	10000	1	7009	1	1	7010	1	붤멕	1
227	0	0	600	600	100	3000	10000	1	7009	1	1	7010	1	붤멕	1
228	0	0	600	600	100	3000	10000	1	7009	1	1	7010	1	붤멕	1
229	0	0	600	600	100	3000	10000	1	7009	1	1	7010	1	붤멕	1
230	0	0	600	600	100	3000	10000	1	7009	1	1	7010	1	붤멕	1
231	0	0	600	600	100	3000	10000	1	7009	1	1	7010	1	붤멕	1
232	0	0	600	600	100	3000	10000	1	7009	1	1	7010	1	붤멕	1
233	0	0	600	600	100	3000	10000	1	7009	1	1	7010	1	붤멕	1
234	0	0	600	600	100	3000	10000	1	7009	1	1	7010	1	붤멕	1
235	0	0	600	600	100	3000	10000	1	7009	1	1	7010	1	붤멕	1
236	0	0	600	600	100	3000	10000	1	7009	1	1	7010	1	붤멕	1
237	0	0	600	600	100	3000	10000	1	7009	1	1	7010	1	붤멕	1
238	0	0	600	600	100	3000	10000	1	7009	1	1	7010	1	붤멕	1
239	0	0	600	600	100	3000	10000	1	7009	1	1	7010	1	붤멕	1
240	0	0	600	600	100	3000	10000	1	7009	1	1	7010	1	붤멕	1
241	0	100	600	600	100	3000	10000	1	7009	2	1	7010	1	붤멕	0
242	0	100	600	600	100	3000	10000	1	7009	2	1	7010	1	붤멕	0
243	0	100	600	600	100	3000	10000	1	7009	2	1	7010	1	붤멕	0
244	0	100	600	600	100	3000	10000	1	7009	2	1	7010	1	붤멕	0
245	0	100	600	600	100	3000	10000	1	7009	2	1	7010	1	붤멕	0
246	0	100	600	600	100	3000	10000	1	7009	2	1	7010	1	붤멕	0
247	0	100	600	600	100	3000	10000	1	7009	2	1	7010	1	붤멕	0
248	0	100	600	600	100	3000	10000	1	7009	2	1	7010	1	붤멕	0
249	0	100	600	600	100	3000	10000	1	7009	2	1	7010	1	붤멕	0
250	0	100	600	600	100	3000	10000	1	7009	2	1	7010	1	붤멕	0
251	0	100	600	600	100	3000	10000	1	7009	2	1	7010	1	붤멕	0
252	0	100	600	600	100	3000	10000	1	7009	2	1	7010	1	붤멕	0
253	0	100	600	600	100	3000	10000	1	7009	2	1	7010	1	붤멕	0
254	0	100	600	600	100	3000	10000	1	7009	2	1	7010	1	붤멕	0
255	0	100	600	600	100	3000	10000	1	7009	2	1	7010	1	붤멕	0
256	0	100	600	600	100	3000	10000	1	7009	2	1	7010	1	붤멕	0
257	0	100	600	600	100	3000	10000	1	7009	2	1	7010	1	붤멕	0
258	0	100	600	600	100	3000	10000	1	7009	2	1	7010	1	붤멕	0
259	0	100	600	600	100	3000	10000	1	7009	2	1	7010	1	붤멕	0
260	0	100	600	600	100	3000	10000	1	7009	2	1	7010	1	붤멕	0
261	0	100	600	600	100	3000	10000	1	7009	2	1	7010	1	붤멕	0
262	0	100	600	600	100	3000	10000	1	7009	2	1	7010	1	붤멕	0
263	0	100	600	600	100	3000	10000	1	7009	2	1	7010	1	붤멕	0
264	0	100	600	600	100	3000	10000	1	7009	2	1	7010	1	붤멕	0
265	0	100	600	600	100	3000	10000	1	7009	2	1	7010	1	붤멕	0
266	0	100	600	600	100	3000	10000	1	7009	2	1	7010	1	붤멕	0
267	0	100	600	600	100	3000	10000	1	7009	2	1	7010	1	붤멕	0
268	0	100	600	600	100	3000	10000	1	7009	2	1	7010	1	붤멕	0
269	0	100	600	600	100	3000	10000	1	7009	2	1	7010	1	붤멕	0
270	0	100	600	600	100	3000	10000	1	7009	2	1	7010	1	붤멕	0
271	0	100	600	600	100	3000	10000	1	7009	2	1	7010	1	붤멕	0
272	0	100	600	600	100	3000	10000	1	7009	2	1	7010	1	붤멕	0
273	0	100	600	600	100	3000	10000	1	7009	2	1	7010	1	붤멕	0
274	0	100	600	600	100	3000	10000	1	7009	2	1	7010	1	붤멕	0
275	0	100	600	600	100	3000	10000	1	7009	2	1	7010	1	붤멕	0
276	0	100	600	600	100	3000	10000	1	7009	2	1	7010	1	붤멕	0
277	0	100	600	600	100	3000	10000	1	7009	2	1	7010	1	붤멕	0
278	0	100	600	600	100	3000	10000	1	7009	2	1	7010	1	붤멕	0
279	0	100	600	600	100	3000	10000	1	7009	2	1	7010	1	붤멕	0
280	0	100	600	600	100	3000	10000	1	7009	2	1	7010	1	붤멕	0
281	0	100	600	600	100	3000	10000	1	7009	2	1	7010	1	붤멕	0
282	0	100	600	600	100	3000	10000	1	7009	2	1	7010	1	붤멕	0
283	0	100	600	600	100	3000	10000	1	7009	2	1	7010	1	붤멕	0
284	0	100	600	600	100	3000	10000	1	7009	2	1	7010	1	붤멕	0
285	0	100	600	600	100	3000	10000	1	7009	2	1	7010	1	붤멕	0
286	0	100	600	600	100	3000	10000	1	7009	2	1	7010	1	붤멕	0
287	0	100	600	600	100	3000	10000	1	7009	2	1	7010	1	붤멕	0
288	0	100	600	600	100	3000	10000	1	7009	2	1	7010	1	붤멕	0
289	0	100	600	600	100	3000	10000	1	7009	2	1	7010	1	붤멕	0
290	0	100	600	600	100	3000	10000	1	7009	2	1	7010	1	붤멕	0
291	0	100	600	600	100	3000	10000	1	7009	2	1	7010	1	붤멕	0
292	0	100	600	600	100	3000	10000	1	7009	2	1	7010	1	붤멕	0
293	0	100	600	600	100	3000	10000	1	7009	2	1	7010	1	붤멕	0
294	0	100	600	600	100	3000	10000	1	7009	2	1	7010	1	붤멕	0
295	0	100	600	600	100	3000	10000	1	7009	2	1	7010	1	붤멕	0
296	0	100	600	600	100	3000	10000	1	7009	2	1	7010	1	붤멕	0
297	0	100	600	600	100	3000	10000	1	7009	2	1	7010	1	붤멕	0
298	0	100	600	600	100	3000	10000	1	7009	2	1	7010	1	붤멕	0
299	0	100	600	600	100	3000	10000	1	7009	2	1	7010	1	붤멕	0
300	0	100	600	600	100	3000	10000	1	7009	2	1	7010	1	붤멕	0
301	0	100	600	600	100	3000	10000	1	7009	2	1	7010	1	붤멕	0
302	0	100	600	600	100	3000	10000	1	7009	2	1	7010	1	붤멕	0
303	0	100	600	600	100	3000	10000	1	7009	2	1	7010	1	붤멕	0
304	0	100	600	600	100	3000	10000	1	7009	2	1	7010	1	붤멕	0
305	0	100	600	600	100	3000	10000	1	7009	2	1	7010	1	붤멕	0
306	0	100	600	600	100	3000	10000	1	7009	2	1	7010	1	붤멕	0
307	0	100	600	600	100	3000	10000	1	7009	2	1	7010	1	붤멕	0
308	0	100	600	600	100	3000	10000	1	7009	2	1	7010	1	붤멕	0
309	0	100	600	600	100	3000	10000	1	7009	2	1	7010	1	붤멕	0
310	0	100	600	600	100	3000	10000	1	7009	2	1	7010	1	붤멕	0
311	0	100	600	600	100	3000	10000	1	7009	2	1	7010	1	붤멕	0
312	0	100	600	600	100	3000	10000	1	7009	2	1	7010	1	붤멕	0
313	0	100	600	600	100	3000	10000	1	7009	2	1	7010	1	붤멕	0
314	0	100	600	600	100	3000	10000	1	7009	2	1	7010	1	붤멕	0
315	0	100	600	600	100	3000	10000	1	7009	2	1	7010	1	붤멕	0
316	0	100	600	600	100	3000	10000	1	7009	2	1	7010	1	붤멕	0
317	0	100	600	600	100	3000	10000	1	7009	2	1	7010	1	붤멕	0
318	0	100	600	600	100	3000	10000	1	7009	2	1	7010	1	붤멕	0
319	0	100	600	600	100	3000	10000	1	7009	2	1	7010	1	붤멕	0
320	0	100	600	600	100	3000	10000	1	7009	2	1	7010	1	붤멕	0
321	0	100	600	600	100	3000	10000	1	7009	2	1	7010	1	붤멕	0
322	0	100	600	600	100	3000	10000	1	7009	2	1	7010	1	붤멕	0
323	0	100	600	600	100	3000	10000	1	7009	2	1	7010	1	붤멕	0
324	0	100	600	600	100	3000	10000	1	7009	2	1	7010	1	붤멕	0
325	0	100	600	600	100	3000	10000	1	7009	2	1	7010	1	붤멕	0
326	0	100	600	600	100	3000	10000	1	7009	2	1	7010	1	붤멕	0
327	0	100	600	600	100	3000	10000	1	7009	2	1	7010	1	붤멕	0
328	0	100	600	600	100	3000	10000	1	7009	2	1	7010	1	붤멕	0
329	0	100	600	600	100	3000	10000	1	7009	2	1	7010	1	붤멕	0
330	0	100	600	600	100	3000	10000	1	7009	2	1	7010	1	붤멕	0
331	0	100	600	600	100	3000	10000	1	7009	2	1	7010	1	붤멕	0
332	0	100	600	600	100	3000	10000	1	7009	2	1	7010	1	붤멕	0
333	0	100	600	600	100	3000	10000	1	7009	2	1	7010	1	붤멕	0
334	0	100	600	600	100	3000	10000	1	7009	2	1	7010	1	붤멕	0
335	0	100	600	600	100	3000	10000	1	7009	2	1	7010	1	붤멕	0
336	0	100	600	600	100	3000	10000	1	7009	2	1	7010	1	붤멕	0
337	0	200	400	600	100	3000	10000	1	7009	2	1	7010	1	붤멕	1
338	0	200	400	600	100	3000	10000	1	7009	2	1	7010	1	붤멕	1
339	0	200	400	600	100	3000	10000	1	7009	2	1	7010	1	붤멕	1
340	0	200	400	600	100	3000	10000	1	7009	2	1	7010	1	붤멕	1
341	0	200	400	600	100	3000	10000	1	7009	2	1	7010	1	붤멕	1
342	0	200	400	600	100	3000	10000	1	7009	2	1	7010	1	붤멕	1
343	0	200	400	600	100	3000	10000	1	7009	2	1	7010	1	붤멕	1
344	0	200	400	600	100	3000	10000	1	7009	2	1	7010	1	붤멕	1
345	0	200	400	600	100	3000	10000	1	7009	2	1	7010	1	붤멕	1
346	0	200	400	600	100	3000	10000	1	7009	2	1	7010	1	붤멕	1
347	0	200	400	600	100	3000	10000	1	7009	2	1	7010	1	붤멕	1
348	0	200	400	600	100	3000	10000	1	7009	2	1	7010	1	붤멕	1
349	0	200	400	600	100	3000	10000	1	7009	2	1	7010	1	붤멕	1
350	0	200	400	600	100	3000	10000	1	7009	2	1	7010	1	붤멕	1
351	0	200	400	600	100	3000	10000	1	7009	2	1	7010	1	붤멕	1
352	0	200	400	600	100	3000	10000	1	7009	2	1	7010	1	붤멕	1
353	0	200	400	600	100	3000	10000	1	7009	2	1	7010	1	붤멕	1
354	0	200	400	600	100	3000	10000	1	7009	2	1	7010	1	붤멕	1
355	0	200	400	600	100	3000	10000	1	7009	2	1	7010	1	붤멕	1
356	0	200	400	600	100	3000	10000	1	7009	2	1	7010	1	붤멕	1
357	0	200	400	600	100	3000	10000	1	7009	2	1	7010	1	붤멕	1
358	0	200	400	600	100	3000	10000	1	7009	2	1	7010	1	붤멕	1
359	0	200	400	600	100	3000	10000	1	7009	2	1	7010	1	붤멕	1
360	0	200	400	600	100	3000	10000	1	7009	3	1	7010	1	붤멕	1
361	0	200	800	1400	100	1500	10000	1	7009	3	1	7010	1	붤멕	1
362	0	200	800	1400	100	1500	10000	1	7009	3	1	7010	1	붤멕	1
363	0	200	800	1400	100	1500	10000	1	7009	3	1	7010	1	붤멕	1
364	0	200	800	1400	100	1500	10000	1	7009	3	1	7010	1	붤멕	1
365	0	200	800	1400	100	1500	10000	1	7009	3	1	7010	1	붤멕	1
366	0	200	800	1400	100	1500	10000	1	7009	3	1	7010	1	붤멕	1
367	0	200	800	1400	100	1500	10000	1	7009	3	1	7010	1	붤멕	1
368	0	200	800	1400	100	1500	10000	1	7009	3	1	7010	1	붤멕	1
369	0	200	800	1400	100	1500	10000	1	7009	3	1	7010	1	붤멕	1
370	0	200	800	1400	100	1500	10000	1	7009	3	1	7010	1	붤멕	1
371	0	200	800	1400	100	1500	10000	1	7009	3	1	7010	1	붤멕	1
372	0	200	800	1400	100	1500	10000	1	7009	3	1	7010	1	붤멕	1
373	0	200	800	1400	100	1500	10000	1	7009	3	1	7010	1	붤멕	1
374	0	200	800	1400	100	1500	10000	1	7009	3	1	7010	1	붤멕	1
375	0	200	800	1400	100	1500	10000	1	7009	3	1	7010	1	붤멕	1
376	0	200	800	1400	100	1500	10000	1	7009	3	1	7010	1	붤멕	1
377	0	200	800	1400	100	1500	10000	1	7009	3	1	7010	1	붤멕	1
378	0	200	800	1400	100	1500	10000	1	7009	3	1	7010	1	붤멕	1
379	0	200	800	1400	100	1500	10000	1	7009	3	1	7010	1	붤멕	1
380	0	200	800	1400	100	1500	10000	1	7009	3	1	7010	1	붤멕	1
381	0	200	800	1400	100	1500	10000	1	7009	3	1	7010	1	붤멕	1
382	0	200	800	1400	100	1500	10000	1	7009	3	1	7010	1	붤멕	1
383	0	200	800	1400	100	1500	10000	1	7009	3	1	7010	1	붤멕	1
384	0	200	800	1400	100	1500	10000	1	7009	3	1	7010	1	붤멕	1
385	0	200	800	1400	100	1500	10000	1	7009	3	1	7010	1	붤멕	1
386	0	200	800	1400	100	1500	10000	1	7009	3	1	7010	1	붤멕	1
387	0	200	800	1400	100	1500	10000	1	7009	3	1	7010	1	붤멕	1
388	0	200	800	1400	100	1500	10000	1	7009	3	1	7010	1	붤멕	1
389	0	200	800	1400	100	1500	10000	1	7009	3	1	7010	1	붤멕	1
390	0	200	800	1400	100	1500	10000	1	7009	3	1	7010	1	붤멕	1
391	0	200	800	1400	100	1500	10000	1	7009	3	1	7010	1	붤멕	1
392	0	200	800	1400	100	1500	10000	1	7009	3	1	7010	1	붤멕	1
393	0	200	800	1400	100	1500	10000	1	7009	3	1	7010	1	붤멕	1
394	0	200	800	1400	100	1500	10000	1	7009	3	1	7010	1	붤멕	1
395	0	200	800	1400	100	1500	10000	1	7009	3	1	7010	1	붤멕	1
396	0	200	800	1400	100	1500	10000	1	7009	3	1	7010	1	붤멕	1
397	0	200	800	1400	100	1500	10000	1	7009	3	1	7010	1	붤멕	1
398	0	200	800	1400	100	1500	10000	1	7009	3	1	7010	1	붤멕	1
399	0	200	800	1400	100	1500	10000	1	7009	3	1	7010	1	붤멕	1
400	0	200	800	1400	100	1500	10000	1	7009	3	1	7010	1	붤멕	1
401	0	200	800	1400	100	1500	10000	1	7009	3	1	7010	1	붤멕	1
402	0	200	800	1400	100	1500	10000	1	7009	3	1	7010	1	붤멕	1
403	0	200	800	1400	100	1500	10000	1	7009	3	1	7010	1	붤멕	1
404	0	200	800	1400	100	1500	10000	1	7009	3	1	7010	1	붤멕	1
405	0	200	800	1400	100	1500	10000	1	7009	3	1	7010	1	붤멕	1
406	0	200	800	1400	100	1500	10000	1	7009	3	1	7010	1	붤멕	1
407	0	200	800	1400	100	1500	10000	1	7009	3	1	7010	1	붤멕	1
408	0	200	800	1400	100	1500	10000	1	7009	3	1	7010	1	붤멕	1
409	0	200	800	1400	100	1500	10000	1	7009	3	1	7010	1	붤멕	1
410	0	200	800	1400	100	1500	10000	1	7009	3	1	7010	1	붤멕	1
411	0	200	800	1400	100	1500	10000	1	7009	3	1	7010	1	붤멕	1
412	0	200	800	1400	100	1500	10000	1	7009	3	1	7010	1	붤멕	1
413	0	200	800	1400	100	1500	10000	1	7009	3	1	7010	1	붤멕	1
414	0	200	800	1400	100	1500	10000	1	7009	3	1	7010	1	붤멕	1
415	0	200	800	1400	100	1500	10000	1	7009	3	1	7010	1	붤멕	1
416	0	200	800	1400	100	1500	10000	1	7009	3	1	7010	1	붤멕	1
417	0	200	800	1400	100	1500	10000	1	7009	3	1	7010	1	붤멕	1
418	0	200	800	1400	100	1500	10000	1	7009	3	1	7010	1	붤멕	1
419	0	200	800	1400	100	1500	10000	1	7009	3	1	7010	1	붤멕	1
420	0	200	800	1400	100	1500	10000	1	7009	3	1	7010	1	붤멕	1
421	0	200	800	1400	100	1500	10000	1	7009	3	1	7010	1	붤멕	1
422	0	200	800	1400	100	1500	10000	1	7009	3	1	7010	1	붤멕	1
423	0	200	800	1400	100	1500	10000	1	7009	3	1	7010	1	붤멕	1
424	0	200	800	1400	100	1500	10000	1	7009	3	1	7010	1	붤멕	1
425	0	200	800	1400	100	1500	10000	1	7009	3	1	7010	1	붤멕	1
426	0	200	800	1400	100	1500	10000	1	7009	3	1	7010	1	붤멕	1
427	0	200	800	1400	100	1500	10000	1	7009	3	1	7010	1	붤멕	1
428	0	200	800	1400	100	1500	10000	1	7009	3	1	7010	1	붤멕	1
429	0	200	800	1400	100	1500	10000	1	7009	3	1	7010	1	붤멕	1
430	0	200	800	1400	100	1500	10000	1	7009	3	1	7010	1	붤멕	1
431	0	200	800	1400	100	1500	10000	1	7009	3	1	7010	1	붤멕	1
432	0	200	800	1400	100	1500	10000	1	7009	3	1	7010	1	붤멕	1
433	0	200	800	1400	100	1500	10000	1	7009	3	1	7010	1	붤멕	1
434	0	200	800	1400	100	1500	10000	1	7009	3	1	7010	1	붤멕	1
435	0	200	800	1400	100	1500	10000	1	7009	3	1	7010	1	붤멕	1
436	0	200	800	1400	100	1500	10000	1	7009	3	1	7010	1	붤멕	1
437	0	200	800	1400	100	1500	10000	1	7009	3	1	7010	1	붤멕	1
438	0	200	800	1400	100	1500	10000	1	7009	3	1	7010	1	붤멕	1
439	0	200	800	1400	100	1500	10000	1	7009	3	1	7010	1	붤멕	1
440	0	200	800	1400	100	1500	10000	1	7009	3	1	7010	1	붤멕	1
441	0	200	800	1400	100	1500	10000	1	7009	3	1	7010	1	붤멕	1
442	0	200	800	1400	100	1500	10000	1	7009	3	1	7010	1	붤멕	1
443	0	200	800	1400	100	1500	10000	1	7009	3	1	7010	1	붤멕	1
444	0	200	800	1400	100	1500	10000	1	7009	3	1	7010	1	붤멕	1
445	0	200	800	1400	100	1500	10000	1	7009	3	1	7010	1	붤멕	1
446	0	200	800	1400	100	1500	10000	1	7009	3	1	7010	1	붤멕	1
447	0	200	800	1400	100	1500	10000	1	7009	3	1	7010	1	붤멕	1
448	0	200	800	1400	100	1500	10000	1	7009	3	1	7010	1	붤멕	1
449	0	200	800	1400	100	1500	10000	1	7009	3	1	7010	1	붤멕	1
450	0	200	800	1400	100	1500	10000	1	7009	3	1	7010	1	붤멕	1
451	0	200	800	1400	100	1500	10000	1	7009	3	1	7010	1	붤멕	1
452	0	200	800	1400	100	1500	10000	1	7009	3	1	7010	1	붤멕	1
453	0	200	800	1400	100	1500	10000	1	7009	3	1	7010	1	붤멕	1
454	0	200	800	1400	100	1500	10000	1	7009	3	1	7010	1	붤멕	1
455	0	200	800	1400	100	1500	10000	1	7009	3	1	7010	1	붤멕	1
456	0	200	800	1400	100	1500	10000	1	7009	3	1	7010	1	붤멕	1
457	0	600	800	1400	100	1500	10000	1	7009	3	1	7010	1	붤멕	1
458	0	600	800	1400	100	1500	10000	1	7009	3	1	7010	1	붤멕	1
459	0	600	800	1400	100	1500	10000	1	7009	3	1	7010	1	붤멕	1
460	0	600	800	1400	100	1500	10000	1	7009	3	1	7010	1	붤멕	1
461	0	600	800	1400	100	1500	10000	1	7009	3	1	7010	1	붤멕	1
462	0	600	800	1400	100	1500	10000	1	7009	3	1	7010	1	붤멕	1
463	0	600	800	1400	100	1500	10000	1	7009	3	1	7010	1	붤멕	1
464	0	600	800	1400	100	1500	10000	1	7009	3	1	7010	1	붤멕	1
465	0	600	800	1400	100	1500	10000	1	7009	3	1	7010	1	붤멕	1
466	0	600	800	1400	100	1500	10000	1	7009	3	1	7010	1	붤멕	1
467	0	600	800	1400	100	1500	10000	1	7009	3	1	7010	1	붤멕	1
468	0	600	800	1400	100	1500	10000	1	7009	3	1	7010	1	붤멕	1
469	0	600	800	1400	100	1500	10000	1	7009	3	1	7010	1	붤멕	1
470	0	600	800	1400	100	1500	10000	1	7009	3	1	7010	1	붤멕	1
471	0	600	800	1400	100	1500	10000	1	7009	3	1	7010	1	붤멕	1
472	0	600	800	1400	100	1500	10000	1	7009	3	1	7010	1	붤멕	1
473	0	600	800	1400	100	1500	10000	1	7009	3	1	7010	1	붤멕	1
474	0	600	800	1400	100	1500	10000	1	7009	3	1	7010	1	붤멕	1
475	0	600	800	1400	100	1500	10000	1	7009	3	1	7010	1	붤멕	1
476	0	600	800	1400	100	1500	10000	1	7009	3	1	7010	1	붤멕	1
477	0	600	800	1400	100	1500	10000	1	7009	3	1	7010	1	붤멕	1
478	0	600	800	1400	100	1500	10000	1	7009	3	1	7010	1	붤멕	1
479	0	600	800	1400	100	1500	10000	1	7009	3	1	7010	1	붤멕	1
480	0	600	800	1400	100	1500	10000	1	7009	3	1	7010	1	붤멕	1
481	0	300	1200	1600	100	1200	10000	1	7009	5	1	7010	1	붤멕	1
482	0	300	1200	1600	100	1200	10000	1	7009	5	1	7010	1	붤멕	1
483	0	300	1200	1600	100	1200	10000	1	7009	5	1	7010	1	붤멕	1
484	0	300	1200	1600	100	1200	10000	1	7009	5	1	7010	1	붤멕	1
485	0	300	1200	1600	100	1200	10000	1	7009	5	1	7010	1	붤멕	1
486	0	300	1200	1600	100	1200	10000	1	7009	5	1	7010	1	붤멕	1
487	0	300	1200	1600	100	1200	10000	1	7009	5	1	7010	1	붤멕	1
488	0	300	1200	1600	100	1200	10000	1	7009	5	1	7010	1	붤멕	1
489	0	300	1200	1600	100	1200	10000	1	7009	5	1	7010	1	붤멕	1
490	0	300	1200	1600	100	1200	10000	1	7009	5	1	7010	1	붤멕	1
491	0	300	1200	1600	100	1200	10000	1	7009	5	1	7010	1	붤멕	1
492	0	300	1200	1600	100	1200	10000	1	7009	5	1	7010	1	붤멕	1
493	0	300	1200	1600	100	1200	10000	1	7009	5	1	7010	1	붤멕	1
494	0	300	1200	1600	100	1200	10000	1	7009	5	1	7010	1	붤멕	1
495	0	300	1200	1600	100	1200	10000	1	7009	5	1	7010	1	붤멕	1
496	0	300	1200	1600	100	1200	10000	1	7009	5	1	7010	1	붤멕	1
497	0	300	1200	1600	100	1200	10000	1	7009	5	1	7010	1	붤멕	1
498	0	300	1200	1600	100	1200	10000	1	7009	5	1	7010	1	붤멕	1
499	0	300	1200	1600	100	1200	10000	1	7009	5	1	7010	1	붤멕	1
500	0	300	1200	1600	100	1200	10000	1	7009	5	1	7010	1	붤멕	1
501	0	300	1200	1600	100	1200	10000	1	7009	5	1	7010	1	붤멕	1
502	0	300	1200	1600	100	1200	10000	1	7009	5	1	7010	1	붤멕	1
503	0	300	1200	1600	100	1200	10000	1	7009	5	1	7010	1	붤멕	1
504	0	300	1200	1600	100	1200	10000	1	7009	5	1	7010	1	붤멕	1
505	0	300	1200	1600	100	1200	10000	1	7009	5	1	7010	1	붤멕	1
506	0	300	1200	1600	100	1200	10000	1	7009	5	1	7010	1	붤멕	1
507	0	300	1200	1600	100	1200	10000	1	7009	5	1	7010	1	붤멕	1
508	0	300	1200	1600	100	1200	10000	1	7009	5	1	7010	1	붤멕	1
509	0	300	1200	1600	100	1200	10000	1	7009	5	1	7010	1	붤멕	1
510	0	300	1200	1600	100	1200	10000	1	7009	5	1	7010	1	붤멕	1
511	0	300	1200	1600	100	1200	10000	1	7009	5	1	7010	1	붤멕	1
512	0	300	1200	1600	100	1200	10000	1	7009	5	1	7010	1	붤멕	1
513	0	300	1200	1600	100	1200	10000	1	7009	5	1	7010	1	붤멕	1
514	0	300	1200	1600	100	1200	10000	1	7009	5	1	7010	1	붤멕	1
515	0	300	1200	1600	100	1200	10000	1	7009	5	1	7010	1	붤멕	1
516	0	300	1200	1600	100	1200	10000	1	7009	5	1	7010	1	붤멕	1
517	0	300	1200	1600	100	1200	10000	1	7009	5	1	7010	1	붤멕	1
518	0	300	1200	1600	100	1200	10000	1	7009	5	1	7010	1	붤멕	1
519	0	300	1200	1600	100	1200	10000	1	7009	5	1	7010	1	붤멕	1
520	0	300	1200	1600	100	1200	10000	1	7009	5	1	7010	1	붤멕	1
521	0	300	1200	1600	100	1200	10000	1	7009	5	1	7010	1	붤멕	1
522	0	300	1200	1600	100	1200	10000	1	7009	5	1	7010	1	붤멕	1
523	0	300	1200	1600	100	1200	10000	1	7009	5	1	7010	1	붤멕	1
524	0	300	1200	1600	100	1200	10000	1	7009	5	1	7010	1	붤멕	1
525	0	300	1200	1600	100	1200	10000	1	7009	5	1	7010	1	붤멕	1
526	0	300	1200	1600	100	1200	10000	1	7009	5	1	7010	1	붤멕	1
527	0	300	1200	1600	100	1200	10000	1	7009	5	1	7010	1	붤멕	1
528	0	300	1200	1600	100	1200	10000	1	7009	5	1	7010	1	붤멕	1
529	0	300	1200	1600	100	1200	10000	1	7009	5	1	7010	1	붤멕	1
530	0	300	1200	1600	100	1200	10000	1	7009	5	1	7010	1	붤멕	1
531	0	300	1200	1600	100	1200	10000	1	7009	5	1	7010	1	붤멕	1
532	0	300	1200	1600	100	1200	10000	1	7009	5	1	7010	1	붤멕	1
533	0	300	1200	1600	100	1200	10000	1	7009	5	1	7010	1	붤멕	1
534	0	300	1200	1600	100	1200	10000	1	7009	5	1	7010	1	붤멕	1
535	0	300	1200	1600	100	1200	10000	1	7009	5	1	7010	1	붤멕	1
536	0	300	1200	1600	100	1200	10000	1	7009	5	1	7010	1	붤멕	1
537	0	300	1200	1600	100	1200	10000	1	7009	5	1	7010	1	붤멕	1
538	0	300	1200	1600	100	1200	10000	1	7009	5	1	7010	1	붤멕	1
539	0	300	1200	1600	100	1200	10000	1	7009	5	1	7010	1	붤멕	1
540	0	300	1200	1600	100	1200	10000	1	7009	5	1	7010	1	붤멕	1
541	0	300	1200	1600	100	1200	10000	1	7009	5	1	7010	1	붤멕	1
542	0	300	1200	1600	100	1200	10000	1	7009	5	1	7010	1	붤멕	1
543	0	300	1200	1600	100	1200	10000	1	7009	5	1	7010	1	붤멕	1
544	0	300	1200	1600	100	1200	10000	1	7009	5	1	7010	1	붤멕	1
545	0	300	1200	1600	100	1200	10000	1	7009	5	1	7010	1	붤멕	1
546	0	300	1200	1600	100	1200	10000	1	7009	5	1	7010	1	붤멕	1
547	0	300	1200	1600	100	1200	10000	1	7009	5	1	7010	1	붤멕	1
548	0	300	1200	1600	100	1200	10000	1	7009	5	1	7010	1	붤멕	1
549	0	300	1200	1600	100	1200	10000	1	7009	5	1	7010	1	붤멕	1
550	0	300	1200	1600	100	1200	10000	1	7009	5	1	7010	1	붤멕	1
551	0	300	1200	1600	100	1200	10000	1	7009	5	1	7010	1	붤멕	1
552	0	300	1200	1600	100	1200	10000	1	7009	5	1	7010	1	붤멕	1
553	0	300	1200	1600	100	1200	10000	1	7009	5	1	7010	1	붤멕	1
554	0	300	1200	1600	100	1200	10000	1	7009	5	1	7010	1	붤멕	1
555	0	300	1200	1600	100	1200	10000	1	7009	5	1	7010	1	붤멕	1
556	0	300	1200	1600	100	1200	10000	1	7009	5	1	7010	1	붤멕	1
557	0	300	1200	1600	100	1200	10000	1	7009	5	1	7010	1	붤멕	1
558	0	300	1200	1600	100	1200	10000	1	7009	5	1	7010	1	붤멕	1
559	0	300	1200	1600	100	1200	10000	1	7009	5	1	7010	1	붤멕	1
560	0	300	1200	1600	100	1200	10000	1	7009	5	1	7010	1	붤멕	1
561	0	300	1200	1600	100	1200	10000	1	7009	5	1	7010	1	붤멕	1
562	0	300	1200	1600	100	1200	10000	1	7009	5	1	7010	1	붤멕	1
563	0	300	1200	1600	100	1200	10000	1	7009	5	1	7010	1	붤멕	1
564	0	300	1200	1600	100	1200	10000	1	7009	5	1	7010	1	붤멕	1
565	0	300	1200	1600	100	1200	10000	1	7009	5	1	7010	1	붤멕	1
566	0	300	1200	1600	100	1200	10000	1	7009	5	1	7010	1	붤멕	1
567	0	300	1200	1600	100	1200	10000	1	7009	5	1	7010	1	붤멕	1
568	0	300	1200	1600	100	1200	10000	1	7009	5	1	7010	1	붤멕	1
569	0	300	1200	1600	100	1200	10000	1	7009	5	1	7010	1	붤멕	1
570	0	300	1200	1600	100	1200	10000	1	7009	5	1	7010	1	붤멕	1
571	0	300	1200	1600	100	1200	10000	1	7009	5	1	7010	1	붤멕	1
572	0	300	1200	1600	100	1200	10000	1	7009	5	1	7010	1	붤멕	1
573	0	300	1200	1600	100	1200	10000	1	7009	5	1	7010	1	붤멕	1
574	0	300	1200	1600	100	1200	10000	1	7009	5	1	7010	1	붤멕	1
575	0	300	1200	1600	100	1200	10000	1	7009	5	1	7010	1	붤멕	1
576	0	300	1200	1600	100	1200	10000	1	7009	5	1	7010	1	붤멕	1
577	0	700	1200	1600	100	1200	10000	1	7009	5	1	7010	1	붤멕	1
578	0	700	1200	1600	100	1200	10000	1	7009	5	1	7010	1	붤멕	1
579	0	700	1200	1600	100	1200	10000	1	7009	5	1	7010	1	붤멕	1
580	0	700	1200	1600	100	1200	10000	1	7009	5	1	7010	1	붤멕	1
581	0	700	1200	1600	100	1200	10000	1	7009	5	1	7010	1	붤멕	1
582	0	700	1200	1600	100	1200	10000	1	7009	5	1	7010	1	붤멕	1
583	0	700	1200	1600	100	1200	10000	1	7009	5	1	7010	1	붤멕	1
584	0	700	1200	1600	100	1200	10000	1	7009	5	1	7010	1	붤멕	1
585	0	700	1200	1600	100	1200	10000	1	7009	5	1	7010	1	붤멕	1
586	0	700	1200	1600	100	1200	10000	1	7009	5	1	7010	1	붤멕	1
587	0	700	1200	1600	100	1200	10000	1	7009	5	1	7010	1	붤멕	1
588	0	700	1200	1600	100	1200	10000	1	7009	5	1	7010	1	붤멕	1
589	0	700	1200	1600	100	1200	10000	1	7009	5	1	7010	1	붤멕	1
590	0	700	1200	1600	100	1200	10000	1	7009	5	1	7010	1	붤멕	1
591	0	700	1200	1600	100	1200	10000	1	7009	5	1	7010	1	붤멕	1
592	0	700	1200	1600	100	1200	10000	1	7009	5	1	7010	1	붤멕	1
593	0	700	1200	1600	100	1200	10000	1	7009	5	1	7010	1	붤멕	1
594	0	700	1200	1600	100	1200	10000	1	7009	5	1	7010	1	붤멕	1
595	0	700	1200	1600	100	1200	10000	1	7009	5	1	7010	1	붤멕	1
596	0	700	1200	1600	100	1200	10000	1	7009	5	1	7010	1	붤멕	1
597	0	700	1200	1600	100	1200	10000	1	7009	5	1	7010	1	붤멕	1
598	0	700	1200	1600	100	1200	10000	1	7009	5	1	7010	1	붤멕	1
599	0	700	1200	1600	100	1200	10000	1	7009	5	1	7010	1	붤멕	1
600	0	700	1200	1600	100	1200	10000	1	7009	5	1	7010	1	붤멕	1
601	0	300	1400	1600	100	1200	10000	1	7009	10	1	7010	1	붤멕	1
602	0	300	1400	1600	100	1200	10000	1	7009	10	1	7010	1	붤멕	1
603	0	300	1400	1600	100	1200	10000	1	7009	10	1	7010	1	붤멕	1
604	0	300	1400	1600	100	1200	10000	1	7009	10	1	7010	1	붤멕	1
605	0	300	1400	1600	100	1200	10000	1	7009	10	1	7010	1	붤멕	1
606	0	300	1400	1600	100	1200	10000	1	7009	10	1	7010	1	붤멕	1
607	0	300	1400	1600	100	1200	10000	1	7009	10	1	7010	1	붤멕	1
608	0	300	1400	1600	100	1200	10000	1	7009	10	1	7010	1	붤멕	1
609	0	300	1400	1600	100	1200	10000	1	7009	10	1	7010	1	붤멕	1
610	0	300	1400	1600	100	1200	10000	1	7009	10	1	7010	1	붤멕	1
611	0	300	1400	1600	100	1200	10000	1	7009	10	1	7010	1	붤멕	1
612	0	300	1400	1600	100	1200	10000	1	7009	10	1	7010	1	붤멕	1
613	0	300	1400	1600	100	1200	10000	1	7009	10	1	7010	1	붤멕	1
614	0	300	1400	1600	100	1200	10000	1	7009	10	1	7010	1	붤멕	1
615	0	300	1400	1600	100	1200	10000	1	7009	10	1	7010	1	붤멕	1
616	0	300	1400	1600	100	1200	10000	1	7009	10	1	7010	1	붤멕	1
617	0	300	1400	1600	100	1200	10000	1	7009	10	1	7010	1	붤멕	1
618	0	300	1400	1600	100	1200	10000	1	7009	10	1	7010	1	붤멕	1
619	0	300	1400	1600	100	1200	10000	1	7009	10	1	7010	1	붤멕	1
620	0	300	1400	1600	100	1200	10000	1	7009	10	1	7010	1	붤멕	1
621	0	300	1400	1600	100	1200	10000	1	7009	10	1	7010	1	붤멕	1
622	0	300	1400	1600	100	1200	10000	1	7009	10	1	7010	1	붤멕	1
623	0	300	1400	1600	100	1200	10000	1	7009	10	1	7010	1	붤멕	1
624	0	300	1400	1600	100	1200	10000	1	7009	10	1	7010	1	붤멕	1
625	0	300	1400	1600	100	1200	10000	1	7009	10	1	7010	1	붤멕	1
626	0	300	1400	1600	100	1200	10000	1	7009	10	1	7010	1	붤멕	1
627	0	300	1400	1600	100	1200	10000	1	7009	10	1	7010	1	붤멕	1
628	0	300	1400	1600	100	1200	10000	1	7009	10	1	7010	1	붤멕	1
629	0	300	1400	1600	100	1200	10000	1	7009	10	1	7010	1	붤멕	1
630	0	300	1400	1600	100	1200	10000	1	7009	10	1	7010	1	붤멕	1
631	0	300	1400	1600	100	1200	10000	1	7009	10	1	7010	1	붤멕	1
632	0	300	1400	1600	100	1200	10000	1	7009	10	1	7010	1	붤멕	1
633	0	300	1400	1600	100	1200	10000	1	7009	10	1	7010	1	붤멕	1
634	0	300	1400	1600	100	1200	10000	1	7009	10	1	7010	1	붤멕	1
635	0	300	1400	1600	100	1200	10000	1	7009	10	1	7010	1	붤멕	1
636	0	300	1400	1600	100	1200	10000	1	7009	10	1	7010	1	붤멕	1
637	0	300	1400	1600	100	1200	10000	1	7009	10	1	7010	1	붤멕	1
638	0	300	1400	1600	100	1200	10000	1	7009	10	1	7010	1	붤멕	1
639	0	300	1400	1600	100	1200	10000	1	7009	10	1	7010	1	붤멕	1
640	0	300	1400	1600	100	1200	10000	1	7009	10	1	7010	1	붤멕	1
641	0	300	1400	1600	100	1200	10000	1	7009	10	1	7010	1	붤멕	1
642	0	300	1400	1600	100	1200	10000	1	7009	10	1	7010	1	붤멕	1
643	0	300	1400	1600	100	1200	10000	1	7009	10	1	7010	1	붤멕	1
644	0	300	1400	1600	100	1200	10000	1	7009	10	1	7010	1	붤멕	1
645	0	300	1400	1600	100	1200	10000	1	7009	10	1	7010	1	붤멕	1
646	0	300	1400	1600	100	1200	10000	1	7009	10	1	7010	1	붤멕	1
647	0	300	1400	1600	100	1200	10000	1	7009	10	1	7010	1	붤멕	1
648	0	300	1400	1600	100	1200	10000	1	7009	10	1	7010	1	붤멕	1
649	0	300	1400	1600	100	1200	10000	1	7009	10	1	7010	1	붤멕	1
650	0	300	1400	1600	100	1200	10000	1	7009	10	1	7010	1	붤멕	1
651	0	300	1400	1600	100	1200	10000	1	7009	10	1	7010	1	붤멕	1
652	0	300	1400	1600	100	1200	10000	1	7009	10	1	7010	1	붤멕	1
653	0	300	1400	1600	100	1200	10000	1	7009	10	1	7010	1	붤멕	1
654	0	300	1400	1600	100	1200	10000	1	7009	10	1	7010	1	붤멕	1
655	0	300	1400	1600	100	1200	10000	1	7009	10	1	7010	1	붤멕	1
656	0	300	1400	1600	100	1200	10000	1	7009	10	1	7010	1	붤멕	1
657	0	300	1400	1600	100	1200	10000	1	7009	10	1	7010	1	붤멕	1
658	0	300	1400	1600	100	1200	10000	1	7009	10	1	7010	1	붤멕	1
659	0	300	1400	1600	100	1200	10000	1	7009	10	1	7010	1	붤멕	1
660	0	300	1400	1600	100	1200	10000	1	7009	10	1	7010	1	붤멕	1
661	0	300	1400	1600	100	1200	10000	1	7009	10	1	7010	1	붤멕	1
662	0	300	1400	1600	100	1200	10000	1	7009	10	1	7010	1	붤멕	1
663	0	300	1400	1600	100	1200	10000	1	7009	10	1	7010	1	붤멕	1
664	0	300	1400	1600	100	1200	10000	1	7009	10	1	7010	1	붤멕	1
665	0	300	1400	1600	100	1200	10000	1	7009	10	1	7010	1	붤멕	1
666	0	300	1400	1600	100	1200	10000	1	7009	10	1	7010	1	붤멕	1
667	0	300	1400	1600	100	1200	10000	1	7009	10	1	7010	1	붤멕	1
668	0	300	1400	1600	100	1200	10000	1	7009	10	1	7010	1	붤멕	1
669	0	300	1400	1600	100	1200	10000	1	7009	10	1	7010	1	붤멕	1
670	0	300	1400	1600	100	1200	10000	1	7009	10	1	7010	1	붤멕	1
671	0	300	1400	1600	100	1200	10000	1	7009	10	1	7010	1	붤멕	1
672	0	300	1400	1600	100	1200	10000	1	7009	10	1	7010	1	붤멕	1
673	0	300	1400	1600	100	1200	10000	1	7009	10	1	7010	1	붤멕	1
674	0	300	1400	1600	100	1200	10000	1	7009	10	1	7010	1	붤멕	1
675	0	300	1400	1600	100	1200	10000	1	7009	10	1	7010	1	붤멕	1
676	0	300	1400	1600	100	1200	10000	1	7009	10	1	7010	1	붤멕	1
677	0	300	1400	1600	100	1200	10000	1	7009	10	1	7010	1	붤멕	1
678	0	300	1400	1600	100	1200	10000	1	7009	10	1	7010	1	붤멕	1
679	0	300	1400	1600	100	1200	10000	1	7009	10	1	7010	1	붤멕	1
680	0	300	1400	1600	100	1200	10000	1	7009	10	1	7010	1	붤멕	1
681	0	300	1400	1600	100	1200	10000	1	7009	10	1	7010	1	붤멕	1
682	0	300	1400	1600	100	1200	10000	1	7009	10	1	7010	1	붤멕	1
683	0	300	1400	1600	100	1200	10000	1	7009	10	1	7010	1	붤멕	1
684	0	300	1400	1600	100	1200	10000	1	7009	10	1	7010	1	붤멕	1
685	0	300	1400	1600	100	1200	10000	1	7009	10	1	7010	1	붤멕	1
686	0	300	1400	1600	100	1200	10000	1	7009	10	1	7010	1	붤멕	1
687	0	300	1400	1600	100	1200	10000	1	7009	10	1	7010	1	붤멕	1
688	0	300	1400	1600	100	1200	10000	1	7009	10	1	7010	1	붤멕	1
689	0	300	1400	1600	100	1200	10000	1	7009	10	1	7010	1	붤멕	1
690	0	300	1400	1600	100	1200	10000	1	7009	10	1	7010	1	붤멕	1
691	0	300	1400	1600	100	1200	10000	1	7009	10	1	7010	1	붤멕	1
692	0	300	1400	1600	100	1200	10000	1	7009	10	1	7010	1	붤멕	1
693	0	300	1400	1600	100	1200	10000	1	7009	10	1	7010	1	붤멕	1
694	0	300	1400	1600	100	1200	10000	1	7009	10	1	7010	1	붤멕	1
695	0	300	1400	1600	100	1200	10000	1	7009	10	1	7010	1	붤멕	1
696	0	300	1400	1600	100	1200	10000	1	7009	10	1	7010	1	붤멕	1
697	0	800	1400	1600	100	1200	10000	1	7009	10	1	7010	1	붤멕	1
698	0	800	1400	1600	100	1200	10000	1	7009	10	1	7010	1	붤멕	1
699	0	800	1400	1600	100	1200	10000	1	7009	10	1	7010	1	붤멕	1
700	0	800	1400	1600	100	1200	10000	1	7009	10	1	7010	1	붤멕	1
701	0	800	1400	1600	100	1200	10000	1	7009	10	1	7010	1	붤멕	1
702	0	800	1400	1600	100	1200	10000	1	7009	10	1	7010	1	붤멕	1
703	0	800	1400	1600	100	1200	10000	1	7009	10	1	7010	1	붤멕	1
704	0	800	1400	1600	100	1200	10000	1	7009	10	1	7010	1	붤멕	1
705	0	800	1400	1600	100	1200	10000	1	7009	10	1	7010	1	붤멕	1
706	0	800	1400	1600	100	1200	10000	1	7009	10	1	7010	1	붤멕	1
707	0	800	1400	1600	100	1200	10000	1	7009	10	1	7010	1	붤멕	1
708	0	800	1400	1600	100	1200	10000	1	7009	10	1	7010	1	붤멕	1
709	0	800	1400	1600	100	1200	10000	1	7009	10	1	7010	1	붤멕	1
710	0	800	1400	1600	100	1200	10000	1	7009	10	1	7010	1	붤멕	1
711	0	800	1400	1600	100	1200	10000	1	7009	10	1	7010	1	붤멕	1
712	0	800	1400	1600	100	1200	10000	1	7009	10	1	7010	1	붤멕	1
713	0	800	1400	1600	100	1200	10000	1	7009	10	1	7010	1	붤멕	1
714	0	800	1400	1600	100	1200	10000	1	7009	10	1	7010	1	붤멕	1
715	0	800	1400	1600	100	1200	10000	1	7009	10	1	7010	1	붤멕	1
716	0	800	1400	1600	100	1200	10000	1	7009	10	1	7010	1	붤멕	1
717	0	800	1400	1600	100	1200	10000	1	7009	10	1	7010	1	붤멕	1
718	0	800	1400	1600	100	1200	10000	1	7009	10	1	7010	1	붤멕	1
719	0	800	1400	1600	100	1200	10000	1	7009	10	1	7010	1	붤멕	1
720	0	800	1400	1600	100	1200	10000	1	7009	10	1	7010	1	붤멕	1
721	0	300	1600	1600	100	1200	10000	1	7009	15	1	7010	1	붤멕	1
722	0	300	1600	1600	100	1200	10000	1	7009	15	1	7010	1	붤멕	1
723	0	300	1600	1600	100	1200	10000	1	7009	15	1	7010	1	붤멕	1
724	0	300	1600	1600	100	1200	10000	1	7009	15	1	7010	1	붤멕	1
725	0	300	1600	1600	100	1200	10000	1	7009	15	1	7010	1	붤멕	1
726	0	300	1600	1600	100	1200	10000	1	7009	15	1	7010	1	붤멕	1
727	0	300	1600	1600	100	1200	10000	1	7009	15	1	7010	1	붤멕	1
728	0	300	1600	1600	100	1200	10000	1	7009	15	1	7010	1	붤멕	1
729	0	300	1600	1600	100	1200	10000	1	7009	15	1	7010	1	붤멕	1
730	0	300	1600	1600	100	1200	10000	1	7009	15	1	7010	1	붤멕	1
731	0	300	1600	1600	100	1200	10000	1	7009	15	1	7010	1	붤멕	1
732	0	300	1600	1600	100	1200	10000	1	7009	15	1	7010	1	붤멕	1
733	0	300	1600	1600	100	1200	10000	1	7009	15	1	7010	1	붤멕	1
734	0	300	1600	1600	100	1200	10000	1	7009	15	1	7010	1	붤멕	1
735	0	300	1600	1600	100	1200	10000	1	7009	15	1	7010	1	붤멕	1
736	0	300	1600	1600	100	1200	10000	1	7009	15	1	7010	1	붤멕	1
737	0	300	1600	1600	100	1200	10000	1	7009	15	1	7010	1	붤멕	1
738	0	300	1600	1600	100	1200	10000	1	7009	15	1	7010	1	붤멕	1
739	0	300	1600	1600	100	1200	10000	1	7009	15	1	7010	1	붤멕	1
740	0	300	1600	1600	100	1200	10000	1	7009	15	1	7010	1	붤멕	1
741	0	300	1600	1600	100	1200	10000	1	7009	15	1	7010	1	붤멕	1
742	0	300	1600	1600	100	1200	10000	1	7009	15	1	7010	1	붤멕	1
743	0	300	1600	1600	100	1200	10000	1	7009	15	1	7010	1	붤멕	1
744	0	300	1600	1600	100	1200	10000	1	7009	15	1	7010	1	붤멕	1
745	0	300	1600	1600	100	1200	10000	1	7009	15	1	7010	1	붤멕	1
746	0	300	1600	1600	100	1200	10000	1	7009	15	1	7010	1	붤멕	1
747	0	300	1600	1600	100	1200	10000	1	7009	15	1	7010	1	붤멕	1
748	0	300	1600	1600	100	1200	10000	1	7009	15	1	7010	1	붤멕	1
749	0	300	1600	1600	100	1200	10000	1	7009	15	1	7010	1	붤멕	1
750	0	300	1600	1600	100	1200	10000	1	7009	15	1	7010	1	붤멕	1
751	0	300	1600	1600	100	1200	10000	1	7009	15	1	7010	1	붤멕	1
752	0	300	1600	1600	100	1200	10000	1	7009	15	1	7010	1	붤멕	1
753	0	300	1600	1600	100	1200	10000	1	7009	15	1	7010	1	붤멕	1
754	0	300	1600	1600	100	1200	10000	1	7009	15	1	7010	1	붤멕	1
755	0	300	1600	1600	100	1200	10000	1	7009	15	1	7010	1	붤멕	1
756	0	300	1600	1600	100	1200	10000	1	7009	15	1	7010	1	붤멕	1
757	0	300	1600	1600	100	1200	10000	1	7009	15	1	7010	1	붤멕	1
758	0	300	1600	1600	100	1200	10000	1	7009	15	1	7010	1	붤멕	1
759	0	300	1600	1600	100	1200	10000	1	7009	15	1	7010	1	붤멕	1
760	0	300	1600	1600	100	1200	10000	1	7009	15	1	7010	1	붤멕	1
761	0	300	1600	1600	100	1200	10000	1	7009	15	1	7010	1	붤멕	1
762	0	300	1600	1600	100	1200	10000	1	7009	15	1	7010	1	붤멕	1
763	0	300	1600	1600	100	1200	10000	1	7009	15	1	7010	1	붤멕	1
764	0	300	1600	1600	100	1200	10000	1	7009	15	1	7010	1	붤멕	1
765	0	300	1600	1600	100	1200	10000	1	7009	15	1	7010	1	붤멕	1
766	0	300	1600	1600	100	1200	10000	1	7009	15	1	7010	1	붤멕	1
767	0	300	1600	1600	100	1200	10000	1	7009	15	1	7010	1	붤멕	1
768	0	300	1600	1600	100	1200	10000	1	7009	15	1	7010	1	붤멕	1
769	0	300	1600	1600	100	1200	10000	1	7009	15	1	7010	1	붤멕	1
770	0	300	1600	1600	100	1200	10000	1	7009	15	1	7010	1	붤멕	1
771	0	300	1600	1600	100	1200	10000	1	7009	15	1	7010	1	붤멕	1
772	0	300	1600	1600	100	1200	10000	1	7009	15	1	7010	1	붤멕	1
773	0	300	1600	1600	100	1200	10000	1	7009	15	1	7010	1	붤멕	1
774	0	300	1600	1600	100	1200	10000	1	7009	15	1	7010	1	붤멕	1
775	0	300	1600	1600	100	1200	10000	1	7009	15	1	7010	1	붤멕	1
776	0	300	1600	1600	100	1200	10000	1	7009	15	1	7010	1	붤멕	1
777	0	300	1600	1600	100	1200	10000	1	7009	15	1	7010	1	붤멕	1
778	0	300	1600	1600	100	1200	10000	1	7009	15	1	7010	1	붤멕	1
779	0	300	1600	1600	100	1200	10000	1	7009	15	1	7010	1	붤멕	1
780	0	300	1600	1600	100	1200	10000	1	7009	15	1	7010	1	붤멕	1
781	0	300	1600	1600	100	1200	10000	1	7009	15	1	7010	1	붤멕	1
782	0	300	1600	1600	100	1200	10000	1	7009	15	1	7010	1	붤멕	1
783	0	300	1600	1600	100	1200	10000	1	7009	15	1	7010	1	붤멕	1
784	0	300	1600	1600	100	1200	10000	1	7009	15	1	7010	1	붤멕	1
785	0	300	1600	1600	100	1200	10000	1	7009	15	1	7010	1	붤멕	1
786	0	300	1600	1600	100	1200	10000	1	7009	15	1	7010	1	붤멕	1
787	0	300	1600	1600	100	1200	10000	1	7009	15	1	7010	1	붤멕	1
788	0	300	1600	1600	100	1200	10000	1	7009	15	1	7010	1	붤멕	1
789	0	300	1600	1600	100	1200	10000	1	7009	15	1	7010	1	붤멕	1
790	0	300	1600	1600	100	1200	10000	1	7009	15	1	7010	1	붤멕	1
791	0	300	1600	1600	100	1200	10000	1	7009	15	1	7010	1	붤멕	1
792	0	300	1600	1600	100	1200	10000	1	7009	15	1	7010	1	붤멕	1
793	0	300	1600	1600	100	1200	10000	1	7009	15	1	7010	1	붤멕	1
794	0	300	1600	1600	100	1200	10000	1	7009	15	1	7010	1	붤멕	1
795	0	300	1600	1600	100	1200	10000	1	7009	15	1	7010	1	붤멕	1
796	0	300	1600	1600	100	1200	10000	1	7009	15	1	7010	1	붤멕	1
797	0	300	1600	1600	100	1200	10000	1	7009	15	1	7010	1	붤멕	1
798	0	300	1600	1600	100	1200	10000	1	7009	15	1	7010	1	붤멕	1
799	0	300	1600	1600	100	1200	10000	1	7009	15	1	7010	1	붤멕	1
800	0	300	1600	1600	100	1200	10000	1	7009	15	1	7010	1	붤멕	1
801	0	300	1600	1600	100	1200	10000	1	7009	15	1	7010	1	붤멕	1
802	0	300	1600	1600	100	1200	10000	1	7009	15	1	7010	1	붤멕	1
803	0	300	1600	1600	100	1200	10000	1	7009	15	1	7010	1	붤멕	1
804	0	300	1600	1600	100	1200	10000	1	7009	15	1	7010	1	붤멕	1
805	0	300	1600	1600	100	1200	10000	1	7009	15	1	7010	1	붤멕	1
806	0	300	1600	1600	100	1200	10000	1	7009	15	1	7010	1	붤멕	1
807	0	300	1600	1600	100	1200	10000	1	7009	15	1	7010	1	붤멕	1
808	0	300	1600	1600	100	1200	10000	1	7009	15	1	7010	1	붤멕	1
809	0	300	1600	1600	100	1200	10000	1	7009	15	1	7010	1	붤멕	1
810	0	300	1600	1600	100	1200	10000	1	7009	15	1	7010	1	붤멕	1
811	0	300	1600	1600	100	1200	10000	1	7009	15	1	7010	1	붤멕	1
812	0	300	1600	1600	100	1200	10000	1	7009	15	1	7010	1	붤멕	1
813	0	300	1600	1600	100	1200	10000	1	7009	15	1	7010	1	붤멕	1
814	0	300	1600	1600	100	1200	10000	1	7009	15	1	7010	1	붤멕	1
815	0	300	1600	1600	100	1200	10000	1	7009	15	1	7010	1	붤멕	1
816	0	300	1600	1600	100	1200	10000	1	7009	15	1	7010	1	붤멕	1
817	0	800	1600	1600	100	1200	10000	1	7009	15	1	7010	1	붤멕	1
818	0	800	1600	1600	100	1200	10000	1	7009	15	1	7010	1	붤멕	1
819	0	800	1600	1600	100	1200	10000	1	7009	15	1	7010	1	붤멕	1
820	0	800	1600	1600	100	1200	10000	1	7009	15	1	7010	1	붤멕	1
821	0	800	1600	1600	100	1200	10000	1	7009	15	1	7010	1	붤멕	1
822	0	800	1600	1600	100	1200	10000	1	7009	15	1	7010	1	붤멕	1
823	0	800	1600	1600	100	1200	10000	1	7009	15	1	7010	1	붤멕	1
824	0	800	1600	1600	100	1200	10000	1	7009	15	1	7010	1	붤멕	1
825	0	800	1600	1600	100	1200	10000	1	7009	15	1	7010	1	붤멕	1
826	0	800	1600	1600	100	1200	10000	1	7009	15	1	7010	1	붤멕	1
827	0	800	1600	1600	100	1200	10000	1	7009	15	1	7010	1	붤멕	1
828	0	800	1600	1600	100	1200	10000	1	7009	15	1	7010	1	붤멕	1
829	0	800	1600	1600	100	1200	10000	1	7009	15	1	7010	1	붤멕	1
830	0	800	1600	1600	100	1200	10000	1	7009	15	1	7010	1	붤멕	1
831	0	800	1600	1600	100	1200	10000	1	7009	15	1	7010	1	붤멕	1
832	0	800	1600	1600	100	1200	10000	1	7009	15	1	7010	1	붤멕	1
833	0	800	1600	1600	100	1200	10000	1	7009	15	1	7010	1	붤멕	1
834	0	800	1600	1600	100	1200	10000	1	7009	15	1	7010	1	붤멕	1
835	0	800	1600	1600	100	1200	10000	1	7009	15	1	7010	1	붤멕	1
836	0	800	1600	1600	100	1200	10000	1	7009	15	1	7010	1	붤멕	1
837	0	800	1600	1600	100	1200	10000	1	7009	15	1	7010	1	붤멕	1
838	0	800	1600	1600	100	1200	10000	1	7009	15	1	7010	1	붤멕	1
839	0	800	1600	1600	100	1200	10000	1	7009	15	1	7010	1	붤멕	1
840	0	800	1600	1600	100	1200	10000	1	7009	15	1	7010	1	붤멕	1
841	0	300	2000	2000	100	1000	10000	1	7009	20	1	7010	1	붤멕	1
842	0	300	2000	2000	100	1000	10000	1	7009	20	1	7010	1	붤멕	1
843	0	300	2000	2000	100	1000	10000	1	7009	20	1	7010	1	붤멕	1
844	0	300	2000	2000	100	1000	10000	1	7009	20	1	7010	1	붤멕	1
845	0	300	2000	2000	100	1000	10000	1	7009	20	1	7010	1	붤멕	1
846	0	300	2000	2000	100	1000	10000	1	7009	20	1	7010	1	붤멕	1
847	0	300	2000	2000	100	1000	10000	1	7009	20	1	7010	1	붤멕	1
848	0	300	2000	2000	100	1000	10000	1	7009	20	1	7010	1	붤멕	1
849	0	300	2000	2000	100	1000	10000	1	7009	20	1	7010	1	붤멕	1
850	0	300	2000	2000	100	1000	10000	1	7009	20	1	7010	1	붤멕	1
851	0	300	2000	2000	100	1000	10000	1	7009	20	1	7010	1	붤멕	1
852	0	300	2000	2000	100	1000	10000	1	7009	20	1	7010	1	붤멕	1
853	0	300	2000	2000	100	1000	10000	1	7009	20	1	7010	1	붤멕	1
854	0	300	2000	2000	100	1000	10000	1	7009	20	1	7010	1	붤멕	1
855	0	300	2000	2000	100	1000	10000	1	7009	20	1	7010	1	붤멕	1
856	0	300	2000	2000	100	1000	10000	1	7009	20	1	7010	1	붤멕	1
857	0	300	2000	2000	100	1000	10000	1	7009	20	1	7010	1	붤멕	1
858	0	300	2000	2000	100	1000	10000	1	7009	20	1	7010	1	붤멕	1
859	0	300	2000	2000	100	1000	10000	1	7009	20	1	7010	1	붤멕	1
860	0	300	2000	2000	100	1000	10000	1	7009	20	1	7010	1	붤멕	1
861	0	300	2000	2000	100	1000	10000	1	7009	20	1	7010	1	붤멕	1
862	0	300	2000	2000	100	1000	10000	1	7009	20	1	7010	1	붤멕	1
863	0	300	2000	2000	100	1000	10000	1	7009	20	1	7010	1	붤멕	1
864	0	300	2000	2000	100	1000	10000	1	7009	20	1	7010	1	붤멕	1
865	0	300	2000	2000	100	1000	10000	1	7009	20	1	7010	1	붤멕	1
866	0	300	2000	2000	100	1000	10000	1	7009	20	1	7010	1	붤멕	1
867	0	300	2000	2000	100	1000	10000	1	7009	20	1	7010	1	붤멕	1
868	0	300	2000	2000	100	1000	10000	1	7009	20	1	7010	1	붤멕	1
869	0	300	2000	2000	100	1000	10000	1	7009	20	1	7010	1	붤멕	1
870	0	300	2000	2000	100	1000	10000	1	7009	20	1	7010	1	붤멕	1
871	0	300	2000	2000	100	1000	10000	1	7009	20	1	7010	1	붤멕	1
872	0	300	2000	2000	100	1000	10000	1	7009	20	1	7010	1	붤멕	1
873	0	300	2000	2000	100	1000	10000	1	7009	20	1	7010	1	붤멕	1
874	0	300	2000	2000	100	1000	10000	1	7009	20	1	7010	1	붤멕	1
875	0	300	2000	2000	100	1000	10000	1	7009	20	1	7010	1	붤멕	1
876	0	300	2000	2000	100	1000	10000	1	7009	20	1	7010	1	붤멕	1
877	0	300	2000	2000	100	1000	10000	1	7009	20	1	7010	1	붤멕	1
878	0	300	2000	2000	100	1000	10000	1	7009	20	1	7010	1	붤멕	1
879	0	300	2000	2000	100	1000	10000	1	7009	20	1	7010	1	붤멕	1
880	0	300	2000	2000	100	1000	10000	1	7009	20	1	7010	1	붤멕	1
881	0	300	2000	2000	100	1000	10000	1	7009	20	1	7010	1	붤멕	1
882	0	300	2000	2000	100	1000	10000	1	7009	20	1	7010	1	붤멕	1
883	0	300	2000	2000	100	1000	10000	1	7009	20	1	7010	1	붤멕	1
884	0	300	2000	2000	100	1000	10000	1	7009	20	1	7010	1	붤멕	1
885	0	300	2000	2000	100	1000	10000	1	7009	20	1	7010	1	붤멕	1
886	0	300	2000	2000	100	1000	10000	1	7009	20	1	7010	1	붤멕	1
887	0	300	2000	2000	100	1000	10000	1	7009	20	1	7010	1	붤멕	1
888	0	300	2000	2000	100	1000	10000	1	7009	20	1	7010	1	붤멕	1
889	0	300	2000	2000	100	1000	10000	1	7009	20	1	7010	1	붤멕	1
890	0	300	2000	2000	100	1000	10000	1	7009	20	1	7010	1	붤멕	1
891	0	300	2000	2000	100	1000	10000	1	7009	20	1	7010	1	붤멕	1
892	0	300	2000	2000	100	1000	10000	1	7009	20	1	7010	1	붤멕	1
893	0	300	2000	2000	100	1000	10000	1	7009	20	1	7010	1	붤멕	1
894	0	300	2000	2000	100	1000	10000	1	7009	20	1	7010	1	붤멕	1
895	0	300	2000	2000	100	1000	10000	1	7009	20	1	7010	1	붤멕	1
896	0	300	2000	2000	100	1000	10000	1	7009	20	1	7010	1	붤멕	1
897	0	300	2000	2000	100	1000	10000	1	7009	20	1	7010	1	붤멕	1
898	0	300	2000	2000	100	1000	10000	1	7009	20	1	7010	1	붤멕	1
899	0	300	2000	2000	100	1000	10000	1	7009	20	1	7010	1	붤멕	1
900	0	300	2000	2000	100	1000	10000	1	7009	20	1	7010	1	붤멕	1
901	0	300	2000	2000	100	1000	10000	1	7009	20	1	7010	1	붤멕	1
902	0	300	2000	2000	100	1000	10000	1	7009	20	1	7010	1	붤멕	1
903	0	300	2000	2000	100	1000	10000	1	7009	20	1	7010	1	붤멕	1
904	0	300	2000	2000	100	1000	10000	1	7009	20	1	7010	1	붤멕	1
905	0	300	2000	2000	100	1000	10000	1	7009	20	1	7010	1	붤멕	1
906	0	300	2000	2000	100	1000	10000	1	7009	20	1	7010	1	붤멕	1
907	0	300	2000	2000	100	1000	10000	1	7009	20	1	7010	1	붤멕	1
908	0	300	2000	2000	100	1000	10000	1	7009	20	1	7010	1	붤멕	1
909	0	300	2000	2000	100	1000	10000	1	7009	20	1	7010	1	붤멕	1
910	0	300	2000	2000	100	1000	10000	1	7009	20	1	7010	1	붤멕	1
911	0	300	2000	2000	100	1000	10000	1	7009	20	1	7010	1	붤멕	1
912	0	300	2000	2000	100	1000	10000	1	7009	20	1	7010	1	붤멕	1
913	0	300	2000	2000	100	1000	10000	1	7009	20	1	7010	1	붤멕	1
914	0	300	2000	2000	100	1000	10000	1	7009	20	1	7010	1	붤멕	1
915	0	300	2000	2000	100	1000	10000	1	7009	20	1	7010	1	붤멕	1
916	0	300	2000	2000	100	1000	10000	1	7009	20	1	7010	1	붤멕	1
917	0	300	2000	2000	100	1000	10000	1	7009	20	1	7010	1	붤멕	1
918	0	300	2000	2000	100	1000	10000	1	7009	20	1	7010	1	붤멕	1
919	0	300	2000	2000	100	1000	10000	1	7009	20	1	7010	1	붤멕	1
920	0	300	2000	2000	100	1000	10000	1	7009	20	1	7010	1	붤멕	1
921	0	300	2000	2000	100	1000	10000	1	7009	20	1	7010	1	붤멕	1
922	0	300	2000	2000	100	1000	10000	1	7009	20	1	7010	1	붤멕	1
923	0	300	2000	2000	100	1000	10000	1	7009	20	1	7010	1	붤멕	1
924	0	300	2000	2000	100	1000	10000	1	7009	20	1	7010	1	붤멕	1
925	0	300	2000	2000	100	1000	10000	1	7009	20	1	7010	1	붤멕	1
926	0	300	2000	2000	100	1000	10000	1	7009	20	1	7010	1	붤멕	1
927	0	300	2000	2000	100	1000	10000	1	7009	20	1	7010	1	붤멕	1
928	0	300	2000	2000	100	1000	10000	1	7009	20	1	7010	1	붤멕	1
929	0	300	2000	2000	100	1000	10000	1	7009	20	1	7010	1	붤멕	1
930	0	300	2000	2000	100	1000	10000	1	7009	20	1	7010	1	붤멕	1
931	0	300	2000	2000	100	1000	10000	1	7009	20	1	7010	1	붤멕	1
932	0	300	2000	2000	100	1000	10000	1	7009	20	1	7010	1	붤멕	1
933	0	300	2000	2000	100	1000	10000	1	7009	20	1	7010	1	붤멕	1
934	0	300	2000	2000	100	1000	10000	1	7009	20	1	7010	1	붤멕	1
935	0	300	2000	2000	100	1000	10000	1	7009	20	1	7010	1	붤멕	1
936	0	300	2000	2000	100	1000	10000	1	7009	20	1	7010	1	붤멕	1
937	0	1000	2000	2000	100	1000	10000	1	7009	20	1	7010	1	붤멕	1
938	0	1000	2000	2000	100	1000	10000	1	7009	20	1	7010	1	붤멕	1
939	0	1000	2000	2000	100	1000	10000	1	7009	20	1	7010	1	붤멕	1
940	0	1000	2000	2000	100	1000	10000	1	7009	20	1	7010	1	붤멕	1
941	0	1000	2000	2000	100	1000	10000	1	7009	20	1	7010	1	붤멕	1
942	0	1000	2000	2000	100	1000	10000	1	7009	20	1	7010	1	붤멕	1
943	0	1000	2000	2000	100	1000	10000	1	7009	20	1	7010	1	붤멕	1
944	0	1000	2000	2000	100	1000	10000	1	7009	20	1	7010	1	붤멕	1
945	0	1000	2000	2000	100	1000	10000	1	7009	20	1	7010	1	붤멕	1
946	0	1000	2000	2000	100	1000	10000	1	7009	20	1	7010	1	붤멕	1
947	0	1000	2000	2000	100	1000	10000	1	7009	20	1	7010	1	붤멕	1
948	0	1000	2000	2000	100	1000	10000	1	7009	20	1	7010	1	붤멕	1
949	0	1000	2000	2000	100	1000	10000	1	7009	20	1	7010	1	붤멕	1
950	0	1000	2000	2000	100	1000	10000	1	7009	20	1	7010	1	붤멕	1
951	0	1000	2000	2000	100	1000	10000	1	7009	20	1	7010	1	붤멕	1
952	0	1000	2000	2000	100	1000	10000	1	7009	20	1	7010	1	붤멕	1
953	0	1000	2000	2000	100	1000	10000	1	7009	20	1	7010	1	붤멕	1
954	0	1000	2000	2000	100	1000	10000	1	7009	20	1	7010	1	붤멕	1
955	0	1000	2000	2000	100	1000	10000	1	7009	20	1	7010	1	붤멕	1
956	0	1000	2000	2000	100	1000	10000	1	7009	20	1	7010	1	붤멕	1
957	0	1000	2000	2000	100	1000	10000	1	7009	20	1	7010	1	붤멕	1
958	0	1000	2000	2000	100	1000	10000	1	7009	20	1	7010	1	붤멕	1
959	0	1000	2000	2000	100	1000	10000	1	7009	20	1	7010	1	붤멕	1
960	0	1000	2000	2000	100	1000	10000	1	7009	20	1	7010	1	붤멕	1
961	0	300	2000	2000	100	1000	10000	1	7009	30	1	7010	1	붤멕	1
962	0	300	2000	2000	100	1000	10000	1	7009	30	1	7010	1	붤멕	1
963	0	300	2000	2000	100	1000	10000	1	7009	30	1	7010	1	붤멕	1
964	0	300	2000	2000	100	1000	10000	1	7009	30	1	7010	1	붤멕	1
965	0	300	2000	2000	100	1000	10000	1	7009	30	1	7010	1	붤멕	1
966	0	300	2000	2000	100	1000	10000	1	7009	30	1	7010	1	붤멕	1
967	0	300	2000	2000	100	1000	10000	1	7009	30	1	7010	1	붤멕	1
968	0	300	2000	2000	100	1000	10000	1	7009	30	1	7010	1	붤멕	1
969	0	300	2000	2000	100	1000	10000	1	7009	30	1	7010	1	붤멕	1
970	0	300	2000	2000	100	1000	10000	1	7009	30	1	7010	1	붤멕	1
971	0	300	2000	2000	100	1000	10000	1	7009	30	1	7010	1	붤멕	1
972	0	300	2000	2000	100	1000	10000	1	7009	30	1	7010	1	붤멕	1
973	0	300	2000	2000	100	1000	10000	1	7009	30	1	7010	1	붤멕	1
974	0	300	2000	2000	100	1000	10000	1	7009	30	1	7010	1	붤멕	1
975	0	300	2000	2000	100	1000	10000	1	7009	30	1	7010	1	붤멕	1
976	0	300	2000	2000	100	1000	10000	1	7009	30	1	7010	1	붤멕	1
977	0	300	2000	2000	100	1000	10000	1	7009	30	1	7010	1	붤멕	1
978	0	300	2000	2000	100	1000	10000	1	7009	30	1	7010	1	붤멕	1
979	0	300	2000	2000	100	1000	10000	1	7009	30	1	7010	1	붤멕	1
980	0	300	2000	2000	100	1000	10000	1	7009	30	1	7010	1	붤멕	1
981	0	300	2000	2000	100	1000	10000	1	7009	30	1	7010	1	붤멕	1
982	0	300	2000	2000	100	1000	10000	1	7009	30	1	7010	1	붤멕	1
983	0	300	2000	2000	100	1000	10000	1	7009	30	1	7010	1	붤멕	1
984	0	300	2000	2000	100	1000	10000	1	7009	30	1	7010	1	붤멕	1
985	0	300	2000	2000	100	1000	10000	1	7009	30	1	7010	1	붤멕	1
986	0	300	2000	2000	100	1000	10000	1	7009	30	1	7010	1	붤멕	1
987	0	300	2000	2000	100	1000	10000	1	7009	30	1	7010	1	붤멕	1
988	0	300	2000	2000	100	1000	10000	1	7009	30	1	7010	1	붤멕	1
989	0	300	2000	2000	100	1000	10000	1	7009	30	1	7010	1	붤멕	1
990	0	300	2000	2000	100	1000	10000	1	7009	30	1	7010	1	붤멕	1
991	0	300	2000	2000	100	1000	10000	1	7009	30	1	7010	1	붤멕	1
992	0	300	2000	2000	100	1000	10000	1	7009	30	1	7010	1	붤멕	1
993	0	300	2000	2000	100	1000	10000	1	7009	30	1	7010	1	붤멕	1
994	0	300	2000	2000	100	1000	10000	1	7009	30	1	7010	1	붤멕	1
995	0	300	2000	2000	100	1000	10000	1	7009	30	1	7010	1	붤멕	1
996	0	300	2000	2000	100	1000	10000	1	7009	30	1	7010	1	붤멕	1
997	0	300	2000	2000	100	1000	10000	1	7009	30	1	7010	1	붤멕	1
998	0	300	2000	2000	100	1000	10000	1	7009	30	1	7010	1	붤멕	1
999	0	300	2000	2000	100	1000	10000	1	7009	30	1	7010	1	붤멕	1
1000	0	300	2000	2000	100	1000	10000	1	7009	30	1	7010	1	붤멕	1
1001	0	300	2000	2000	100	1000	10000	1	7009	30	1	7010	1	붤멕	1
1002	0	300	2000	2000	100	1000	10000	1	7009	30	1	7010	1	붤멕	1
1003	0	300	2000	2000	100	1000	10000	1	7009	30	1	7010	1	붤멕	1
1004	0	300	2000	2000	100	1000	10000	1	7009	30	1	7010	1	붤멕	1
1005	0	300	2000	2000	100	1000	10000	1	7009	30	1	7010	1	붤멕	1
1006	0	300	2000	2000	100	1000	10000	1	7009	30	1	7010	1	붤멕	1
1007	0	300	2000	2000	100	1000	10000	1	7009	30	1	7010	1	붤멕	1
1008	0	300	2000	2000	100	1000	10000	1	7009	30	1	7010	1	붤멕	1
1009	0	300	2000	2000	100	1000	10000	1	7009	30	1	7010	1	붤멕	1
1010	0	300	2000	2000	100	1000	10000	1	7009	30	1	7010	1	붤멕	1
1011	0	300	2000	2000	100	1000	10000	1	7009	30	1	7010	1	붤멕	1
1012	0	300	2000	2000	100	1000	10000	1	7009	30	1	7010	1	붤멕	1
1013	0	300	2000	2000	100	1000	10000	1	7009	30	1	7010	1	붤멕	1
1014	0	300	2000	2000	100	1000	10000	1	7009	30	1	7010	1	붤멕	1
1015	0	300	2000	2000	100	1000	10000	1	7009	30	1	7010	1	붤멕	1
1016	0	300	2000	2000	100	1000	10000	1	7009	30	1	7010	1	붤멕	1
1017	0	300	2000	2000	100	1000	10000	1	7009	30	1	7010	1	붤멕	1
1018	0	300	2000	2000	100	1000	10000	1	7009	30	1	7010	1	붤멕	1
1019	0	300	2000	2000	100	1000	10000	1	7009	30	1	7010	1	붤멕	1
1020	0	300	2000	2000	100	1000	10000	1	7009	30	1	7010	1	붤멕	1
1021	0	300	2000	2000	100	1000	10000	1	7009	30	1	7010	1	붤멕	1
1022	0	300	2000	2000	100	1000	10000	1	7009	30	1	7010	1	붤멕	1
1023	0	300	2000	2000	100	1000	10000	1	7009	30	1	7010	1	붤멕	1
1024	0	300	2000	2000	100	1000	10000	1	7009	30	1	7010	1	붤멕	1
1025	0	300	2000	2000	100	1000	10000	1	7009	30	1	7010	1	붤멕	1
1026	0	300	2000	2000	100	1000	10000	1	7009	30	1	7010	1	붤멕	1
1027	0	300	2000	2000	100	1000	10000	1	7009	30	1	7010	1	붤멕	1
1028	0	300	2000	2000	100	1000	10000	1	7009	30	1	7010	1	붤멕	1
1029	0	300	2000	2000	100	1000	10000	1	7009	30	1	7010	1	붤멕	1
1030	0	300	2000	2000	100	1000	10000	1	7009	30	1	7010	1	붤멕	1
1031	0	300	2000	2000	100	1000	10000	1	7009	30	1	7010	1	붤멕	1
1032	0	300	2000	2000	100	1000	10000	1	7009	30	1	7010	1	붤멕	1
1033	0	300	2000	2000	100	1000	10000	1	7009	30	1	7010	1	붤멕	1
1034	0	300	2000	2000	100	1000	10000	1	7009	30	1	7010	1	붤멕	1
1035	0	300	2000	2000	100	1000	10000	1	7009	30	1	7010	1	붤멕	1
1036	0	300	2000	2000	100	1000	10000	1	7009	30	1	7010	1	붤멕	1
1037	0	300	2000	2000	100	1000	10000	1	7009	30	1	7010	1	붤멕	1
1038	0	300	2000	2000	100	1000	10000	1	7009	30	1	7010	1	붤멕	1
1039	0	300	2000	2000	100	1000	10000	1	7009	30	1	7010	1	붤멕	1
1040	0	300	2000	2000	100	1000	10000	1	7009	30	1	7010	1	붤멕	1
1041	0	300	2000	2000	100	1000	10000	1	7009	30	1	7010	1	붤멕	1
1042	0	300	2000	2000	100	1000	10000	1	7009	30	1	7010	1	붤멕	1
1043	0	300	2000	2000	100	1000	10000	1	7009	30	1	7010	1	붤멕	1
1044	0	300	2000	2000	100	1000	10000	1	7009	30	1	7010	1	붤멕	1
1045	0	300	2000	2000	100	1000	10000	1	7009	30	1	7010	1	붤멕	1
1046	0	300	2000	2000	100	1000	10000	1	7009	30	1	7010	1	붤멕	1
1047	0	300	2000	2000	100	1000	10000	1	7009	30	1	7010	1	붤멕	1
1048	0	300	2000	2000	100	1000	10000	1	7009	30	1	7010	1	붤멕	1
1049	0	300	2000	2000	100	1000	10000	1	7009	30	1	7010	1	붤멕	1
1050	0	300	2000	2000	100	1000	10000	1	7009	30	1	7010	1	붤멕	1
1051	0	300	2000	2000	100	1000	10000	1	7009	30	1	7010	1	붤멕	1
1052	0	300	2000	2000	100	1000	10000	1	7009	30	1	7010	1	붤멕	1
1053	0	300	2000	2000	100	1000	10000	1	7009	30	1	7010	1	붤멕	1
1054	0	300	2000	2000	100	1000	10000	1	7009	30	1	7010	1	붤멕	1
1055	0	300	2000	2000	100	1000	10000	1	7009	30	1	7010	1	붤멕	1
1056	0	300	2000	2000	100	1000	10000	1	7009	30	1	7010	1	붤멕	1
1057	0	1000	2000	2000	100	1000	10000	1	7009	30	1	7010	1	붤멕	1
1058	0	1000	2000	2000	100	1000	10000	1	7009	30	1	7010	1	붤멕	1
1059	0	1000	2000	2000	100	1000	10000	1	7009	30	1	7010	1	붤멕	1
1060	0	1000	2000	2000	100	1000	10000	1	7009	30	1	7010	1	붤멕	1
1061	0	1000	2000	2000	100	1000	10000	1	7009	30	1	7010	1	붤멕	1
1062	0	1000	2000	2000	100	1000	10000	1	7009	30	1	7010	1	붤멕	1
1063	0	1000	2000	2000	100	1000	10000	1	7009	30	1	7010	1	붤멕	1
1064	0	1000	2000	2000	100	1000	10000	1	7009	30	1	7010	1	붤멕	1
1065	0	1000	2000	2000	100	1000	10000	1	7009	30	1	7010	1	붤멕	1
1066	0	1000	2000	2000	100	1000	10000	1	7009	30	1	7010	1	붤멕	1
1067	0	1000	2000	2000	100	1000	10000	1	7009	30	1	7010	1	붤멕	1
1068	0	1000	2000	2000	100	1000	10000	1	7009	30	1	7010	1	붤멕	1
1069	0	1000	2000	2000	100	1000	10000	1	7009	30	1	7010	1	붤멕	1
1070	0	1000	2000	2000	100	1000	10000	1	7009	30	1	7010	1	붤멕	1
1071	0	1000	2000	2000	100	1000	10000	1	7009	30	1	7010	1	붤멕	1
1072	0	1000	2000	2000	100	1000	10000	1	7009	30	1	7010	1	붤멕	1
1073	0	1000	2000	2000	100	1000	10000	1	7009	30	1	7010	1	붤멕	1
1074	0	1000	2000	2000	100	1000	10000	1	7009	30	1	7010	1	붤멕	1
1075	0	1000	2000	2000	100	1000	10000	1	7009	30	1	7010	1	붤멕	1
1076	0	1000	2000	2000	100	1000	10000	1	7009	30	1	7010	1	붤멕	1
1077	0	1000	2000	2000	100	1000	10000	1	7009	30	1	7010	1	붤멕	1
1078	0	1000	2000	2000	100	1000	10000	1	7009	30	1	7010	1	붤멕	1
1079	0	1000	2000	2000	100	1000	10000	1	7009	30	1	7010	1	붤멕	1
1080	0	1000	2000	2000	100	1000	10000	1	7009	30	1	7010	1	붤멕	1
1081	0	300	2000	2000	100	1000	10000	1	7009	40	1	7010	1	붤멕	1
1082	0	300	2000	2000	100	1000	10000	1	7009	40	1	7010	1	붤멕	1
1083	0	300	2000	2000	100	1000	10000	1	7009	40	1	7010	1	붤멕	1
1084	0	300	2000	2000	100	1000	10000	1	7009	40	1	7010	1	붤멕	1
1085	0	300	2000	2000	100	1000	10000	1	7009	40	1	7010	1	붤멕	1
1086	0	300	2000	2000	100	1000	10000	1	7009	40	1	7010	1	붤멕	1
1087	0	300	2000	2000	100	1000	10000	1	7009	40	1	7010	1	붤멕	1
1088	0	300	2000	2000	100	1000	10000	1	7009	40	1	7010	1	붤멕	1
1089	0	300	2000	2000	100	1000	10000	1	7009	40	1	7010	1	붤멕	1
1090	0	300	2000	2000	100	1000	10000	1	7009	40	1	7010	1	붤멕	1
1091	0	300	2000	2000	100	1000	10000	1	7009	40	1	7010	1	붤멕	1
1092	0	300	2000	2000	100	1000	10000	1	7009	40	1	7010	1	붤멕	1
1093	0	300	2000	2000	100	1000	10000	1	7009	40	1	7010	1	붤멕	1
1094	0	300	2000	2000	100	1000	10000	1	7009	40	1	7010	1	붤멕	1
1095	0	300	2000	2000	100	1000	10000	1	7009	40	1	7010	1	붤멕	1
1096	0	300	2000	2000	100	1000	10000	1	7009	40	1	7010	1	붤멕	1
1097	0	300	2000	2000	100	1000	10000	1	7009	40	1	7010	1	붤멕	1
1098	0	300	2000	2000	100	1000	10000	1	7009	40	1	7010	1	붤멕	1
1099	0	300	2000	2000	100	1000	10000	1	7009	40	1	7010	1	붤멕	1
1100	0	300	2000	2000	100	1000	10000	1	7009	40	1	7010	1	붤멕	1
1101	0	300	2000	2000	100	1000	10000	1	7009	40	1	7010	1	붤멕	1
1102	0	300	2000	2000	100	1000	10000	1	7009	40	1	7010	1	붤멕	1
1103	0	300	2000	2000	100	1000	10000	1	7009	40	1	7010	1	붤멕	1
1104	0	300	2000	2000	100	1000	10000	1	7009	40	1	7010	1	붤멕	1
1105	0	300	2000	2000	100	1000	10000	1	7009	40	1	7010	1	붤멕	1
1106	0	300	2000	2000	100	1000	10000	1	7009	40	1	7010	1	붤멕	1
1107	0	300	2000	2000	100	1000	10000	1	7009	40	1	7010	1	붤멕	1
1108	0	300	2000	2000	100	1000	10000	1	7009	40	1	7010	1	붤멕	1
1109	0	300	2000	2000	100	1000	10000	1	7009	40	1	7010	1	붤멕	1
1110	0	300	2000	2000	100	1000	10000	1	7009	40	1	7010	1	붤멕	1
1111	0	300	2000	2000	100	1000	10000	1	7009	40	1	7010	1	붤멕	1
1112	0	300	2000	2000	100	1000	10000	1	7009	40	1	7010	1	붤멕	1
1113	0	300	2000	2000	100	1000	10000	1	7009	40	1	7010	1	붤멕	1
1114	0	300	2000	2000	100	1000	10000	1	7009	40	1	7010	1	붤멕	1
1115	0	300	2000	2000	100	1000	10000	1	7009	40	1	7010	1	붤멕	1
1116	0	300	2000	2000	100	1000	10000	1	7009	40	1	7010	1	붤멕	1
1117	0	300	2000	2000	100	1000	10000	1	7009	40	1	7010	1	붤멕	1
1118	0	300	2000	2000	100	1000	10000	1	7009	40	1	7010	1	붤멕	1
1119	0	300	2000	2000	100	1000	10000	1	7009	40	1	7010	1	붤멕	1
1120	0	300	2000	2000	100	1000	10000	1	7009	40	1	7010	1	붤멕	1
1121	0	300	2000	2000	100	1000	10000	1	7009	40	1	7010	1	붤멕	1
1122	0	300	2000	2000	100	1000	10000	1	7009	40	1	7010	1	붤멕	1
1123	0	300	2000	2000	100	1000	10000	1	7009	40	1	7010	1	붤멕	1
1124	0	300	2000	2000	100	1000	10000	1	7009	40	1	7010	1	붤멕	1
1125	0	300	2000	2000	100	1000	10000	1	7009	40	1	7010	1	붤멕	1
1126	0	300	2000	2000	100	1000	10000	1	7009	40	1	7010	1	붤멕	1
1127	0	300	2000	2000	100	1000	10000	1	7009	40	1	7010	1	붤멕	1
1128	0	300	2000	2000	100	1000	10000	1	7009	40	1	7010	1	붤멕	1
1129	0	300	2000	2000	100	1000	10000	1	7009	40	1	7010	1	붤멕	1
1130	0	300	2000	2000	100	1000	10000	1	7009	40	1	7010	1	붤멕	1
1131	0	300	2000	2000	100	1000	10000	1	7009	40	1	7010	1	붤멕	1
1132	0	300	2000	2000	100	1000	10000	1	7009	40	1	7010	1	붤멕	1
1133	0	300	2000	2000	100	1000	10000	1	7009	40	1	7010	1	붤멕	1
1134	0	300	2000	2000	100	1000	10000	1	7009	40	1	7010	1	붤멕	1
1135	0	300	2000	2000	100	1000	10000	1	7009	40	1	7010	1	붤멕	1
1136	0	300	2000	2000	100	1000	10000	1	7009	40	1	7010	1	붤멕	1
1137	0	300	2000	2000	100	1000	10000	1	7009	40	1	7010	1	붤멕	1
1138	0	300	2000	2000	100	1000	10000	1	7009	40	1	7010	1	붤멕	1
1139	0	300	2000	2000	100	1000	10000	1	7009	40	1	7010	1	붤멕	1
1140	0	300	2000	2000	100	1000	10000	1	7009	40	1	7010	1	붤멕	1
1141	0	300	2000	2000	100	1000	10000	1	7009	40	1	7010	1	붤멕	1
1142	0	300	2000	2000	100	1000	10000	1	7009	40	1	7010	1	붤멕	1
1143	0	300	2000	2000	100	1000	10000	1	7009	40	1	7010	1	붤멕	1
1144	0	300	2000	2000	100	1000	10000	1	7009	40	1	7010	1	붤멕	1
1145	0	300	2000	2000	100	1000	10000	1	7009	40	1	7010	1	붤멕	1
1146	0	300	2000	2000	100	1000	10000	1	7009	40	1	7010	1	붤멕	1
1147	0	300	2000	2000	100	1000	10000	1	7009	40	1	7010	1	붤멕	1
1148	0	300	2000	2000	100	1000	10000	1	7009	40	1	7010	1	붤멕	1
1149	0	300	2000	2000	100	1000	10000	1	7009	40	1	7010	1	붤멕	1
1150	0	300	2000	2000	100	1000	10000	1	7009	40	1	7010	1	붤멕	1
1151	0	300	2000	2000	100	1000	10000	1	7009	40	1	7010	1	붤멕	1
1152	0	300	2000	2000	100	1000	10000	1	7009	40	1	7010	1	붤멕	1
1153	0	300	2000	2000	100	1000	10000	1	7009	40	1	7010	1	붤멕	1
1154	0	300	2000	2000	100	1000	10000	1	7009	40	1	7010	1	붤멕	1
1155	0	300	2000	2000	100	1000	10000	1	7009	40	1	7010	1	붤멕	1
1156	0	300	2000	2000	100	1000	10000	1	7009	40	1	7010	1	붤멕	1
1157	0	300	2000	2000	100	1000	10000	1	7009	40	1	7010	1	붤멕	1
1158	0	300	2000	2000	100	1000	10000	1	7009	40	1	7010	1	붤멕	1
1159	0	300	2000	2000	100	1000	10000	1	7009	40	1	7010	1	붤멕	1
1160	0	300	2000	2000	100	1000	10000	1	7009	40	1	7010	1	붤멕	1
1161	0	300	2000	2000	100	1000	10000	1	7009	40	1	7010	1	붤멕	1
1162	0	300	2000	2000	100	1000	10000	1	7009	40	1	7010	1	붤멕	1
1163	0	300	2000	2000	100	1000	10000	1	7009	40	1	7010	1	붤멕	1
1164	0	300	2000	2000	100	1000	10000	1	7009	40	1	7010	1	붤멕	1
1165	0	300	2000	2000	100	1000	10000	1	7009	40	1	7010	1	붤멕	1
1166	0	300	2000	2000	100	1000	10000	1	7009	40	1	7010	1	붤멕	1
1167	0	300	2000	2000	100	1000	10000	1	7009	40	1	7010	1	붤멕	1
1168	0	300	2000	2000	100	1000	10000	1	7009	40	1	7010	1	붤멕	1
1169	0	300	2000	2000	100	1000	10000	1	7009	40	1	7010	1	붤멕	1
1170	0	300	2000	2000	100	1000	10000	1	7009	40	1	7010	1	붤멕	1
1171	0	300	2000	2000	100	1000	10000	1	7009	40	1	7010	1	붤멕	1
1172	0	300	2000	2000	100	1000	10000	1	7009	40	1	7010	1	붤멕	1
1173	0	300	2000	2000	100	1000	10000	1	7009	40	1	7010	1	붤멕	1
1174	0	300	2000	2000	100	1000	10000	1	7009	40	1	7010	1	붤멕	1
1175	0	300	2000	2000	100	1000	10000	1	7009	40	1	7010	1	붤멕	1
1176	0	300	2000	2000	100	1000	10000	1	7009	40	1	7010	1	붤멕	1
1177	0	1200	2000	2000	100	1000	10000	1	7009	40	1	7010	1	붤멕	1
1178	0	1200	2000	2000	100	1000	10000	1	7009	40	1	7010	1	붤멕	1
1179	0	1200	2000	2000	100	1000	10000	1	7009	40	1	7010	1	붤멕	1
1180	0	1200	2000	2000	100	1000	10000	1	7009	40	1	7010	1	붤멕	1
1181	0	1200	2000	2000	100	1000	10000	1	7009	40	1	7010	1	붤멕	1
1182	0	1200	2000	2000	100	1000	10000	1	7009	40	1	7010	1	붤멕	1
1183	0	1200	2000	2000	100	1000	10000	1	7009	40	1	7010	1	붤멕	1
1184	0	1200	2000	2000	100	1000	10000	1	7009	40	1	7010	1	붤멕	1
1185	0	1200	2000	2000	100	1000	10000	1	7009	40	1	7010	1	붤멕	1
1186	0	1200	2000	2000	100	1000	10000	1	7009	40	1	7010	1	붤멕	1
1187	0	1200	2000	2000	100	1000	10000	1	7009	40	1	7010	1	붤멕	1
1188	0	1200	2000	2000	100	1000	10000	1	7009	40	1	7010	1	붤멕	1
1189	0	1200	2000	2000	100	1000	10000	1	7009	40	1	7010	1	붤멕	1
1190	0	1200	2000	2000	100	1000	10000	1	7009	40	1	7010	1	붤멕	1
1191	0	1200	2000	2000	100	1000	10000	1	7009	40	1	7010	1	붤멕	1
1192	0	1200	2000	2000	100	1000	10000	1	7009	40	1	7010	1	붤멕	1
1193	0	1200	2000	2000	100	1000	10000	1	7009	40	1	7010	1	붤멕	1
1194	0	1200	2000	2000	100	1000	10000	1	7009	40	1	7010	1	붤멕	1
1195	0	1200	2000	2000	100	1000	10000	1	7009	40	1	7010	1	붤멕	1
1196	0	1200	2000	2000	100	1000	10000	1	7009	40	1	7010	1	붤멕	1
1197	0	1200	2000	2000	100	1000	10000	1	7009	40	1	7010	1	붤멕	1
1198	0	1200	2000	2000	100	1000	10000	1	7009	40	1	7010	1	붤멕	1
1199	0	1200	2000	2000	100	1000	10000	1	7009	40	1	7010	1	붤멕	1
1200	0	1200	2000	2000	100	1000	10000	1	7009	40	1	7010	1	붤멕	1