INT	INT	STRING	INT	INT	STRING	STRING	INT	INT	INT	INT	INT
FaBaoType	FaBaoLevel	FaBaoName	NeedRes	Level	Effect	AttrStr	GongGao	Icon	Quality	FaBaoPic	FaBaoNamePic
0	0	0	0	50	magic_shu1	1:0	0	35	2	1	201
0	1	0	1100	55	magic_shu1	1:1000	0	35	2	1	201
0	2	0	1200	60	magic_shu1	1:2000	0	35	2	1	201
0	3	0	1300	65	magic_shu1	1:3000	0	35	2	1	201
0	4	0	1400	70	magic_shu1	1:4000	0	35	2	1	201
0	5	|#a54bfa|賠伉爺慕	1500	75	magic_shu1	1:5000	0	35	2	1	201
0	6	0	1600	80	magic_shu1	1:6000	0	35	2	1	201
0	7	0	1700	85	magic_shu1	1:7000	0	35	2	1	201
0	8	0	1800	90	magic_shu1	1:8000	0	35	2	1	201
0	9	0	1900	95	magic_shu1	1:9000	0	35	2	1	201
0	10	|#a54bfa|賠伉爺慕	2000	100	magic_shu1	1:10000	0	35	2	1	201
0	11	|#a54bfa|敬雑爺慕	2200	105	magic_shu2	1:13000	127	35	2	2	202
0	12	0	2400	110	magic_shu2	1:16000	0	35	2	2	202
0	13	0	2600	115	magic_shu2	1:19000	0	35	2	2	202
0	14	0	2800	120	magic_shu2	1:22000	0	35	2	2	202
0	15	|#a54bfa|敬雑爺慕	3000	125	magic_shu2	1:25000	0	35	2	2	202
0	16	0	3200	130	magic_shu2	1:28000	0	35	2	2	202
0	17	0	3400	135	magic_shu2	1:31000	0	35	2	2	202
0	18	0	3600	140	magic_shu2	1:34000	0	35	2	2	202
0	19	|#a54bfa|敬雑爺慕	3800	145	magic_shu2	1:37000	0	35	2	2	202
0	20	0	4000	150	magic_shu2	1:40000	0	35	2	2	202
0	21	|#a54bfa|况諮爺慕	4400	155	magic_shu3	1:44000	127	35	2	3	203
0	22	0	4800	160	magic_shu3	1:48000	0	35	2	3	203
0	23	0	5200	165	magic_shu3	1:52000	0	35	2	3	203
0	24	0	5600	170	magic_shu3	1:56000	0	35	2	3	203
0	25	|#a54bfa|况諮爺慕	6000	175	magic_shu3	1:60000	0	35	2	3	203
0	26	0	6400	180	magic_shu3	1:64000	0	35	2	3	203
0	27	0	6800	185	magic_shu3	1:68000	0	35	2	3	203
0	28	0	7200	190	magic_shu3	1:72000	0	35	2	3	203
0	29	|#a54bfa|况諮爺慕	7600	195	magic_shu3	1:76000	0	35	2	3	203
0	30	0	8000	200	magic_shu3	1:80000	0	35	2	3	203
0	31	|#a54bfa|淵苧爺慕	8900	205	magic_shu4	1:85000	127	35	2	4	204
0	32	0	9800	210	magic_shu4	1:90000	0	35	2	4	204
0	33	0	10700	215	magic_shu4	1:95000	0	35	2	4	204
0	34	0	11600	220	magic_shu4	1:100000	0	35	2	4	204
0	35	|#a54bfa|淵苧爺慕	12500	225	magic_shu4	1:105000	0	35	2	4	204
0	36	0	13400	230	magic_shu4	1:110000	0	35	2	4	204
0	37	0	14300	235	magic_shu4	1:115000	0	35	2	4	204
0	38	0	15200	240	magic_shu4	1:120000	0	35	2	4	204
0	39	|#a54bfa|淵苧爺慕	16100	245	magic_shu4	1:125000	0	35	2	4	204
0	40	0	17000	250	magic_shu4	1:130000	0	35	2	4	204
0	41	|#a54bfa|麹祇爺慕	18500	255	magic_shu5	1:138000	127	35	2	5	205
0	42	0	20000	260	magic_shu5	1:146000	0	35	2	5	205
0	43	0	21500	265	magic_shu5	1:154000	0	35	2	5	205
0	44	0	23000	270	magic_shu5	1:162000	0	35	2	5	205
0	45	|#a54bfa|麹祇爺慕	24500	275	magic_shu5	1:170000	0	35	2	5	205
0	46	0	26000	280	magic_shu5	1:178000	0	35	2	5	205
0	47	0	27500	285	magic_shu5	1:186000	0	35	2	5	205
0	48	0	29000	290	magic_shu5	1:194000	0	35	2	5	205
0	49	|#a54bfa|麹祇爺慕	30500	295	magic_shu5	1:202000	0	35	2	5	205
0	50	0	32000	300	magic_shu5	1:210000	0	35	2	5	205
0	51	|#a54bfa|舗祇爺慕	35500	305	magic_shu6	1:221000	127	35	2	6	206
0	52	0	39000	310	magic_shu6	1:232000	0	35	2	6	206
0	53	0	42500	315	magic_shu6	1:243000	0	35	2	6	206
0	54	0	46000	320	magic_shu6	1:254000	0	35	2	6	206
0	55	|#a54bfa|舗祇爺慕	49500	325	magic_shu6	1:265000	0	35	2	6	206
0	56	0	53000	330	magic_shu6	1:276000	0	35	2	6	206
0	57	0	56500	335	magic_shu6	1:287000	0	35	2	6	206
0	58	0	60000	340	magic_shu6	1:298000	0	35	2	6	206
0	59	|#a54bfa|舗祇爺慕	63500	345	magic_shu6	1:309000	0	35	2	6	206
0	60	0	67000	350	magic_shu6	1:320000	0	35	2	6	206
0	61	|#a54bfa|迄至爺慕	72500	355	magic_shu7	1:336000	127	35	2	7	207
0	62	0	78000	360	magic_shu7	1:352000	0	35	2	7	207
0	63	0	83500	365	magic_shu7	1:368000	0	35	2	7	207
0	64	0	89000	370	magic_shu7	1:384000	0	35	2	7	207
0	65	|#a54bfa|迄至爺慕	94500	375	magic_shu7	1:400000	0	35	2	7	207
0	66	0	100000	380	magic_shu7	1:416000	0	35	2	7	207
0	67	0	105500	385	magic_shu7	1:432000	0	35	2	7	207
0	68	0	111000	390	magic_shu7	1:448000	0	35	2	7	207
0	69	|#a54bfa|迄至爺慕	116500	395	magic_shu7	1:464000	0	35	2	7	207
0	70	0	122000	400	magic_shu7	1:480000	0	35	2	7	207
0	71	|#a54bfa|侮圜爺慕	130000	405	magic_shu8	1:502000	127	35	2	8	208
0	72	0	138000	410	magic_shu8	1:524000	0	35	2	8	208
0	73	0	146000	415	magic_shu8	1:546000	0	35	2	8	208
0	74	0	154000	420	magic_shu8	1:568000	0	35	2	8	208
0	75	|#a54bfa|侮圜爺慕	162000	425	magic_shu8	1:590000	0	35	2	8	208
0	76	0	170000	430	magic_shu8	1:612000	0	35	2	8	208
0	77	0	178000	435	magic_shu8	1:634000	0	35	2	8	208
0	78	0	186000	440	magic_shu8	1:656000	0	35	2	8	208
0	79	|#a54bfa|侮圜爺慕	194000	445	magic_shu8	1:678000	0	35	2	8	208
0	80	0	202000	450	magic_shu8	1:700000	0	35	2	8	208
0	81	|#a54bfa|嵶囹爺慕	213500	455	magic_shu9	1:733000	127	35	2	9	209
0	82	0	225000	460	magic_shu9	1:766000	0	35	2	9	209
0	83	0	236500	465	magic_shu9	1:799000	0	35	2	9	209
0	84	0	248000	470	magic_shu9	1:832000	0	35	2	9	209
0	85	|#a54bfa|嵶囹爺慕	259500	475	magic_shu9	1:865000	0	35	2	9	209
0	86	0	271000	480	magic_shu9	1:898000	0	35	2	9	209
0	87	0	282500	485	magic_shu9	1:931000	0	35	2	9	209
0	88	0	294000	490	magic_shu9	1:964000	0	35	2	9	209
0	89	|#a54bfa|嵶囹爺慕	305500	495	magic_shu9	1:997000	0	35	2	9	209
0	90	0	317000	498	magic_shu9	1:1030000	0	35	2	9	209
0	91	|#a54bfa|舞夾爺慕	333000	501	magic_shu10	1:1074000	127	35	2	10	210
0	92	0	349000	504	magic_shu10	1:1118000	0	35	2	10	210
0	93	0	365000	507	magic_shu10	1:1162000	0	35	2	10	210
0	94	0	381000	510	magic_shu10	1:1206000	0	35	2	10	210
0	95	|#a54bfa|舞夾爺慕	397000	513	magic_shu10	1:1250000	0	35	2	10	210
0	96	0	413000	516	magic_shu10	1:1294000	0	35	2	10	210
0	97	0	429000	519	magic_shu10	1:1338000	0	35	2	10	210
0	98	0	445000	522	magic_shu10	1:1382000	0	35	2	10	210
0	99	|#a54bfa|舞夾爺慕	461000	525	magic_shu10	1:1426000	0	35	2	10	210
0	100	0	497800	528	magic_shu10	1:1470000	0	35	2	10	210
0	101	|#a54bfa|悴知麹慕	545800	531	magic_shu11	1:1535000	127	35	2	11	211
0	102	0	593800	534	magic_shu11	1:1600000	0	35	2	11	211
0	103	0	641800	537	magic_shu11	1:1665000	0	35	2	11	211
0	104	0	689800	540	magic_shu11	1:1730000	0	35	2	11	211
0	105	|#a54bfa|悴知麹慕	737800	543	magic_shu11	1:1795000	0	35	2	11	211
0	106	0	785800	546	magic_shu11	1:1860000	0	35	2	11	211
0	107	0	833800	549	magic_shu11	1:1925000	0	35	2	11	211
0	108	0	881800	552	magic_shu11	1:1990000	0	35	2	11	211
0	109	0	929800	555	magic_shu11	1:2055000	0	35	2	11	211
0	110	|#a54bfa|悴知麹慕	1184200	558	magic_shu11	1:2120000	0	35	2	11	211
0	111	0	1238000	561	magic_shu12	1:2207000	0	35	2	12	212
0	112	|#a54bfa|淵劑爺慕	1306800	564	magic_shu12	1:2294000	127	35	2	12	212
0	113	0	1394900	567	magic_shu12	1:2381000	0	35	2	12	212
0	114	0	1507600	570	magic_shu12	1:2468000	0	35	2	12	212
0	115	|#a54bfa|淵劑爺慕	1651900	573	magic_shu12	1:2555000	0	35	2	12	212
0	116	0	1836600	576	magic_shu12	1:2642000	0	35	2	12	212
0	117	0	2073100	579	magic_shu12	1:2729000	0	35	2	12	212
0	118	0	2375700	582	magic_shu12	1:2816000	0	35	2	12	212
0	119	0	2763100	585	magic_shu12	1:2903000	0	35	2	12	212
0	120	|#a54bfa|淵劑爺慕	-1	700	magic_shu12	1:2990000	127	35	2	12	212
1	0		0	51	magic_xunzhang1	4:0|5:0	0	35	2	1	301
1	1	0	1100	56	magic_xunzhang1	4:11|5:27	0	35	2	1	301
1	2	0	1200	61	magic_xunzhang1	4:22|5:54	0	35	2	1	301
1	3	0	1300	66	magic_xunzhang1	4:33|5:81	0	35	2	1	301
1	4	0	1400	71	magic_xunzhang1	4:44|5:108	0	35	2	1	301
1	5	|#a54bfa|釈藩咫芝	1500	76	magic_xunzhang1	4:55|5:135	0	35	2	1	301
1	6	0	1600	81	magic_xunzhang1	4:66|5:162	0	35	2	1	301
1	7	0	1700	86	magic_xunzhang1	4:77|5:189	0	35	2	1	301
1	8	0	1800	91	magic_xunzhang1	4:88|5:216	0	35	2	1	301
1	9	|#a54bfa|釈藩咫芝	1900	96	magic_xunzhang1	4:99|5:243	0	35	2	1	301
1	10	0	2000	101	magic_xunzhang1	4:110|5:270	0	35	2	1	301
1	11	|#a54bfa|張註咫芝	2200	106	magic_xunzhang2	4:132|5:325	127	35	2	2	302
1	12	0	2400	111	magic_xunzhang2	4:154|5:380	0	35	2	2	302
1	13	0	2600	116	magic_xunzhang2	4:176|5:435	0	35	2	2	302
1	14	0	2800	121	magic_xunzhang2	4:198|5:490	0	35	2	2	302
1	15	|#a54bfa|張註咫芝	3000	126	magic_xunzhang2	4:220|5:545	0	35	2	2	302
1	16	0	3200	131	magic_xunzhang2	4:242|5:600	0	35	2	2	302
1	17	0	3400	136	magic_xunzhang2	4:264|5:655	0	35	2	2	302
1	18	0	3600	141	magic_xunzhang2	4:286|5:710	0	35	2	2	302
1	19	|#a54bfa|張註咫芝	3800	146	magic_xunzhang2	4:308|5:765	0	35	2	2	302
1	20	0	4000	151	magic_xunzhang2	4:330|5:820	0	35	2	2	302
1	21	|#a54bfa|崘斯咫芝	4400	156	magic_xunzhang3	4:363|5:902	127	35	2	3	303
1	22	0	4800	161	magic_xunzhang3	4:396|5:984	0	35	2	3	303
1	23	0	5200	166	magic_xunzhang3	4:429|5:1066	0	35	2	3	303
1	24	0	5600	171	magic_xunzhang3	4:462|5:1148	0	35	2	3	303
1	25	|#a54bfa|崘斯咫芝	6000	176	magic_xunzhang3	4:495|5:1230	0	35	2	3	303
1	26	0	6400	181	magic_xunzhang3	4:528|5:1312	0	35	2	3	303
1	27	0	6800	186	magic_xunzhang3	4:561|5:1394	0	35	2	3	303
1	28	0	7200	191	magic_xunzhang3	4:594|5:1476	0	35	2	3	303
1	29	|#a54bfa|崘斯咫芝	7600	196	magic_xunzhang3	4:627|5:1558	0	35	2	3	303
1	30	0	8000	201	magic_xunzhang3	4:660|5:1640	0	35	2	3	303
1	31	|#a54bfa|廝牽咫芝	8900	206	magic_xunzhang4	4:704|5:1749	127	35	2	4	304
1	32	0	9800	211	magic_xunzhang4	4:748|5:1858	0	35	2	4	304
1	33	0	10700	216	magic_xunzhang4	4:792|5:1967	0	35	2	4	304
1	34	0	11600	221	magic_xunzhang4	4:836|5:2076	0	35	2	4	304
1	35	|#a54bfa|廝牽咫芝	12500	226	magic_xunzhang4	4:880|5:2185	0	35	2	4	304
1	36	0	13400	231	magic_xunzhang4	4:924|5:2294	0	35	2	4	304
1	37	0	14300	236	magic_xunzhang4	4:968|5:2403	0	35	2	4	304
1	38	0	15200	241	magic_xunzhang4	4:1012|5:2512	0	35	2	4	304
1	39	|#a54bfa|廝牽咫芝	16100	246	magic_xunzhang4	4:1056|5:2621	0	35	2	4	304
1	40	0	17000	251	magic_xunzhang4	4:1100|5:2730	0	35	2	4	304
1	41	|#a54bfa|便擦咫芝	18500	256	magic_xunzhang5	4:1165|5:2894	127	35	2	5	305
1	42	0	20000	261	magic_xunzhang5	4:1230|5:3058	0	35	2	5	305
1	43	0	21500	266	magic_xunzhang5	4:1295|5:3222	0	35	2	5	305
1	44	0	23000	271	magic_xunzhang5	4:1360|5:3386	0	35	2	5	305
1	45	|#a54bfa|便擦咫芝	24500	276	magic_xunzhang5	4:1425|5:3550	0	35	2	5	305
1	46	0	26000	281	magic_xunzhang5	4:1490|5:3714	0	35	2	5	305
1	47	0	27500	286	magic_xunzhang5	4:1555|5:3878	0	35	2	5	305
1	48	0	29000	291	magic_xunzhang5	4:1620|5:4042	0	35	2	5	305
1	49	|#a54bfa|便擦咫芝	30500	296	magic_xunzhang5	4:1685|5:4206	0	35	2	5	305
1	50	0	32000	301	magic_xunzhang5	4:1750|5:4370	0	35	2	5	305
1	51	|#a54bfa|舞苧咫芝	35500	306	magic_xunzhang6	4:1837|5:4588	127	35	2	6	306
1	52	0	39000	311	magic_xunzhang6	4:1924|5:4806	0	35	2	6	306
1	53	0	42500	316	magic_xunzhang6	4:2011|5:5024	0	35	2	6	306
1	54	0	46000	321	magic_xunzhang6	4:2098|5:5242	0	35	2	6	306
1	55	|#a54bfa|舞苧咫芝	49500	326	magic_xunzhang6	4:2185|5:5460	0	35	2	6	306
1	56	0	53000	331	magic_xunzhang6	4:2272|5:5678	0	35	2	6	306
1	57	0	56500	336	magic_xunzhang6	4:2359|5:5896	0	35	2	6	306
1	58	0	60000	341	magic_xunzhang6	4:2446|5:6114	0	35	2	6	306
1	59	|#a54bfa|舞苧咫芝	63500	346	magic_xunzhang6	4:2533|5:6332	0	35	2	6	306
1	60	0	67000	351	magic_xunzhang6	4:2620|5:6550	0	35	2	6	306
1	61	|#a54bfa|音註咫芝	72500	356	magic_xunzhang7	4:2751|5:6877	127	35	2	7	307
1	62	0	78000	361	magic_xunzhang7	4:2882|5:7204	0	35	2	7	307
1	63	0	83500	366	magic_xunzhang7	4:3013|5:7531	0	35	2	7	307
1	64	0	89000	371	magic_xunzhang7	4:3144|5:7858	0	35	2	7	307
1	65	|#a54bfa|音註咫芝	94500	376	magic_xunzhang7	4:3275|5:8185	0	35	2	7	307
1	66	0	100000	381	magic_xunzhang7	4:3406|5:8512	0	35	2	7	307
1	67	0	105500	386	magic_xunzhang7	4:3537|5:8839	0	35	2	7	307
1	68	0	111000	391	magic_xunzhang7	4:3668|5:9166	0	35	2	7	307
1	69	|#a54bfa|音註咫芝	116500	396	magic_xunzhang7	4:3799|5:9493	0	35	2	7	307
1	70	0	122000	401	magic_xunzhang7	4:3930|5:9820	0	35	2	7	307
1	71	|#a54bfa|涙貧咫芝	130000	406	magic_xunzhang8	4:4105|5:10256	127	35	2	8	308
1	72	0	138000	411	magic_xunzhang8	4:4280|5:10692	0	35	2	8	308
1	73	0	146000	416	magic_xunzhang8	4:4455|5:11128	0	35	2	8	308
1	74	0	154000	421	magic_xunzhang8	4:4630|5:11564	0	35	2	8	308
1	75	|#a54bfa|涙貧咫芝	162000	426	magic_xunzhang8	4:4805|5:12000	0	35	2	8	308
1	76	0	170000	431	magic_xunzhang8	4:4980|5:12436	0	35	2	8	308
1	77	0	178000	436	magic_xunzhang8	4:5155|5:12872	0	35	2	8	308
1	78	0	186000	441	magic_xunzhang8	4:5330|5:13308	0	35	2	8	308
1	79	|#a54bfa|涙貧咫芝	194000	446	magic_xunzhang8	4:5505|5:13744	0	35	2	8	308
1	80	0	202000	451	magic_xunzhang8	4:5680|5:14180	0	35	2	8	308
1	81	|#a54bfa|舞淵咫芝	213500	456	magic_xunzhang9	4:5942|5:14835	127	35	2	9	309
1	82	0	225000	461	magic_xunzhang9	4:6204|5:15490	0	35	2	9	309
1	83	0	236500	466	magic_xunzhang9	4:6466|5:16145	0	35	2	9	309
1	84	0	248000	471	magic_xunzhang9	4:6728|5:16800	0	35	2	9	309
1	85	|#a54bfa|舞淵咫芝	259500	476	magic_xunzhang9	4:6990|5:17455	0	35	2	9	309
1	86	0	271000	481	magic_xunzhang9	4:7252|5:18110	0	35	2	9	309
1	87	0	282500	486	magic_xunzhang9	4:7514|5:18765	0	35	2	9	309
1	88	0	294000	491	magic_xunzhang9	4:7776|5:19420	0	35	2	9	309
1	89	|#a54bfa|舞淵咫芝	305500	496	magic_xunzhang9	4:8038|5:20075	0	35	2	9	309
1	90	0	317000	499	magic_xunzhang9	4:8300|5:20730	0	35	2	9	309
1	91	|#a54bfa|咲残咫芝	333000	502	magic_xunzhang10	4:8649|5:21603	127	35	2	10	310
1	92	0	349000	505	magic_xunzhang10	4:8998|5:22476	0	35	2	10	310
1	93	0	365000	508	magic_xunzhang10	4:9347|5:23349	0	35	2	10	310
1	94	0	381000	511	magic_xunzhang10	4:9696|5:24222	0	35	2	10	310
1	95	|#a54bfa|咲残咫芝	397000	514	magic_xunzhang10	4:10045|5:25095	0	35	2	10	310
1	96	0	413000	517	magic_xunzhang10	4:10394|5:25968	0	35	2	10	310
1	97	0	429000	520	magic_xunzhang10	4:10743|5:26841	0	35	2	10	310
1	98	0	445000	523	magic_xunzhang10	4:11092|5:27714	0	35	2	10	310
1	99	|#a54bfa|咲残咫芝	461000	526	magic_xunzhang10	4:11441|5:28587	0	35	2	10	310
1	100	0	497800	529	magic_xunzhang10	4:11790|5:29460	0	35	2	10	310
1	101	|#a54bfa|悴知咫芝	545800	532	magic_xunzhang11	4:12314|5:30769	127	35	2	11	311
1	102	0	593800	535	magic_xunzhang11	4:12838|5:32078	0	35	2	11	311
1	103	0	641800	538	magic_xunzhang11	4:13362|5:33387	0	35	2	11	311
1	104	0	689800	541	magic_xunzhang11	4:13886|5:34696	0	35	2	11	311
1	105	|#a54bfa|悴知咫芝	737800	544	magic_xunzhang11	4:14410|5:36005	0	35	2	11	311
1	106	0	785800	547	magic_xunzhang11	4:14934|5:37314	0	35	2	11	311
1	107	0	833800	550	magic_xunzhang11	4:15458|5:38623	0	35	2	11	311
1	108	0	881800	553	magic_xunzhang11	4:15982|5:39932	0	35	2	11	311
1	109	|#a54bfa|悴知咫芝	929800	556	magic_xunzhang11	4:16506|5:41241	0	35	2	11	311
1	110	0	1184200	559	magic_xunzhang11	4:17030|5:42550	0	35	2	11	311
1	111	|#a54bfa|淵劑咫芝	1238000	562	magic_xunzhang12	4:17728|5:44295	0	35	2	12	312
1	112	0	1306800	565	magic_xunzhang12	4:18426|5:46040	127	35	2	12	312
1	113	0	1394900	568	magic_xunzhang12	4:19124|5:47785	0	35	2	12	312
1	114	0	1507600	571	magic_xunzhang12	4:19822|5:49530	0	35	2	12	312
1	115	|#a54bfa|淵劑咫芝	1651900	574	magic_xunzhang12	4:20520|5:51275	0	35	2	12	312
1	116	0	1836600	577	magic_xunzhang12	4:21218|5:53020	0	35	2	12	312
1	117	0	2073100	580	magic_xunzhang12	4:21916|5:54765	0	35	2	12	312
1	118	0	2375700	583	magic_xunzhang12	4:22614|5:56510	0	35	2	12	312
1	119	0	2763100	586	magic_xunzhang12	4:23312|5:58255	0	35	2	12	312
1	120	|#a54bfa|淵劑咫芝	-1	700	magic_xunzhang12	4:24010|5:60000	127	35	2	12	312
2	0	0	0	52	magic_fuwen1	1:0|4:0|5:0|34:0	0	35	2	1	401
2	1	0	30000	57	magic_fuwen1	4:16|5:40|1:1500|34:10	0	35	2	1	401
2	2	0	32000	62	magic_fuwen1	4:33|5:81|1:3000|34:10	0	35	2	1	401
2	3	0	34000	67	magic_fuwen1	4:49|5:121|1:4500|34:10	0	35	2	1	401
2	4	0	36000	72	magic_fuwen1	4:66|5:162|1:6000|34:10	0	35	2	1	401
2	5	|#a54bfa|音莫憲猟	38000	77	magic_fuwen1	4:82|5:202|1:7500|34:11	0	35	2	1	401
2	6	0	40000	82	magic_fuwen1	4:99|5:243|1:9000|34:11	0	35	2	1	401
2	7	0	42000	87	magic_fuwen1	4:115|5:283|1:10500|34:11	0	35	2	1	401
2	8	0	44000	92	magic_fuwen1	4:132|5:324|1:12000|34:11	0	35	2	1	401
2	9	|#a54bfa|音莫憲猟	46000	97	magic_fuwen1	4:148|5:364|1:13500|34:12	0	35	2	1	401
2	10	0	48000	102	magic_fuwen1	4:165|5:405|1:15000|34:12	0	35	2	1	401
2	11	|#a54bfa|仔有憲猟	54000	107	magic_fuwen2	4:198|5:487|1:19500|34:13	127	35	2	2	402
2	12	0	60000	112	magic_fuwen2	4:231|5:570|1:24000|34:13	0	35	2	2	402
2	13	0	66000	117	magic_fuwen2	4:264|5:652|1:28500|34:13	0	35	2	2	402
2	14	0	72000	122	magic_fuwen2	4:297|5:735|1:33000|34:13	0	35	2	2	402
2	15	|#a54bfa|仔有憲猟	78000	127	magic_fuwen2	4:330|5:817|1:37500|34:14	0	35	2	2	402
2	16	0	84000	132	magic_fuwen2	4:363|5:900|1:42000|34:14	0	35	2	2	402
2	17	0	90000	137	magic_fuwen2	4:396|5:982|1:46500|34:14	0	35	2	2	402
2	18	0	96000	142	magic_fuwen2	4:429|5:1065|1:51000|34:14	0	35	2	2	402
2	19	|#a54bfa|仔有憲猟	102000	147	magic_fuwen2	4:462|5:1147|1:55500|34:15	0	35	2	2	402
2	20	0	108000	152	magic_fuwen2	4:495|5:1230|1:60000|34:15	0	35	2	2	402
2	21	|#a54bfa|易咢憲猟	129000	157	magic_fuwen3	4:544|5:1353|1:66000|34:16	127	35	2	3	403
2	22	0	150000	162	magic_fuwen3	4:594|5:1476|1:72000|34:16	0	35	2	3	403
2	23	0	171000	167	magic_fuwen3	4:643|5:1599|1:78000|34:16	0	35	2	3	403
2	24	0	192000	172	magic_fuwen3	4:693|5:1722|1:84000|34:16	0	35	2	3	403
2	25	|#a54bfa|易咢憲猟	213000	177	magic_fuwen3	4:742|5:1845|1:90000|34:17	0	35	2	3	403
2	26	0	234000	182	magic_fuwen3	4:792|5:1968|1:96000|34:17	0	35	2	3	403
2	27	0	255000	187	magic_fuwen3	4:841|5:2091|1:102000|34:17	0	35	2	3	403
2	28	0	276000	192	magic_fuwen3	4:891|5:2214|1:108000|34:17	0	35	2	3	403
2	29	|#a54bfa|易咢憲猟	297000	197	magic_fuwen3	4:940|5:2337|1:114000|34:18	0	35	2	3	403
2	30	0	318000	202	magic_fuwen3	4:990|5:2460|1:120000|34:18	0	35	2	3	403
2	31	|#a54bfa|褒呱憲猟	344000	207	magic_fuwen4	4:1056|5:2623|1:127500|34:19	127	35	2	4	404
2	32	0	370000	212	magic_fuwen4	4:1122|5:2787|1:135000|34:19	0	35	2	4	404
2	33	0	396000	217	magic_fuwen4	4:1188|5:2950|1:142500|34:19	0	35	2	4	404
2	34	0	422000	222	magic_fuwen4	4:1254|5:3114|1:150000|34:19	0	35	2	4	404
2	35	|#a54bfa|褒呱憲猟	448000	227	magic_fuwen4	4:1320|5:3277|1:157500|34:20	0	35	2	4	404
2	36	0	474000	232	magic_fuwen4	4:1386|5:3441|1:165000|34:20	0	35	2	4	404
2	37	0	500000	237	magic_fuwen4	4:1452|5:3604|1:172500|34:20	0	35	2	4	404
2	38	0	526000	242	magic_fuwen4	4:1518|5:3768|1:180000|34:20	0	35	2	4	404
2	39	|#a54bfa|褒呱憲猟	552000	247	magic_fuwen4	4:1584|5:3931|1:187500|34:21	0	35	2	4	404
2	40	0	578000	252	magic_fuwen4	4:1650|5:4095|1:195000|34:21	0	35	2	4	404
2	41	|#a54bfa|洩僮憲猟	614000	257	magic_fuwen5	4:1747|5:4341|1:207000|34:22	127	35	2	5	405
2	42	0	650000	262	magic_fuwen5	4:1845|5:4587|1:219000|34:22	0	35	2	5	405
2	43	0	686000	267	magic_fuwen5	4:1942|5:4833|1:231000|34:23	0	35	2	5	405
2	44	0	722000	272	magic_fuwen5	4:2040|5:5079|1:243000|34:24	0	35	2	5	405
2	45	|#a54bfa|洩僮憲猟	758000	277	magic_fuwen5	4:2137|5:5325|1:255000|34:25	0	35	2	5	405
2	46	0	794000	282	magic_fuwen5	4:2235|5:5571|1:267000|34:26	0	35	2	5	405
2	47	0	830000	287	magic_fuwen5	4:2332|5:5817|1:279000|34:27	0	35	2	5	405
2	48	0	866000	292	magic_fuwen5	4:2430|5:6063|1:291000|34:28	0	35	2	5	405
2	49	|#a54bfa|洩僮憲猟	902000	297	magic_fuwen5	4:2527|5:6309|1:303000|34:29	0	35	2	5	405
2	50	0	938000	302	magic_fuwen5	4:2625|5:6555|1:315000|34:30	0	35	2	5	405
2	51	|#a54bfa|從署憲猟	984000	307	magic_fuwen6	4:2755|5:6882|1:331500|34:31	127	35	2	6	406
2	52	0	1030000	312	magic_fuwen6	4:2886|5:7209|1:348000|34:32	0	35	2	6	406
2	53	0	1076000	317	magic_fuwen6	4:3016|5:7536|1:364500|34:33	0	35	2	6	406
2	54	0	1122000	322	magic_fuwen6	4:3147|5:7863|1:381000|34:34	0	35	2	6	406
2	55	|#a54bfa|從署憲猟	1168000	327	magic_fuwen6	4:3277|5:8190|1:397500|34:35	0	35	2	6	406
2	56	0	1214000	332	magic_fuwen6	4:3408|5:8517|1:414000|34:36	0	35	2	6	406
2	57	0	1260000	337	magic_fuwen6	4:3538|5:8844|1:430500|34:37	0	35	2	6	406
2	58	0	1306000	342	magic_fuwen6	4:3669|5:9171|1:447000|34:38	0	35	2	6	406
2	59	|#a54bfa|從署憲猟	1352000	347	magic_fuwen6	4:3799|5:9498|1:463500|34:39	0	35	2	6	406
2	60	0	1398000	352	magic_fuwen6	4:3930|5:9825|1:480000|34:40	0	35	2	6	406
2	61	|#a54bfa|音註憲猟	1454000	357	magic_fuwen7	4:4126|5:10315|1:504000|34:41	127	35	2	7	407
2	62	0	1510000	362	magic_fuwen7	4:4323|5:10806|1:528000|34:42	0	35	2	7	407
2	63	0	1566000	367	magic_fuwen7	4:4519|5:11296|1:552000|34:43	0	35	2	7	407
2	64	0	1622000	372	magic_fuwen7	4:4716|5:11787|1:576000|34:44	0	35	2	7	407
2	65	|#a54bfa|音註憲猟	1678000	377	magic_fuwen7	4:4912|5:12277|1:600000|34:45	0	35	2	7	407
2	66	0	1734000	382	magic_fuwen7	4:5109|5:12768|1:624000|34:46	0	35	2	7	407
2	67	0	1790000	387	magic_fuwen7	4:5305|5:13258|1:648000|34:47	0	35	2	7	407
2	68	0	1846000	392	magic_fuwen7	4:5502|5:13749|1:672000|34:48	0	35	2	7	407
2	69	|#a54bfa|音註憲猟	1902000	397	magic_fuwen7	4:5698|5:14239|1:696000|34:49	0	35	2	7	407
2	70	0	1958000	402	magic_fuwen7	4:5895|5:14730|1:720000|34:50	0	35	2	7	407
2	71	|#a54bfa|涙貧憲猟	2024000	407	magic_fuwen8	4:6157|5:15384|1:753000|34:51	127	35	2	8	408
2	72	0	2090000	412	magic_fuwen8	4:6420|5:16038|1:786000|34:52	0	35	2	8	408
2	73	0	2156000	417	magic_fuwen8	4:6682|5:16692|1:819000|34:53	0	35	2	8	408
2	74	0	2222000	422	magic_fuwen8	4:6945|5:17346|1:852000|34:54	0	35	2	8	408
2	75	|#a54bfa|涙貧憲猟	2288000	427	magic_fuwen8	4:7207|5:18000|1:885000|34:55	0	35	2	8	408
2	76	0	2354000	432	magic_fuwen8	4:7470|5:18654|1:918000|34:56	0	35	2	8	408
2	77	0	2420000	437	magic_fuwen8	4:7732|5:19308|1:951000|34:57	0	35	2	8	408
2	78	0	2486000	442	magic_fuwen8	4:7995|5:19962|1:984000|34:58	0	35	2	8	408
2	79	|#a54bfa|涙貧憲猟	2552000	447	magic_fuwen8	4:8257|5:20616|1:1017000|34:59	0	35	2	8	408
2	80	0	2618000	452	magic_fuwen8	4:8520|5:21270|1:1050000|34:60	0	35	2	8	408
2	81	|#a54bfa|舞淵憲猟	2704000	457	magic_fuwen9	4:8913|5:22252|1:1099500|34:61	127	35	2	9	409
2	82	0	2790000	462	magic_fuwen9	4:9306|5:23235|1:1149000|34:62	0	35	2	9	409
2	83	0	2876000	467	magic_fuwen9	4:9699|5:24217|1:1198500|34:63	0	35	2	9	409
2	84	0	2962000	472	magic_fuwen9	4:10092|5:25200|1:1248000|34:64	0	35	2	9	409
2	85	|#a54bfa|舞淵憲猟	3048000	477	magic_fuwen9	4:10485|5:26182|1:1297500|34:65	0	35	2	9	409
2	86	0	3134000	482	magic_fuwen9	4:10878|5:27165|1:1347000|34:66	0	35	2	9	409
2	87	0	3220000	487	magic_fuwen9	4:11271|5:28147|1:1396500|34:67	0	35	2	9	409
2	88	0	3306000	492	magic_fuwen9	4:11664|5:29130|1:1446000|34:68	0	35	2	9	409
2	89	|#a54bfa|舞淵憲猟	3392000	497	magic_fuwen9	4:12057|5:30112|1:1495500|34:69	0	35	2	9	409
2	90	0	3478000	500	magic_fuwen9	4:12450|5:31095|1:1545000|34:70	0	35	2	9	409
2	91	|#a54bfa|咲残憲猟	3584000	503	magic_fuwen10	4:12973|5:32404|1:1611000|34:71	127	35	2	10	410
2	92	0	3690000	506	magic_fuwen10	4:13497|5:33714|1:1677000|34:72	0	35	2	10	410
2	93	0	3796000	509	magic_fuwen10	4:14020|5:35023|1:1743000|34:73	0	35	2	10	410
2	94	0	3902000	512	magic_fuwen10	4:14544|5:36333|1:1809000|34:74	0	35	2	10	410
2	95	|#a54bfa|咲残憲猟	4008000	515	magic_fuwen10	4:15067|5:37642|1:1875000|34:75	0	35	2	10	410
2	96	0	4114000	518	magic_fuwen10	4:15591|5:38952|1:1941000|34:76	0	35	2	10	410
2	97	0	4220000	521	magic_fuwen10	4:16114|5:40261|1:2007000|34:77	0	35	2	10	410
2	98	0	4326000	524	magic_fuwen10	4:16638|5:41571|1:2073000|34:78	0	35	2	10	410
2	99	|#a54bfa|咲残憲猟	4432000	527	magic_fuwen10	4:17161|5:42880|1:2139000|34:79	0	35	2	10	410
2	100	0	4946000	530	magic_fuwen10	4:17685|5:44190|1:2205000|34:80	0	35	2	10	410
2	101	|#a54bfa|悴知憲猟	5242000	533	magic_fuwen11	4:18471|5:46153|1:2302500|34:81	127	35	2	11	411
2	102	0	5547000	536	magic_fuwen11	4:19257|5:48117|1:2400000|34:82	0	35	2	11	411
2	103	0	5860000	539	magic_fuwen11	4:20043|5:50080|1:2497500|34:83	0	35	2	11	411
2	104	0	6181000	542	magic_fuwen11	4:20829|5:52044|1:2595000|34:84	0	35	2	11	411
2	105	|#a54bfa|悴知憲猟	6512000	545	magic_fuwen11	4:21615|5:54007|1:2692500|34:85	0	35	2	11	411
2	106	0	6850000	548	magic_fuwen11	4:22401|5:55971|1:2790000|34:86	0	35	2	11	411
2	107	0	7198000	551	magic_fuwen11	4:23187|5:57934|1:2887500|34:87	0	35	2	11	411
2	108	0	7554000	554	magic_fuwen11	4:23973|5:59898|1:2985000|34:88	0	35	2	11	411
2	109	|#a54bfa|悴知憲猟	7918000	557	magic_fuwen11	4:24759|5:61861|1:3082500|34:89	0	35	2	11	411
2	110	0	9775000	560	magic_fuwen11	4:25545|5:63825|1:3180000|34:90	0	35	2	11	411
2	111	|#a54bfa|淵劑憲猟	11745000	563	magic_fuwen12	4:26592|5:66442|1:3310500|34:91	0	35	2	12	412
2	112	0	13977000	566	magic_fuwen12	4:27639|5:69060|1:3441000|34:92	127	35	2	12	412
2	113	0	16500000	569	magic_fuwen12	4:28686|5:71677|1:3571500|34:93	0	35	2	12	412
2	114	0	19350000	572	magic_fuwen12	4:29733|5:74295|1:3702000|34:94	0	35	2	12	412
2	115	|#a54bfa|淵劑憲猟	22564000	575	magic_fuwen12	4:30780|5:76912|1:3832500|34:95	0	35	2	12	412
2	116	0	26186000	578	magic_fuwen12	4:31827|5:79530|1:3963000|34:96	0	35	2	12	412
2	117	0	30262000	581	magic_fuwen12	4:32874|5:82147|1:4093500|34:97	0	35	2	12	412
2	118	0	34847000	584	magic_fuwen12	4:33921|5:84765|1:4224000|34:98	0	35	2	12	412
2	119	0	39998000	587	magic_fuwen12	4:34968|5:87382|1:4354500|34:99	0	35	2	12	412
2	120	|#a54bfa|淵劑憲猟	-1	700	magic_fuwen12	4:36015|5:90000|1:4485000|34:100	127	35	2	12	412
3	0	|#a54bfa|署囁至帷	0	53	magic_hunzhu1	10:0|13:0|31:0	0	35	2	1	501
3	1	0	300	58	magic_hunzhu1	10:270|13:50|31:10	0	35	2	1	501
3	2	0	320	63	magic_hunzhu1	10:540|13:51|31:10	0	35	2	1	501
3	3	0	340	68	magic_hunzhu1	10:810|13:51|31:10	0	35	2	1	501
3	4	0	360	73	magic_hunzhu1	10:1080|13:52|31:11	0	35	2	1	501
3	5	|#a54bfa|署囁至帷	380	78	magic_hunzhu1	10:1350|13:52|31:11	0	35	2	1	501
3	6	0	400	83	magic_hunzhu1	10:1620|13:53|31:11	0	35	2	1	501
3	7	0	420	88	magic_hunzhu1	10:1890|13:53|31:12	0	35	2	1	501
3	8	0	440	93	magic_hunzhu1	10:2160|13:54|31:12	0	35	2	1	501
3	9	|#a54bfa|署囁至帷	460	98	magic_hunzhu1	10:2430|13:55|31:12	0	35	2	1	501
3	10	0	480	103	magic_hunzhu1	10:2700|13:56|31:13	0	35	2	1	501
3	11	|#a54bfa|徴至洩帷	540	108	magic_hunzhu2	10:3250|13:57|31:13	127	35	2	2	502
3	12	0	600	113	magic_hunzhu2	10:3800|13:57|31:14	0	35	2	2	502
3	13	0	660	118	magic_hunzhu2	10:4350|13:58|31:14	0	35	2	2	502
3	14	0	720	123	magic_hunzhu2	10:4900|13:59|31:15	0	35	2	2	502
3	15	|#a54bfa|徴至洩帷	780	128	magic_hunzhu2	10:5450|13:61|31:15	0	35	2	2	502
3	16	0	840	133	magic_hunzhu2	10:6000|13:62|31:16	0	35	2	2	502
3	17	0	900	138	magic_hunzhu2	10:6550|13:63|31:17	0	35	2	2	502
3	18	0	960	143	magic_hunzhu2	10:7100|13:64|31:17	0	35	2	2	502
3	19	|#a54bfa|徴至洩帷	1020	148	magic_hunzhu2	10:7650|13:65|31:18	0	35	2	2	502
3	20	0	1080	153	magic_hunzhu2	10:8200|13:67|31:19	0	35	2	2	502
3	21	|#a54bfa|咢霜擦帷	1290	158	magic_hunzhu3	10:9020|13:68|31:20	127	35	2	3	503
3	22	0	1500	163	magic_hunzhu3	10:9840|13:69|31:20	0	35	2	3	503
3	23	0	1710	168	magic_hunzhu3	10:10660|13:71|31:21	0	35	2	3	503
3	24	0	1920	173	magic_hunzhu3	10:11480|13:72|31:22	0	35	2	3	503
3	25	|#a54bfa|咢霜擦帷	2130	178	magic_hunzhu3	10:12300|13:74|31:23	0	35	2	3	503
3	26	0	2340	183	magic_hunzhu3	10:13120|13:75|31:24	0	35	2	3	503
3	27	0	2550	188	magic_hunzhu3	10:13940|13:77|31:24	0	35	2	3	503
3	28	0	2760	193	magic_hunzhu3	10:14760|13:79|31:25	0	35	2	3	503
3	29	|#a54bfa|咢霜擦帷	2970	198	magic_hunzhu3	10:15580|13:81|31:26	0	35	2	3	503
3	30	0	3180	203	magic_hunzhu3	10:16400|13:82|31:27	0	35	2	3	503
3	31	|#a54bfa|洩况至帷	3440	208	magic_hunzhu4	10:17490|13:84|31:28	127	35	2	4	504
3	32	0	3700	213	magic_hunzhu4	10:18580|13:86|31:29	0	35	2	4	504
3	33	0	3960	218	magic_hunzhu4	10:19670|13:88|31:30	0	35	2	4	504
3	34	0	4220	223	magic_hunzhu4	10:20760|13:90|31:31	0	35	2	4	504
3	35	|#a54bfa|洩况至帷	4480	228	magic_hunzhu4	10:21850|13:92|31:32	0	35	2	4	504
3	36	0	4740	233	magic_hunzhu4	10:22940|13:94|31:34	0	35	2	4	504
3	37	0	5000	238	magic_hunzhu4	10:24030|13:96|31:35	0	35	2	4	504
3	38	0	5260	243	magic_hunzhu4	10:25120|13:98|31:36	0	35	2	4	504
3	39	|#a54bfa|洩况至帷	5520	248	magic_hunzhu4	10:26210|13:100|31:37	0	35	2	4	504
3	40	0	5780	253	magic_hunzhu4	10:27300|13:102|31:38	0	35	2	4	504
3	41	|#a54bfa|從况僮帷	6140	258	magic_hunzhu5	10:28940|13:105|31:39	127	35	2	5	505
3	42	0	6500	263	magic_hunzhu5	10:30580|13:107|31:41	0	35	2	5	505
3	43	0	6860	268	magic_hunzhu5	10:32220|13:109|31:42	0	35	2	5	505
3	44	0	7220	273	magic_hunzhu5	10:33860|13:111|31:43	0	35	2	5	505
3	45	|#a54bfa|從况僮帷	7580	278	magic_hunzhu5	10:35500|13:114|31:44	0	35	2	5	505
3	46	0	7940	283	magic_hunzhu5	10:37140|13:116|31:46	0	35	2	5	505
3	47	0	8300	288	magic_hunzhu5	10:38780|13:119|31:47	0	35	2	5	505
3	48	0	8660	293	magic_hunzhu5	10:40420|13:121|31:48	0	35	2	5	505
3	49	|#a54bfa|從况僮帷	9020	298	magic_hunzhu5	10:42060|13:124|31:50	0	35	2	5	505
3	50	0	9380	303	magic_hunzhu5	10:43700|13:126|31:51	0	35	2	5	505
3	51	|#a54bfa|署件至帷	9840	308	magic_hunzhu6	10:45880|13:129|31:53	127	35	2	6	506
3	52	0	10300	313	magic_hunzhu6	10:48060|13:132|31:54	0	35	2	6	506
3	53	0	10760	318	magic_hunzhu6	10:50240|13:134|31:56	0	35	2	6	506
3	54	0	11220	323	magic_hunzhu6	10:52420|13:137|31:57	0	35	2	6	506
3	55	|#a54bfa|署件至帷	11680	328	magic_hunzhu6	10:54600|13:140|31:59	0	35	2	6	506
3	56	0	12140	333	magic_hunzhu6	10:56780|13:143|31:60	0	35	2	6	506
3	57	0	12600	338	magic_hunzhu6	10:58960|13:146|31:62	0	35	2	6	506
3	58	0	13060	343	magic_hunzhu6	10:61140|13:149|31:63	0	35	2	6	506
3	59	|#a54bfa|署件至帷	13520	348	magic_hunzhu6	10:63320|13:151|31:65	0	35	2	6	506
3	60	0	13980	353	magic_hunzhu6	10:65500|13:154|31:66	0	35	2	6	506
3	61	|#a54bfa|褒霜老帷	14540	358	magic_hunzhu7	10:68770|13:157|31:68	127	35	2	7	507
3	62	0	15100	363	magic_hunzhu7	10:72040|13:161|31:70	0	35	2	7	507
3	63	0	15660	368	magic_hunzhu7	10:75310|13:164|31:71	0	35	2	7	507
3	64	0	16220	373	magic_hunzhu7	10:78580|13:167|31:73	0	35	2	7	507
3	65	|#a54bfa|褒霜老帷	16780	378	magic_hunzhu7	10:81850|13:170|31:75	0	35	2	7	507
3	66	0	17340	383	magic_hunzhu7	10:85120|13:173|31:77	0	35	2	7	507
3	67	0	17900	388	magic_hunzhu7	10:88390|13:176|31:78	0	35	2	7	507
3	68	0	18460	393	magic_hunzhu7	10:91660|13:180|31:80	0	35	2	7	507
3	69	|#a54bfa|褒霜老帷	19020	398	magic_hunzhu7	10:94930|13:183|31:82	0	35	2	7	507
3	70	0	19580	403	magic_hunzhu7	10:98200|13:186|31:84	0	35	2	7	507
3	71	|#a54bfa|署霜擦帷	20240	408	magic_hunzhu8	10:102560|13:190|31:86	127	35	2	8	508
3	72	0	20900	413	magic_hunzhu8	10:106920|13:193|31:87	0	35	2	8	508
3	73	0	21560	418	magic_hunzhu8	10:111280|13:197|31:89	0	35	2	8	508
3	74	0	22220	423	magic_hunzhu8	10:115640|13:200|31:91	0	35	2	8	508
3	75	|#a54bfa|署霜擦帷	22880	428	magic_hunzhu8	10:120000|13:204|31:93	0	35	2	8	508
3	76	0	23540	433	magic_hunzhu8	10:124360|13:207|31:95	0	35	2	8	508
3	77	0	24200	438	magic_hunzhu8	10:128720|13:211|31:97	0	35	2	8	508
3	78	0	24860	443	magic_hunzhu8	10:133080|13:215|31:99	0	35	2	8	508
3	79	|#a54bfa|署霜擦帷	25520	448	magic_hunzhu8	10:137440|13:218|31:101	0	35	2	8	508
3	80	0	26180	453	magic_hunzhu8	10:141800|13:222|31:103	0	35	2	8	508
3	81	|#a54bfa|草詮至帷	27040	458	magic_hunzhu9	10:148350|13:226|31:105	127	35	2	9	509
3	82	0	27900	463	magic_hunzhu9	10:154900|13:229|31:107	0	35	2	9	509
3	83	0	28760	468	magic_hunzhu9	10:161450|13:233|31:109	0	35	2	9	509
3	84	0	29620	473	magic_hunzhu9	10:168000|13:237|31:111	0	35	2	9	509
3	85	|#a54bfa|草詮至帷	30480	478	magic_hunzhu9	10:174550|13:241|31:113	0	35	2	9	509
3	86	0	31340	483	magic_hunzhu9	10:181100|13:245|31:116	0	35	2	9	509
3	87	0	32200	488	magic_hunzhu9	10:187650|13:249|31:118	0	35	2	9	509
3	88	0	33060	493	magic_hunzhu9	10:194200|13:253|31:120	0	35	2	9	509
3	89	|#a54bfa|草詮至帷	33920	498	magic_hunzhu9	10:200750|13:257|31:122	0	35	2	9	509
3	90	0	34780	501	magic_hunzhu9	10:207300|13:261|31:124	0	35	2	9	509
3	91	|#a54bfa|劑伉至帷	35840	504	magic_hunzhu10	10:216030|13:265|31:127	127	35	2	10	510
3	92	0	36900	507	magic_hunzhu10	10:224760|13:269|31:129	0	35	2	10	510
3	93	0	37960	510	magic_hunzhu10	10:233490|13:274|31:131	0	35	2	10	510
3	94	0	39020	513	magic_hunzhu10	10:242220|13:278|31:133	0	35	2	10	510
3	95	|#a54bfa|劑伉至帷	40080	516	magic_hunzhu10	10:250950|13:282|31:136	0	35	2	10	510
3	96	0	41140	519	magic_hunzhu10	10:259680|13:286|31:138	0	35	2	10	510
3	97	0	42200	522	magic_hunzhu10	10:268410|13:291|31:140	0	35	2	10	510
3	98	0	43260	525	magic_hunzhu10	10:277140|13:295|31:143	0	35	2	10	510
3	99	|#a54bfa|劑伉至帷	44320	528	magic_hunzhu10	10:285870|13:299|31:145	0	35	2	10	510
3	100	0	49460	531	magic_hunzhu10	10:294600|13:304|31:148	0	35	2	10	510
3	101	|#a54bfa|伊慥至帷	52420	534	magic_hunzhu11	10:307690|13:308|31:150	127	35	2	11	511
3	102	0	55470	537	magic_hunzhu11	10:320780|13:313|31:152	0	35	2	11	511
3	103	0	58600	540	magic_hunzhu11	10:333870|13:317|31:155	0	35	2	11	511
3	104	0	61810	543	magic_hunzhu11	10:346960|13:322|31:157	0	35	2	11	511
3	105	|#a54bfa|伊慥至帷	65120	546	magic_hunzhu11	10:360050|13:326|31:160	0	35	2	11	511
3	106	0	68500	549	magic_hunzhu11	10:373140|13:331|31:162	0	35	2	11	511
3	107	0	71980	552	magic_hunzhu11	10:386230|13:336|31:165	0	35	2	11	511
3	108	0	75540	555	magic_hunzhu11	10:399320|13:340|31:167	0	35	2	11	511
3	109	|#a54bfa|伊慥至帷	79180	558	magic_hunzhu11	10:412410|13:345|31:170	0	35	2	11	511
3	110	0	97750	561	magic_hunzhu11	10:425500|13:350|31:173	0	35	2	11	511
3	111	|#a54bfa|淵劑至帷	117450	564	magic_hunzhu12	10:442950|13:355|31:175	0	35	2	12	512
3	112	0	139770	567	magic_hunzhu12	10:460400|13:360|31:178	127	35	2	12	512
3	113	0	165000	570	magic_hunzhu12	10:477850|13:364|31:180	0	35	2	12	512
3	114	0	193500	573	magic_hunzhu12	10:495300|13:369|31:183	0	35	2	12	512
3	115	|#a54bfa|淵劑至帷	225640	576	magic_hunzhu12	10:512750|13:374|31:186	0	35	2	12	512
3	116	0	261860	579	magic_hunzhu12	10:530200|13:379|31:189	0	35	2	12	512
3	117	0	302620	582	magic_hunzhu12	10:547650|13:384|31:191	0	35	2	12	512
3	118	0	348470	585	magic_hunzhu12	10:565100|13:389|31:194	0	35	2	12	512
3	119	0	399980	588	magic_hunzhu12	10:582550|13:394|31:197	0	35	2	12	512
3	120	|#a54bfa|淵劑至帷	-1	700	magic_hunzhu12	10:600005|13:400|31:200	127	35	2	12	512
