INT	STRING	INT	INT	INT	INT	INT	INT
Index	Name	Battle	Job	Sex	Close	Weapon	Level
1	阿博特	199	1	1	578	577	130
2	阿贝	198	1	2	578	577	130
3	亚伯拉罕	197	3	1	594	593	130
4	艾奇逊	196	2	2	586	585	130
5	阿克曼	195	2	1	586	585	130
6	亚当	194	3	2	594	593	130
7	亚当斯	193	1	1	578	577	130
8	艾迪生	192	2	2	586	585	130
9	阿狄森	191	1	1	578	577	130
10	艾狄生	190	1	2	578	577	130
11	阿德拉	189	3	1	594	593	130
12	阿德莱德	188	2	2	586	585	130
13	阿道夫	187	2	1	586	585	130
14	阿格尼丝	186	3	2	594	593	130
15	艾伯特	185	1	1	578	577	130
16	奥尔科特	184	2	2	586	585	130
17	奥尔丁顿	183	1	1	578	577	130
18	奥尔德里奇	182	1	2	578	577	130
19	亚历克	181	3	1	594	593	130
20	亚历山大	180	2	2	586	585	130
21	阿尔弗列德	180	2	1	586	585	130
22	艾尔弗雷德	180	3	2	594	593	130
23	艾丽丝	180	1	1	578	577	130
24	阿丽丝	180	2	2	586	585	130
25	阿利克	180	1	1	578	577	130
26	艾尔索普	180	1	2	578	577	129
27	阿利	180	3	1	594	593	129
28	阿米利亚	180	2	2	586	585	129
29	安德森	180	2	1	586	585	129
30	安德鲁	180	3	2	594	593	129
31	安	180	1	1	578	577	129
32	安娜	180	2	2	586	585	129
33	安妮	180	1	1	578	577	129
34	安东尼	180	1	2	578	577	129
35	安托瓦妮特	180	3	1	594	593	129
36	安东尼娅	180	2	2	586	585	129
37	阿拉贝拉	180	2	1	586	585	129
38	阿奇博尔德	180	3	2	594	593	129
39	阿姆斯特朗	180	1	1	578	577	129
40	阿诺德	180	2	2	586	585	129
41	阿瑟	180	1	1	578	577	129
42	阿特利	180	1	2	578	577	129
43	奥古斯丁	180	3	1	594	593	129
44	奥古斯塔斯	180	2	2	586	585	129
45	奥斯汀	180	2	1	586	585	129
46	奥斯汀	180	3	2	594	593	129
47	白壁德	180	1	1	578	577	129
48	巴比	180	2	2	586	585	129
49	巴比特	180	1	1	578	577	129
50	巴赫	180	1	2	578	577	129
51	培根	180	3	1	594	593	128
52	鲍德温	180	2	2	586	585	128
53	巴纳德	180	2	1	586	585	128
54	巴尼	180	3	2	594	593	128
55	巴雷特	180	1	1	578	577	128
56	巴雷特	180	2	2	586	585	128
57	巴里	180	1	1	578	577	128
58	巴特	180	1	2	578	577	128
59	巴塞洛缪	180	3	1	594	593	128
60	巴特利特	180	2	2	586	585	128
61	巴顿	180	2	1	586	585	128
62	拜耳	180	3	2	594	593	128
63	鲍尔	180	1	1	578	577	128
64	蒲福	180	2	2	586	585	128
65	比尔德	180	1	1	578	577	128
66	博福特	180	1	2	578	577	128
67	比彻	180	3	1	594	593	128
68	贝克	180	2	2	586	585	128
69	贝基	180	2	1	586	585	128
70	比尔博姆	180	3	2	594	593	128
71	贝尔	180	1	1	578	577	128
72	贝拉米	180	2	2	586	585	128
73	贝尔	180	1	1	578	577	128
74	贝洛克	180	1	2	578	577	128
75	本	180	3	1	594	593	128
76	本尼迪克特	180	2	2	586	585	127
77	本杰明	180	2	1	586	585	127
78	贝内特	180	3	2	594	593	127
79	本森	180	1	1	578	577	127
80	本瑟姆	180	2	2	586	585	127
81	伯克利	180	1	1	578	577	127
82	边沁	180	1	2	578	577	127
83	贝克莱	180	3	1	594	593	127
84	伯纳尔	180	2	2	586	585	127
85	伯纳德	180	2	1	586	585	127
86	伯纳尔德	180	3	2	594	593	127
87	伯特	180	1	1	578	577	127
88	伯莎	180	2	2	586	585	127
89	伯蒂	180	1	1	578	577	127
90	伯特伦	180	1	2	578	577	127
91	贝色麦	180	3	1	594	593	127
92	贝丝	180	2	2	586	585	127
93	贝西墨	180	2	1	586	585	127
94	贝西	180	3	2	594	593	127
95	比顿	180	1	1	578	577	127
96	白求恩	180	2	2	586	585	127
97	贝齐	180	1	1	578	577	127
98	贝蒂	180	1	2	578	577	127
99	比尔	180	3	1	594	593	127
100	比利	180	2	2	586	585	127
101	比勒尔	180	2	1	586	585	126
102	布莱克	180	3	2	594	593	126
103	布莱克	180	1	1	578	577	126
104	布卢默	180	2	2	586	585	126
105	布洛姆菲尔德	180	1	1	578	577	126
106	布龙菲尔德	180	1	2	578	577	126
107	布卢尔	180	3	1	594	593	126
108	布劳	180	2	2	586	585	126
109	布卢姆	180	2	1	586	585	126
110	鲍勃	180	3	2	594	593	126
111	博比	180	1	1	578	577	126
112	博斯韦尔	180	2	2	586	585	126
113	鲍恩	180	1	1	578	577	126
114	波义耳	180	1	2	578	577	126
115	鲍曼	180	3	1	594	593	126
116	波伊尔	180	2	2	586	585	126
117	布拉德利	180	2	1	586	585	126
118	布雷	180	3	2	594	593	126
119	布鲁斯特	180	1	1	578	577	126
120	布里奇斯	180	2	2	586	585	126
121	布赖特	180	1	1	578	577	126
122	布罗德	180	1	2	578	577	126
123	白朗蒂	180	3	1	594	593	126
124	勃朗特	180	2	2	586	585	126
125	布鲁克	180	2	1	586	585	126
126	布朗	180	3	2	594	593	125
127	布朗	180	1	1	578	577	125
128	布朗宁	180	2	2	586	585	125
129	勃朗宁	180	1	1	578	577	125
130	布鲁斯	180	1	2	578	577	125
131	布鲁诺	180	3	1	594	593	125
132	布赖恩	180	2	2	586	585	125
133	布赖斯	180	2	1	586	585	125
134	巴克	180	3	2	594	593	125
135	巴克耳	180	1	1	578	577	125
136	布尔沃	180	2	2	586	585	125
137	布尔韦尔	180	1	1	578	577	125
138	布尼安	180	1	2	578	577	125
139	伯克	180	3	1	594	593	125
140	琼斯	180	2	2	586	585	125
141	伯恩	180	2	1	586	585	125
142	伯恩斯	180	3	2	594	593	125
143	彭斯	180	1	1	578	577	125
144	巴特勒	180	2	2	586	585	125
145	勃特勒	180	1	1	578	577	125
146	拜伦	180	1	2	578	577	125
147	卡拉米	180	3	1	594	593	125
148	坎普	180	2	2	586	585	125
149	凯雷	180	2	1	586	585	125
150	凯里	180	3	2	594	593	125
151	卡尔	180	1	1	578	577	124
152	卡莱尔	180	2	2	586	585	124
153	卡门	180	1	1	578	577	124
154	卡内基	180	1	2	578	577	124
155	卡罗琳	180	3	1	594	593	124
156	卡彭特	180	2	2	586	585	124
157	查理	180	2	1	586	585	124
158	卡丽	180	3	2	594	593	124
159	嘉利	180	1	1	578	577	124
160	卡罗尔	180	2	2	586	585	124
161	卡特	180	1	1	578	577	124
162	凯瑟琳	180	1	2	578	577	124
163	塞西利亚	180	3	1	594	593	124
164	张伯伦	180	2	2	586	585	124
165	卓别麟	180	2	1	586	585	124
166	查普林	180	3	2	594	593	124
167	查普曼	180	1	1	578	577	124
168	查尔斯	180	2	2	586	585	124
169	查利	180	1	1	578	577	124
170	夏洛特	180	1	2	578	577	124
171	夏洛蒂	180	3	1	594	593	124
172	查理	180	2	2	586	585	124
173	查尔斯	180	2	1	586	585	124
174	乔叟	180	3	2	594	593	124
175	切斯特顿	180	1	1	578	577	124
176	蔡尔德	180	2	2	586	585	123
177	蔡尔德	180	1	1	578	577	123
178	克赖斯特	180	1	2	578	577	123
179	克里琴斯	180	3	1	594	593	123
180	克里斯蒂安娜	180	2	2	586	585	123
181	克里斯蒂	180	2	1	586	585	123
182	克里斯托弗	180	3	2	594	593	123
183	克里斯蒂	180	1	1	578	577	123
184	丘奇	180	2	2	586	585	123
185	丘吉尔	180	1	1	578	577	123
186	锡西	180	1	2	578	577	123
187	克拉彭	180	3	1	594	593	123
188	克拉拉	180	2	2	586	585	123
189	克莱尔	180	2	1	586	585	123
190	克拉丽莎	180	3	2	594	593	123
191	克拉克	180	1	1	578	577	123
192	克莱门斯	180	2	2	586	585	123
193	克里曼斯	180	1	1	578	577	123
194	克莱门特	180	1	2	578	577	123
195	科克尔	180	3	1	594	593	123
196	科菲	180	2	2	586	585	123
197	科尔克拉夫	180	2	1	586	585	123
198	科尔里奇	180	3	2	594	593	123
199	柯勒律治	180	1	1	578	577	123
200	柯林斯	180	2	2	586	585	123
201	康芒斯	180	1	1	578	577	122
202	科南	179	1	2	578	577	122
203	康格里夫	179	3	1	594	593	122
204	康尼	179	2	2	586	585	122
205	康纳	179	2	1	586	585	122
206	康拉德	179	3	2	594	593	122
207	康斯坦斯	179	1	1	578	577	122
208	库克	179	2	2	586	585	122
209	库珀	179	1	1	578	577	122
210	科波菲尔	179	1	2	578	577	122
211	柯顿	179	3	1	594	593	122
212	科弗代尔	178	2	2	586	585	122
213	考珀	178	2	1	586	585	122
214	克雷吉	178	3	2	594	593	122
215	克兰	178	1	1	578	577	122
216	克赖顿	178	2	2	586	585	122
217	克罗夫特	178	1	1	578	577	122
218	克罗夫茨	178	1	2	578	577	122
219	克伦威尔	178	3	1	594	593	122
220	克罗宁	178	2	2	586	585	122
221	克洛宁	178	2	1	586	585	122
222	坎伯兰	177	3	2	594	593	122
223	柯姆	177	1	1	578	577	122
224	戴西	177	2	2	586	585	122
225	道尔顿	177	1	1	578	577	122
226	丹	177	1	2	578	577	121
227	丹尼尔	177	3	1	594	593	121
228	丹聂耳	177	2	2	586	585	121
229	丹尼尔	177	2	1	586	585	121
230	达尔文	177	3	2	594	593	121
231	戴维	177	1	1	578	577	121
232	戴维	176	2	2	586	585	121
233	迪福	176	1	1	578	577	121
234	迪莉娅	176	1	2	578	577	121
235	丹尼斯	176	3	1	594	593	121
236	杜瓦	176	2	2	586	585	121
237	昆西	176	2	1	586	585	121
238	迪尤尔	176	3	2	594	593	121
239	杜威	176	1	1	578	577	121
240	迪克	176	2	2	586	585	121
241	狄更斯	176	1	1	578	577	121
242	迪肯斯	175	1	2	578	577	121
243	迪基	175	3	1	594	593	121
244	狄龙	175	2	2	586	585	121
245	多宾	175	2	1	586	585	121
246	多德	175	3	2	594	593	121
247	道尔蒂	175	1	1	578	577	121
248	陶赫蒂	175	2	2	586	585	121
249	多利	175	1	1	578	577	121
250	多恩	175	1	2	578	577	121
251	多拉	175	3	1	594	593	120
252	陶丽思	174	2	2	586	585	120
253	多丽丝	174	2	1	586	585	120
254	多萝西娅	174	3	2	594	593	120
255	多萝西	174	1	1	578	577	120
256	道格拉斯	174	2	2	586	585	120
257	道尔	174	1	1	578	577	120
258	多伊尔	174	1	2	578	577	120
259	德莱登	174	3	1	594	593	120
260	德莱塞	174	2	2	586	585	120
261	屈莱顿	174	2	1	586	585	120
262	杜波依斯	173	3	2	594	593	120
263	杜勒斯	173	1	1	578	577	120
264	邓巴	173	2	2	586	585	120
265	邓肯	173	1	1	578	577	120
266	邓洛普	173	1	2	578	577	120
267	杜邦	173	3	1	594	593	120
268	杜德	173	2	2	586	585	120
269	达特	173	2	1	586	585	120
270	埃迪	173	3	2	594	593	120
271	艾登	173	1	1	578	577	120
272	埃奇沃思	172	2	2	586	585	120
273	伊迪	172	1	1	578	577	120
274	爱迪生	172	1	2	578	577	120
275	伊迪丝	172	3	1	594	593	120
276	埃德蒙	172	2	2	466	465	119
277	爱德华	172	2	1	466	465	119
278	埃菲	172	3	2	474	473	119
279	艾泼斯坦	172	1	1	458	457	119
280	艾森豪威尔	172	2	2	466	465	119
281	埃兰娜	172	1	1	458	457	119
282	埃利诺	171	1	2	458	457	119
283	伊利克特拉	171	3	1	474	473	119
284	埃利诺	171	2	2	466	465	119
285	爱略特	171	2	1	466	465	119
286	埃利奥特	171	3	2	474	473	119
287	艾略特	171	1	1	458	457	119
288	伊丽莎白	171	2	2	466	465	119
289	埃拉	171	1	1	458	457	119
290	埃伦	171	1	2	458	457	119
291	艾利斯	171	3	1	474	473	119
292	埃尔西	170	2	2	466	465	119
293	埃墨森	170	2	1	466	465	119
294	埃米莉	170	3	2	474	473	119
295	艾米丽	170	1	1	458	457	119
296	埃玛	170	2	2	466	465	119
297	埃米	170	1	1	458	457	119
298	欧内斯特	170	1	2	458	457	119
299	埃丝特	170	3	1	474	473	119
300	尤金	170	2	2	466	465	119
301	尤金	170	2	1	466	465	118
302	尤菲米娅	169	3	2	474	473	118
303	伊娃	169	1	1	458	457	118
304	埃文	169	2	2	466	465	118
305	埃文思	169	1	1	458	457	118
306	伊夫	169	1	2	458	457	118
307	埃维莉娜	169	3	1	474	473	118
308	伊夫琳	169	2	2	466	465	118
309	伊齐基尔	169	2	1	466	465	118
310	范妮	169	3	2	474	473	118
311	法拉第	169	1	1	458	457	118
312	法斯特	168	2	2	466	465	118
313	福克纳	168	1	1	458	457	118
314	费利克斯	168	1	2	458	457	118
315	费尔顿	168	3	1	474	473	118
316	费迪南德	168	2	2	466	465	118
317	福开森	168	2	1	466	465	118
318	弗格森	168	3	2	474	473	118
319	弗格森	168	1	1	458	457	118
320	菲尔德	168	2	2	466	465	118
321	菲尔丁	168	1	1	458	457	118
322	芬恩	167	1	2	458	457	118
323	菲茨杰拉德	167	3	1	474	473	118
324	弗劳尔	167	2	2	466	465	118
325	弗林	167	2	1	466	465	118
326	弗琳	167	3	2	474	473	117
327	福特	167	1	1	458	457	117
328	福斯特	167	2	2	466	465	117
329	福斯特	167	1	1	458	457	117
330	福勒	167	1	2	458	457	117
331	福克斯	167	3	1	474	473	117
332	弗朗西丝	166	2	2	466	465	117
333	弗朗西斯	166	2	1	466	465	117
334	法兰西斯	166	3	2	474	473	117
335	弗兰克	166	1	1	458	457	117
336	富兰克林	166	2	2	466	465	117
337	弗雷德	166	1	1	458	457	117
338	弗雷德里克	166	1	2	458	457	117
339	弗里曼	166	3	1	474	473	117
340	芬克	166	2	2	466	465	117
341	加布里埃尔	166	2	1	466	465	117
342	加布尔雷思	165	3	2	474	473	117
343	加拉赫	165	1	1	458	457	117
344	盖洛普	165	2	2	466	465	117
345	高尔斯沃西	165	1	1	458	457	117
346	加西亚	165	1	2	458	457	117
347	加登	165	3	1	474	473	117
348	加德纳	165	2	2	466	465	117
349	加斯克尔	165	2	1	466	465	117
350	杰弗里	165	3	2	474	473	117
351	乔迪	165	1	1	458	457	116
352	乔治	164	2	2	466	465	116
353	吉本	164	1	1	458	457	116
354	吉布森	164	1	2	458	457	116
355	吉尔伯特	164	3	1	474	473	116
356	詹理斯	164	2	2	466	465	116
357	贾尔斯	164	2	1	466	465	116
358	吉尔	164	3	2	474	473	116
359	季星	164	1	1	458	457	116
360	格拉德斯通	164	2	2	466	465	116
361	格莱斯顿	164	1	1	458	457	116
362	戈德温	163	1	2	458	457	116
363	葛德文	163	3	1	474	473	116
364	戈尔德	163	2	2	466	465	116
365	高尔德	163	2	1	466	465	116
366	戈德史密斯	163	3	2	474	473	116
367	哥尔斯密	163	1	1	458	457	116
368	戈斯	163	2	2	466	465	116
369	格雷斯	163	1	1	458	457	116
370	格雷西	163	1	2	458	457	116
371	格雷汉姆	163	3	1	474	473	116
372	格兰汉	162	2	2	466	465	116
373	格雷厄姆	162	2	1	466	465	116
374	格兰特	162	3	2	474	473	116
375	格兰瑟姆	162	1	1	458	457	116
376	格雷	162	2	2	466	465	115
377	格林	162	1	1	458	457	115
378	格雷戈里	162	1	2	458	457	115
379	格雷沙姆	162	3	1	474	473	115
380	格雷	162	2	2	466	465	115
381	格罗特	162	2	1	466	465	115
382	冈特	161	3	2	474	473	115
383	冈瑟	161	1	1	458	457	115
384	格斯	161	2	2	466	465	115
385	盖伊	161	1	1	458	457	115
386	哈巴卡克	161	1	2	458	457	115
387	哈该	161	3	1	474	473	115
388	哈尔	161	2	2	466	465	115
389	哈利法克斯	161	2	1	466	465	115
390	哈密尔敦	161	3	2	474	473	115
391	汉森尔顿	161	1	1	458	457	115
392	哈姆雷特	160	2	2	466	465	115
393	汉森	160	1	1	458	457	115
394	汉森	160	1	2	458	457	115
395	汉萨	160	3	1	474	473	115
396	哈代哈迪	160	2	2	466	465	115
397	哈罗德	160	2	1	466	465	115
398	哈珀	160	3	2	474	473	115
399	哈里曼	160	1	1	458	457	115
400	哈林顿	160	2	2	466	465	115
401	哈灵顿	160	1	1	458	457	114
402	哈里森	159	1	2	458	457	114
403	哈罗德	159	3	1	474	473	114
404	哈里	159	2	2	466	465	114
405	哈特	159	2	1	466	465	114
406	哈特	159	3	2	474	473	114
407	哈维	159	1	1	458	457	114
408	霍索恩	159	2	2	466	465	114
409	海登	159	1	1	458	457	114
410	海伍德	159	1	2	458	457	114
411	黑兹利特	159	3	1	474	473	114
412	赫士列特	158	2	2	466	465	114
413	赫斯特	158	2	1	466	465	114
414	娜	158	3	2	474	473	114
415	赫莉	158	1	1	458	457	114
416	海明威	158	2	2	466	465	114
417	亨利	158	1	1	458	457	114
418	亨里埃塔	158	1	2	458	457	114
419	赫伯特	158	3	1	474	473	114
420	赫蒂	158	2	2	466	465	114
421	休利特	158	2	1	466	465	114
422	希克斯	157	3	2	474	473	114
423	希尔	157	1	1	458	457	114
424	霍布斯	157	2	2	466	465	114
425	霍布森	157	1	1	458	457	114
426	霍奇	157	1	2	458	457	113
427	霍奇森	157	3	1	474	473	113
428	霍姆斯	157	2	2	466	465	113
429	?福尔摩斯	157	2	1	466	465	113
430	霍尔特	157	3	2	474	473	113
431	胡德	157	1	1	458	457	113
432	胡佛	156	2	2	466	465	113
433	霍普	156	1	1	458	457	113
434	霍普斯	156	1	2	458	457	113
435	霍普金	156	3	1	474	473	113
436	霍勒斯	156	2	2	466	465	113
437	贺拉斯	156	2	1	466	465	113
438	霍勒斯	156	3	2	474	473	113
439	贺拉斯	156	1	1	458	457	113
440	霍雷肖	156	2	2	466	465	113
441	霍恩比	156	1	1	458	457	113
442	霍齐亚	155	1	2	458	457	113
443	豪斯	155	3	1	474	473	113
444	豪斯曼	155	2	2	466	465	113
445	休斯敦	155	2	1	466	465	113
446	霍华德	155	3	2	474	473	113
447	豪厄斯	155	1	1	458	457	113
448	豪厄尔	155	2	2	466	465	113
449	霍伊尔	155	1	1	458	457	113
450	哈伯德	155	1	2	458	457	113
451	赫德森	155	3	1	474	473	112
452	哈金斯	154	2	2	466	465	112
453	休	154	2	1	466	465	112
454	休士	154	3	2	474	473	112
455	休斯	154	1	1	458	457	112
456	休姆	154	2	2	466	465	112
457	休谟	154	1	1	458	457	112
458	汉弗莱	154	1	2	458	457	112
459	亨廷顿	154	3	1	474	473	112
460	赫特	154	2	2	466	465	112
461	赫胥黎	154	2	1	466	465	112
462	赫克利斯	153	3	2	474	473	112
463	英格索尔	153	1	1	458	457	112
464	欧文	153	2	2	466	465	112
465	艾萨克	153	1	1	458	457	112
466	伊莎贝尔	153	1	2	458	457	112
467	艾塞亚	153	3	1	474	473	112
468	伊凡	153	2	2	466	465	112
469	杰克	153	2	1	466	465	112
470	杰克逊	153	3	2	474	473	112
471	雅各布	153	1	1	458	457	112
472	詹姆斯	152	2	2	466	465	112
473	简	152	1	1	458	457	112
474	贾斯帕	152	1	2	458	457	112
475	杰姆斯	152	3	1	474	473	112
476	琼	152	2	2	466	465	111
477	杰斐逊	152	2	1	466	465	111
478	杰弗逊	152	3	2	474	473	111
479	詹斯	152	1	1	458	457	111
480	詹金	152	2	2	466	465	111
481	詹宁斯	152	1	1	458	457	111
482	珍妮	151	1	2	458	457	111
483	杰里迈亚	151	3	1	474	473	111
484	杰里米	151	2	2	466	465	111
485	杰罗姆	151	2	1	466	465	111
486	杰里	151	3	2	474	473	111
487	杰西	151	1	1	458	457	111
488	吉姆	151	2	2	466	465	111
489	杰米	151	1	1	458	457	111
490	琼	151	1	2	458	457	111
491	乔布	151	3	1	474	473	111
492	乔	150	2	2	466	465	111
493	乔尔	150	2	1	466	465	111
494	约翰	150	3	2	474	473	111
495	约翰尼	150	1	1	458	457	111
496	约翰逊	150	2	2	466	465	111
497	约翰斯顿	150	1	1	458	457	111
498	乔纳	150	1	2	458	457	111
499	乔纳森	150	3	1	474	473	111
500	琼斯	150	2	2	466	465	111
501	琼森	150	2	1	466	465	110
502	乔丹	149	3	2	474	473	110
503	约瑟夫	149	1	1	458	457	110
504	乔希	149	2	2	466	465	110
505	乔舒亚	149	1	1	458	457	110
506	焦尔	149	1	2	458	457	110
507	乔伊斯	149	3	1	474	473	110
508	贾德	149	2	2	466	465	110
509	朱迪思	149	2	1	466	465	110
510	贾德森	149	3	2	474	473	110
511	朱莉娅	149	1	1	458	457	110
512	朱利安	148	2	2	466	465	110
513	朱莉安娜	148	1	1	458	457	110
514	朱丽叶	148	1	2	458	457	110
515	朱利叶斯	148	3	1	474	473	110
516	凯特	148	2	2	466	465	110
517	凯瑟琳	148	2	1	466	465	110
518	凯瑟琳	148	3	2	474	473	110
519	卡特琳	148	1	1	458	457	110
520	基茨	148	2	2	466	465	110
521	凯利	148	1	1	458	457	110
522	凯洛格	147	1	2	458	457	110
523	凯尔森	147	3	1	474	473	110
524	凯尔文	147	2	2	466	465	110
525	凯南	147	2	1	466	465	110
526	肯尼迪	147	3	2	474	473	109
527	凯佩尔	147	1	1	458	457	109
528	凯恩斯	147	2	2	466	465	109
529	金斯利	147	1	1	458	457	109
530	基普林	147	1	2	458	457	109
531	基特	147	3	1	474	473	109
532	基托	146	2	2	466	465	109
533	基蒂	146	2	1	466	465	109
534	拉姆	146	3	2	474	473	109
535	兰姆	146	1	1	458	457	109
536	朗伯	146	2	2	466	465	109
537	兰伯特	146	1	1	458	457	109
538	兰斯洛特	146	1	2	458	457	109
539	兰登	146	3	1	474	473	109
540	拉金	146	2	2	466	465	109
541	拉铁摩尔	146	2	1	466	465	109
542	劳里	145	3	2	474	473	109
543	劳	145	1	1	458	457	109
544	劳伦斯	145	2	2	466	465	109
545	劳逊	145	1	1	458	457	109
546	劳森	145	1	2	458	457	109
547	李科克	145	3	1	474	473	109
548	利科克	145	2	2	466	465	109
549	李	145	2	1	466	465	109
550	利	145	3	2	474	473	109
551	莱顿	145	1	1	458	457	108
552	莉娜	144	2	2	466	465	108
553	伦纳德	144	1	1	458	457	108
554	利奥波德	144	1	2	458	457	108
555	卢	144	3	1	474	473	108
556	刘易斯	144	2	2	466	465	108
557	刘易士	144	2	1	466	465	108
558	莉莉	144	3	2	474	473	108
559	林肯	144	1	1	458	457	108
560	林德伯格	144	2	2	466	465	108
561	林塞	144	1	1	458	457	108
562	利齐	143	1	2	458	457	108
563	劳埃德	143	3	1	474	473	108
564	洛克	143	2	2	466	465	108
565	伦敦	143	2	1	466	465	108
566	朗费罗	143	3	2	474	473	108
567	朗曼	143	1	1	458	457	108
568	路易	143	2	2	466	465	108
569	路易斯	143	1	1	458	457	108
570	路易莎	143	1	2	458	457	108
571	路易丝	143	3	1	474	473	108
572	罗厄尔	142	2	2	466	465	108
573	罗威尔	142	2	1	466	465	108
574	卢卡斯	142	3	2	474	473	108
575	露西亚	142	1	1	458	457	108
576	卢修斯	142	2	2	466	465	107
577	露西	142	1	1	458	457	107
578	卢克	142	1	2	458	457	107
579	利利	142	3	1	474	473	107
580	林奇	142	2	2	466	465	107
581	林德	142	2	1	466	465	107
582	李顿	141	3	2	474	473	107
583	麦克亚当	141	1	1	458	457	107
584	麦克阿瑟	141	2	2	466	465	107
585	麦考利	141	1	1	458	457	107
586	利顿	141	1	2	458	457	107
587	麦克唐纳	141	3	1	474	473	107
588	麦金托什	141	2	2	466	465	107
589	麦克弗森	141	2	1	466	465	107
590	麦克米伦	141	3	2	474	473	107
591	麦克菲尔逊	141	1	1	458	457	107
592	马奇	140	2	2	466	465	107
593	玛吉	140	1	1	458	457	107
594	玛拉基	140	1	2	458	457	107
595	马伦	140	3	1	474	473	107
596	马洛里	140	2	2	466	465	107
597	马尔茨	140	2	1	466	465	107
598	马尔萨斯	140	3	2	474	473	107
599	马尔兹	140	1	1	458	457	107
600	曼斯菲尔德	140	2	2	466	465	107
601	马塞勒斯	140	1	1	458	457	106
602	马库斯	139	1	2	458	457	106
603	玛格丽塔	139	3	1	474	473	106
604	马杰里	139	2	2	466	465	106
605	玛丽亚	139	2	1	466	465	106
606	马里恩	139	3	2	474	473	106
607	马乔里	139	1	1	458	457	106
608	马克	139	2	2	466	465	106
609	马洛	139	1	1	458	457	106
610	马南	139	1	2	458	457	106
611	马歇尔	139	3	1	474	473	106
612	马莎	138	2	2	466	465	106
613	马丁	138	2	1	466	465	106
614	玛丽	138	3	2	474	473	106
615	梅斯菲尔德	138	1	1	458	457	106
616	马蒂尔达	138	2	2	466	465	106
617	马修	138	1	1	458	457	106
618	莫德	138	1	2	458	457	106
619	莫姆	138	3	1	474	473	106
620	莫里斯	138	2	2	466	465	106
621	马克斯	138	2	1	466	465	106
622	马克斯韦尔	137	3	2	474	473	106
623	梅	137	1	1	458	457	106
624	麦卡锡	137	2	2	466	465	106
625	麦克唐纳	137	1	1	458	457	106
626	梅格	137	1	2	458	457	105
627	梅尔维尔	137	3	1	474	473	105
628	梅雷迪斯	137	2	2	466	465	105
629	梅瑞狄斯	137	2	1	466	465	105
630	迈卡	137	3	2	474	473	105
631	迈克尔	137	1	1	458	457	105
632	迈克尔孙	136	2	2	466	465	105
633	米切尔森	136	1	1	458	457	105
634	密德尔顿	136	1	2	458	457	105
635	迈克	136	3	1	474	473	105
636	米尔	136	2	2	466	465	105
637	米尔恩	136	2	1	466	465	105
638	米尔顿	136	3	2	474	473	105
639	明妮	136	1	1	458	457	105
640	莫尔	136	2	2	466	465	105
641	蒙德	136	1	1	458	457	105
642	门罗	135	1	2	458	457	105
643	蒙哥马利	135	3	1	474	473	105
644	穆尔	135	2	2	466	465	105
645	莫尔	135	2	1	466	465	105
646	摩根	135	3	2	474	473	105
647	摩利	135	1	1	458	457	105
648	莫里斯	135	2	2	466	465	105
649	莫里森	135	1	1	458	457	105
650	莫尔斯	135	1	2	458	457	105
651	摩顿	135	3	1	474	473	104
652	莫尔顿	134	2	2	466	465	104
653	摩西	134	2	1	466	465	104
654	莫特利	134	3	2	474	473	104
655	莫尔顿	134	1	1	458	457	104
656	默里	134	2	2	466	465	104
657	内厄姆	134	1	1	458	457	104
658	南希	134	1	2	458	457	104
659	纳撒尼尔	134	3	1	474	473	104
660	尼达姆	134	2	2	466	465	104
661	尼赫迈亚	134	2	1	466	465	104
662	内尔	133	3	2	474	473	104
663	内利	133	1	1	458	457	104
664	奈尔孙	133	2	2	466	465	104
665	纽曼	133	1	1	458	457	104
666	牛顿	133	1	2	458	457	104
667	尼古拉斯	133	3	1	474	473	104
668	尼科斯	133	2	2	466	465	104
669	尼科尔	133	2	1	466	465	104
670	尼克	133	3	2	474	473	104
671	尼科尔	133	1	1	458	457	104
672	尼克松	132	2	2	466	465	104
673	诺厄	132	1	1	458	457	104
674	诺埃尔	132	1	2	458	457	104
675	诺拉	132	3	1	474	473	104
676	娜拉	132	2	2	466	465	103
677	诺里斯	132	2	1	466	465	103
678	诺思	132	3	2	474	473	103
679	诺顿	132	1	1	458	457	103
680	诺伊斯	132	2	2	466	465	103
681	奥巴代亚	132	1	1	458	457	103
682	奥卡西	131	1	2	458	457	103
683	奥凯西	131	3	1	474	473	103
684	奥卡姆	131	2	2	466	465	103
685	奥康纳	131	2	1	466	465	103
686	奥利弗	131	3	2	474	473	103
687	奥尼尔	131	1	1	458	457	103
688	奥尼恩斯	131	2	2	466	465	103
689	奥兰多	131	1	1	458	457	103
690	奥斯卡	131	1	2	458	457	103
691	欧文	131	3	1	474	473	103
692	帕尔默	130	2	2	466	465	103
693	潘西	130	2	1	466	465	103
694	帕克	130	3	2	474	473	103
695	帕特里奇	130	1	1	458	457	103
696	佩德	130	2	2	466	465	103
697	佩特	130	1	1	458	457	103
698	佩兴斯	130	1	2	458	457	103
699	帕特里克	130	3	1	474	473	103
700	保罗	130	2	2	466	465	103
701	皮科尔	130	2	1	466	465	102
702	皮尔逊	130	3	2	474	473	102
703	佩格	130	1	1	458	457	102
704	佩吉	130	2	2	466	465	102
705	佩恩	130	1	1	458	457	102
706	皮普斯	130	1	2	458	457	102
707	佩皮斯	130	3	1	474	473	102
708	珀金	130	2	2	466	465	102
709	彼得	130	2	1	466	465	102
710	佩蒂	130	3	2	474	473	102
711	菲利蒙	130	1	1	458	457	102
712	菲利普	129	2	2	466	465	102
713	皮尔斯	129	1	1	458	457	102
714	皮古	129	1	2	458	457	102
715	庇古	129	3	1	474	473	102
716	皮特曼	129	2	2	466	465	102
717	波	129	2	1	466	465	102
718	波利特	129	3	2	474	473	102
719	波利	129	1	1	458	457	102
720	波普	129	2	2	466	465	102
721	蒲柏	129	1	1	458	457	102
722	庞德	128	1	2	458	457	102
723	鲍威尔	128	3	1	474	473	102
724	普赖斯	128	2	2	466	465	102
725	普里斯特利	128	2	1	466	465	102
726	普里斯特莱	128	3	2	474	473	101
727	普里特	128	1	1	458	457	101
728	帕利策尔	128	2	2	466	465	101
729	普里策	128	1	1	458	457	101
730	普兰	128	1	2	458	457	101
731	普尔曼	128	3	1	474	473	101
732	奎勒	127	2	2	466	465	101
733	拉格伦	127	2	1	466	465	101
734	罗利	127	3	2	474	473	101
735	拉尔夫	127	1	1	458	457	101
736	拉曼	127	2	2	466	465	101
737	冉斯登	127	1	1	458	457	101
738	拉姆斯登	127	1	2	458	457	101
739	拉菲尔	127	3	1	474	473	101
740	拉菲尔	127	2	2	466	465	101
741	瑞利	127	2	1	466	465	101
742	雷利	126	3	2	474	473	101
743	雷蒙德	126	1	1	458	457	101
744	里德	126	2	2	466	465	101
745	丽贝卡	126	1	1	458	457	101
746	里德	126	1	2	458	457	101
747	雷诺兹	126	3	1	474	473	101
748	罗兹	126	2	2	466	465	101
749	里斯	126	2	1	466	465	101
750	理嘉图	126	3	2	474	473	101
751	李嘉图	126	1	1	458	457	100
752	理查	125	2	2	466	465	100
753	理查兹	125	1	1	458	457	100
754	理查森	125	1	2	458	457	100
755	罗布	125	3	1	474	473	100
756	罗宾斯	125	2	2	466	465	100
757	罗伯特	125	2	1	466	465	100
758	罗伯逊	125	3	2	474	473	100
759	罗宾	125	1	1	458	457	100
760	罗宾森	125	2	2	466	465	100
761	罗宾逊	125	1	1	458	457	100
762	洛克菲勒	124	1	2	458	457	100
763	罗吉尔	124	3	1	474	473	100
764	罗杰	124	2	2	466	465	100
765	罗兰	124	2	1	466	465	100
766	罗密欧	124	3	2	474	473	100
767	罗斯福	124	1	1	458	457	100
768	罗莎	124	2	2	466	465	100
769	罗塞蒂	124	1	1	458	457	100
770	罗瑟琳	124	1	2	458	457	100
771	罗斯	124	3	1	474	473	100
772	罗塞蒂	123	2	2	466	465	100
773	罗赛蒂	123	2	1	466	465	100
774	罗伊	123	3	2	474	473	100
775	,鲁道夫	123	1	1	458	457	100
776	腊斯克	123	2	2	466	465	99
777	拉斯金	123	1	1	458	457	99
778	罗斯金	123	1	2	458	457	99
779	罗素	123	3	1	474	473	99
780	拉塞尔	123	2	2	466	465	99
781	鲁思	123	2	1	466	465	99
782	卢瑟福	122	3	2	474	473	99
783	拉瑟福德	122	1	1	458	457	99
784	塞恩思伯里	122	2	2	466	465	99
785	森次巴立	122	1	1	458	457	99
786	索尔兹伯里	122	1	2	458	457	99
787	萨莉	122	3	1	474	473	99
788	萨洛美	122	2	2	466	465	99
789	萨姆	122	2	1	466	465	99
790	萨姆森	122	3	2	474	473	99
791	塞缪尔	122	1	1	458	457	99
792	桑德	121	2	2	466	465	99
793	桑迪	121	1	1	458	457	99
794	萨皮尔	121	1	2	458	457	99
795	萨拉	121	3	1	474	473	99
796	萨洛扬	121	2	2	466	465	99
797	萨罗扬	121	2	1	466	465	99
798	沙逊	121	3	2	474	473	99
799	索尔	121	1	1	458	457	99
800	索耶	121	2	2	466	465	99
801	萨克斯顿	121	1	1	458	457	98
802	斯科特	120	1	2	458	457	98
803	司各脱	120	3	1	474	473	98
804	斯克利普斯	120	2	2	466	465	98
805	西尼尔	120	2	1	466	465	98
806	瑟维斯	120	3	2	474	473	98
807	莎士比亚	120	1	1	458	457	98
808	夏普	120	2	2	466	465	98
809	肖	120	1	1	458	457	98
810	雪莱	120	1	2	458	457	98
811	谢利	120	3	1	474	473	98
812	谢里登	119	2	2	466	465	98
813	谢立丹	119	2	1	466	465	98
814	舍伍德	119	3	2	474	473	98
815	悉尼	119	1	1	458	457	98
816	锡特尼	119	2	2	466	465	98
817	赛拉斯	119	1	1	458	457	98
818	西蒙	119	1	2	458	457	98
819	辛普森	119	3	1	474	473	98
820	辛克莱	119	2	2	466	465	98
821	史沫特莱	119	2	1	466	465	98
822	斯梅德利	118	3	2	474	473	98
823	史密斯	118	1	1	458	457	98
824	斯莫利特	118	2	2	466	465	98
825	斯摩莱特	118	1	1	458	457	98
826	斯诺	118	1	2	458	457	97
827	萨默菲尔德	118	3	1	474	473	97
828	索莫费尔德	118	2	2	466	465	97
829	索菲娅	118	2	1	466	465	97
830	索菲	118	3	2	474	473	97
831	索锡	118	1	1	458	457	97
832	骚塞	117	2	2	466	465	97
833	斯潘塞	117	1	1	458	457	97
834	斯宾塞	117	1	2	458	457	97
835	斯彭德	117	3	1	474	473	97
836	斯潘塞	117	2	2	466	465	97
837	斯宾塞	117	2	1	466	465	97
838	斯普林霍尔	117	3	2	474	473	97
839	斯蒂尔	117	1	1	458	457	97
840	斯梯尔	117	2	2	466	465	97
841	斯坦贝克	117	1	1	458	457	97
842	斯坦培克	116	1	2	458	457	97
843	斯特拉	116	3	1	474	473	97
844	斯蒂芬	116	2	2	466	465	97
845	史蒂芬	116	2	1	466	465	97
846	斯蒂芬斯	116	3	2	474	473	97
847	史蒂文森	116	1	1	458	457	97
848	史迪威	116	2	2	466	465	97
849	斯通	116	1	1	458	457	97
850	斯托	116	1	2	458	457	97
851	斯特雷奇	116	3	1	474	473	96
852	斯特朗	115	2	2	466	465	96
853	司徒雷登	115	2	1	466	465	96
854	斯图尔特	115	3	2	474	473	96
855	萨里	115	1	1	458	457	96
856	萨利	115	2	2	466	465	96
857	苏珊	115	1	1	458	457	96
858	苏珊娜	115	1	2	458	457	96
859	斯威特	115	3	1	474	473	96
860	斯维夫特	115	2	2	466	465	96
861	斯威夫特	115	2	1	466	465	96
862	斯温伯恩	114	3	2	474	473	96
863	史文朋	114	1	1	458	457	96
864	西蒙斯	114	2	2	466	465	96
865	泰特	114	1	1	458	457	96
866	泰勒	114	1	2	458	457	96
867	特德	114	3	1	474	473	96
868	坦普尔	114	2	2	466	465	96
869	坦尼森	114	2	1	466	465	96
870	丁尼生	114	3	2	474	473	96
871	特里	114	1	1	458	457	96
872	撒克里	113	2	2	466	465	96
873	西奥多	113	1	1	458	457	96
874	特里萨	113	1	2	458	457	96
875	托马斯	113	3	1	474	473	96
876	汤普森	113	2	2	466	465	95
877	汤姆森	113	2	1	466	465	95
878	索罗	113	3	2	474	473	95
879	梭洛	113	1	1	458	457	95
880	桑代克	113	2	2	466	465	95
881	蒂莫西	113	1	1	458	457	95
882	泰特斯	112	1	2	458	457	95
883	托拜厄斯	112	3	1	474	473	95
884	托比	112	2	2	466	465	95
885	托兰	112	2	1	466	465	95
886	汤姆	112	3	2	474	473	95
887	汤姆林森	112	1	1	458	457	95
888	汤米	112	2	2	466	465	95
889	托尼	112	1	1	458	457	95
890	图尔斯	112	1	2	458	457	95
891	陶特	112	3	1	474	473	95
892	托因比	111	2	2	466	465	95
893	特雷西	111	2	1	466	465	95
894	特里维康	111	3	2	474	473	95
895	特罗洛普	111	1	1	458	457	95
896	杜鲁门	111	2	2	466	465	95
897	特纳	111	1	1	458	457	95
898	塔特尔	111	1	2	458	457	95
899	吐温	111	3	1	474	473	95
900	特温	111	2	2	466	465	95
901	泰勒	111	2	1	466	465	94
902	尤利塞斯	110	3	2	474	473	94
903	瓦伦丁	110	1	1	458	457	94
904	范	110	2	2	466	465	94
905	伏恩	110	1	1	458	457	94
906	维布伦	110	1	2	458	457	94
907	凡勃伦	110	3	1	474	473	94
908	维克托	110	2	2	466	465	94
909	文森特	110	2	1	466	465	94
910	瓦奥莱特	110	3	2	474	473	94
911	弗吉尼亚	110	1	1	458	457	94
912	沃格特	109	2	2	466	465	94
913	瓦格纳	109	1	1	458	457	94
914	沃克	109	1	2	458	457	94
915	沃克利	109	3	1	474	473	94
916	华莱土	109	2	2	466	465	94
917	沃利斯	109	2	1	466	465	94
918	沃波尔	109	3	2	474	473	94
919	沃尔什	109	1	1	458	457	94
920	沃尔特	109	2	2	466	465	94
921	沃尔顿	109	1	1	458	457	94
922	沃德	108	1	2	458	457	94
923	沃纳	108	3	1	474	473	94
924	沃伦	108	2	2	466	465	94
925	华盛顿	108	2	1	466	465	94
926	沃特	108	3	2	474	473	93
927	沃特斯	108	1	1	458	457	93
928	瓦特	108	2	2	466	465	93
929	韦布	108	1	1	458	457	93
930	韦伯斯特	108	1	2	458	457	93
931	韦尔斯	108	3	1	474	473	93
932	韦斯利	107	2	2	466	465	93
933	惠特利	107	2	1	466	465	93
934	惠勒	107	3	2	474	473	93
935	惠特	107	1	1	458	457	93
936	怀特黑德	107	2	2	466	465	93
937	怀特海	107	1	1	458	457	93
938	惠特曼	107	1	2	458	457	93
939	惠蒂尔	107	3	1	474	473	93
940	怀特	107	2	2	466	465	93
941	威尔科特斯	107	2	1	466	465	93
942	魏尔德	106	3	2	474	473	93
943	王尔德	106	1	1	458	457	93
944	怀尔德	106	2	2	466	465	93
945	威廉明娜	106	1	1	458	457	93
946	威尔	106	1	2	458	457	93
947	威拉德	106	3	1	474	473	93
948	威廉	106	2	2	466	465	93
949	威尔莫特	106	2	1	466	465	93
950	威尔逊	106	3	2	474	473	93
951	温泽	106	1	1	458	457	92
952	温莎	105	2	2	466	465	92
953	威尼弗雷德	105	1	1	458	457	92
954	沃德豪斯	105	1	2	458	457	92
955	沃尔夫	105	3	1	474	473	92
956	渥拉斯顿	105	2	2	466	465	92
957	沃拉斯顿	105	2	1	466	465	92
958	伍德	105	3	2	474	473	92
959	伍尔夫	105	1	1	458	457	92
960	伍莱	105	2	2	466	465	92
961	伍利	105	1	1	458	457	92
962	沃兹沃思	104	1	2	458	457	92
963	渥兹华斯	104	3	1	474	473	92
964	华兹沃斯	104	2	2	466	465	92
965	赖特	104	2	1	466	465	92
966	怀阿特	104	3	2	474	473	92
967	怀亚特	104	1	1	458	457	92
968	魏克利夫	104	2	2	466	465	92
969	威克利夫	104	1	1	458	457	92
970	怀尔德	104	1	2	458	457	92
971	耶鲁	104	3	1	474	473	92
972	耶尔	103	2	2	466	465	92
973	耶茨	103	2	1	466	465	92
974	夏芝	103	3	2	474	473	92
975	耶基斯	103	1	1	458	457	92
976	扬	103	2	2	466	465	91
977	尤尔	103	1	1	458	457	91
978	扎卡赖亚斯	103	1	2	458	457	91
979	赞格威尔	103	3	1	474	473	91
980	泽卡赖亚	103	2	2	466	465	91
981	泽弗奈亚	103	2	1	466	465	91
982	齐默尔曼	102	3	2	474	473	91
983	艾比盖	102	1	1	458	457	91
984	爱得莱德	102	2	2	466	465	91
985	爱尔柏塔	102	1	1	458	457	91
986	贝齐	102	1	2	458	457	91
987	贝蒂	102	3	1	474	473	91
988	比尤莱	102	2	2	466	465	91
989	布莱兹	102	2	1	466	465	91
990	布伦达	102	3	2	474	473	91
991	布里奇特	102	1	1	458	457	91
992	布鲁克	101	2	2	466	465	91
993	西莱斯特	101	1	1	458	457	91
994	夏洛特	101	1	2	458	457	91
995	谢里尔	101	3	1	474	473	91
996	克里斯廷	101	2	2	466	465	91
997	克莱儿	101	2	1	466	465	91
998	克莱拉	101	3	2	474	473	91
999	潼恩	101	1	1	458	457	91
1000	德博拉	101	2	2	466	465	91
1001	多洛雷斯	101	1	1	458	457	90
1002	多明尼卡	100	1	2	458	457	90
1003	多拉	100	3	1	474	473	90
1004	桃乐斯	100	2	2	466	465	90
1005	伊甸	100	2	1	466	465	90
1006	伊迪丝	100	3	2	474	473	90
1007	伊莲恩	100	1	1	458	457	90
1008	艾琳诺	100	2	2	466	465	90
1009	艾伦	100	1	1	458	457	90
1010	艾尔玛	100	1	2	458	457	90
1011	艾西	100	3	1	474	473	90
1012	埃尔韦拉	100	2	2	466	465	90
1013	费滋	100	2	1	466	465	90
1014	弗朗西斯	100	3	2	474	473	90
1015	弗莉达	100	1	1	458	457	90
1016	菲蕾德翠卡	100	2	2	466	465	90
1017	盖尔	100	1	1	458	457	90
1018	乔治亚	100	1	2	458	457	90
1019	杰拉尔丁	100	3	1	474	473	90
1020	吉榭尔	100	2	2	466	465	90
1021	葛罗瑞亚	100	2	1	466	465	90
1022	格拉迪斯	99	3	2	474	473	90
1023	葛莉谢尔达	99	1	1	458	457	90
1024	葛佳丝塔芙	99	2	2	466	465	90
1025	汉纳	99	1	1	458	457	90
1026	海柔尔	99	1	2	338	337	89
1027	赫瑟尔	99	3	1	354	353	89
1028	赫达	99	2	2	346	345	89
1029	海伦	99	2	1	346	345	89
1030	海洛伊丝	99	3	2	354	353	89
1031	胡尔达	99	1	1	338	337	89
1032	埃达	99	2	2	346	345	89
1033	艾尔玛	99	1	1	338	337	89
1034	伊莎蓓尔	99	1	2	338	337	89
1035	杰奎琳	99	3	1	354	353	89
1036	乔	99	2	2	346	345	89
1037	琼	99	2	1	346	345	89
1038	希伯来	99	3	2	354	353	89
1039	乔伊	99	1	1	338	337	89
1040	乔伊斯	99	2	2	346	345	89
1041	朱恩	99	1	1	338	337	89
1042	卡玛	98	1	2	338	337	89
1043	凯伦	98	3	1	354	353	89
1044	凯伊	98	2	2	346	345	89
1045	金百莉	98	2	1	346	345	89
1046	吉蒂	98	3	2	354	353	89
1047	克里斯廷	98	1	1	338	337	89
1048	罗瑞尔	98	2	2	346	345	89
1049	罗伦	98	1	1	338	337	89
1050	李	98	1	2	338	337	89
1051	盖尔	98	3	1	354	353	88
1052	林赛	98	2	2	346	345	88
1053	洛兰	98	2	1	346	345	88
1054	璐易丝	98	3	2	354	353	88
1055	莉迪亚	98	1	1	338	337	88
1056	玛佩尔	98	2	2	346	345	88
1057	玛德琳	98	1	1	338	337	88
1058	穆得	98	1	2	338	337	88
1059	塞尔特	98	3	1	354	353	88
1060	麦格	98	2	2	346	345	88
1061	梅根	98	2	1	346	345	88
1062	玛希	97	3	2	354	353	88
1063	玛莉提丝	97	1	1	338	337	88
1064	纳塔利	97	2	2	346	345	88
1065	诺玛	97	1	1	338	337	88
1066	诺维雅	97	1	2	338	337	88
1067	奥蒂列特	97	3	1	354	353	88
1068	欧尔佳	97	2	2	346	345	88
1069	普鲁登斯	97	2	1	346	345	88
1070	普莉斯拉	97	3	2	354	353	88
1071	波比	97	1	1	338	337	88
1072	罗伯塔	97	2	2	346	345	88
1073	罗克珊	97	1	1	338	337	88
1074	鲁思	97	1	2	338	337	88
1075	丝柏凌	97	3	1	354	353	88
1076	斯泰西	97	2	2	346	345	87
1077	丝特勒	97	2	1	346	345	87
1078	托比	97	3	2	354	353	87
1079	厄休拉	97	1	1	338	337	87
1080	维隆卡	97	2	2	346	345	87
1081	维多利亚	97	1	1	338	337	87
1082	维基	96	1	2	338	337	87
1083	维文	96	3	1	354	353	87
1084	威尼弗雷德	96	2	2	346	345	87
1085	桑席	96	2	1	346	345	87
1086	耶达	96	3	2	354	353	87
1087	依耶芙特	96	1	1	338	337	87
1088	埃达	96	2	2	346	345	87
1089	爱得拉	96	1	1	338	337	87
1090	阿芙拉	96	1	2	338	337	87
1091	阿加莎	96	3	1	354	353	87
1092	爱葛妮丝	96	2	2	346	345	87
1093	亚莉克希亚	96	2	1	346	345	87
1094	艾丽斯	96	3	2	354	353	87
1095	爱玛	96	1	1	338	337	87
1096	奥尔瑟雅	96	2	2	346	345	87
1097	阿尔娃	96	1	1	338	337	87
1098	阿蜜莉雅	96	1	2	338	337	87
1099	艾咪	96	3	1	354	353	87
1100	阿娜丝塔西夏	96	2	2	346	345	87
1101	安德烈亚	96	2	1	346	345	86
1102	安妮	95	3	2	354	353	86
1103	安娜	95	1	1	338	337	86
1104	安纳贝尔	95	2	2	346	345	86
1105	安东妮儿	95	1	1	338	337	86
1106	艾谱莉	95	1	2	338	337	86
1107	爱勒贝拉	95	3	1	354	353	86
1108	艾琳娜	95	2	2	346	345	86
1109	艾丝翠得	95	2	1	346	345	86
1110	亚特兰特	95	3	2	354	353	86
1111	阿西娜	95	1	1	338	337	86
1112	奥德丽	95	2	2	346	345	86
1113	奥劳拉	95	1	1	338	337	86
1114	芭芭拉	95	1	2	338	337	86
1115	碧翠丝	95	3	1	354	353	86
1116	贝琳达	95	2	2	346	345	86
1117	贝拉	95	2	1	346	345	86
1118	柏妮丝	95	3	2	354	353	86
1119	柏莎	95	1	1	338	337	86
1120	百丽儿	95	2	2	346	345	86
1121	贝丝	95	1	1	338	337	86
1122	贝芙	94	1	2	338	337	86
1123	布兰琪	94	3	1	354	353	86
1124	卡米拉	94	2	2	346	345	86
1125	坎蒂丝	94	2	1	346	345	86
1126	卡拉	94	3	2	354	353	85
1127	卡萝	94	1	1	338	337	85
1128	卡罗琳	94	2	2	346	345	85
1129	凯瑟琳	94	1	1	338	337	85
1130	凯丝	94	1	2	338	337	85
1131	塞西莉亚	94	3	1	354	353	85
1132	夏洛特	94	2	2	346	345	85
1133	绮莉	94	2	1	346	345	85
1134	克洛怡	94	3	2	354	353	85
1135	克莱儿	94	1	1	338	337	85
1136	克莱拉	94	2	2	346	345	85
1137	克莱曼婷	94	1	1	338	337	85
1138	康斯坦丝	94	1	2	338	337	85
1139	科拉	94	3	1	354	353	85
1140	卡洛儿	94	2	2	346	345	85
1141	可妮莉雅	94	2	1	346	345	85
1142	黛西	93	3	2	354	353	85
1143	黛儿	93	1	1	338	337	85
1144	黛娜	93	2	2	346	345	85
1145	黛芙妮	93	1	1	338	337	85
1146	达莲娜	93	1	2	338	337	85
1147	潼恩	93	3	1	354	353	85
1148	黛碧	93	2	2	346	345	85
1149	迪得莉	93	2	1	346	345	85
1150	迪丽雅	93	3	2	354	353	85
1151	丹尼丝	93	1	1	338	337	84
1152	黛安娜	93	2	2	346	345	84
1153	黛娜	93	1	1	338	337	84
1154	唐娜	93	1	2	338	337	84
1155	多拉	93	3	1	354	353	84
1156	多琳	93	2	2	346	345	84
1157	多莉丝	93	2	1	346	345	84
1158	桃乐斯	93	3	2	354	353	84
1159	尔莎	93	1	1	338	337	84
1160	伊甸	93	2	2	346	345	84
1161	伊迪丝	93	1	1	338	337	84
1162	艾德文娜	92	1	2	338	337	84
1163	艾琳	92	3	1	354	353	84
1164	艾琳诺	92	2	2	346	345	84
1165	伊丽莎白	92	2	1	346	345	84
1166	埃拉	92	3	2	354	353	84
1167	艾尔玛	92	1	1	338	337	84
1168	爱尔莎	92	2	2	346	345	84
1169	艾西	92	1	1	338	337	84
1170	艾娃	92	1	2	338	337	84
1171	埃米莉	92	3	1	354	353	84
1172	埃玛	92	2	2	346	345	84
1173	艾丽卡	92	2	1	346	345	84
1174	艾丝特	92	3	2	354	353	84
1175	尤多拉	92	1	1	338	337	84
1176	尤妮斯	92	2	2	346	345	83
1177	伊文捷琳	92	1	1	338	337	83
1178	伊芙	92	1	2	338	337	83
1179	伊夫林	92	3	1	354	353	83
1180	梵妮	92	2	2	346	345	83
1181	费怡	92	2	1	346	345	83
1182	弗罗拉	91	3	2	354	353	83
1183	弗罗伦丝	91	1	1	338	337	83
1184	弗莉达	91	2	2	346	345	83
1185	菲蕾德翠卡	91	1	1	338	337	83
1186	嘉比里拉	91	1	2	338	337	83
1187	姬玛	91	3	1	354	353	83
1188	珍妮芙	91	2	2	346	345	83
1189	姬儿	91	2	1	346	345	83
1190	格拉迪斯	91	3	2	354	353	83
1191	葛瑞丝	91	1	1	338	337	83
1192	葛莉谢尔达	91	2	2	346	345	83
1193	葛佳丝塔芙	91	1	1	338	337	83
1194	关德琳	91	1	2	338	337	83
1195	汉纳	91	3	1	354	353	83
1196	哈莉特	91	2	2	346	345	83
1197	赫瑟尔	91	2	1	346	345	83
1198	赫蒂	91	3	2	354	353	83
1199	海伦	91	1	1	338	337	83
1200	海洛伊丝	91	2	2	346	345	83
1201	希尔达	91	1	1	338	337	82
1202	希拉瑞莉	90	1	2	338	337	82
1203	汉妮	90	3	1	354	353	82
1204	埃达	90	2	2	346	345	82
1205	艾娜	90	2	1	346	345	82
1206	英格丽	90	3	2	354	353	82
1207	艾琳	90	1	1	338	337	82
1208	爱莉丝	90	2	2	346	345	82
1209	艾尔玛	90	1	1	338	337	82
1210	伊莎蓓尔	90	1	2	338	337	82
1211	艾薇	90	3	1	354	353	82
1212	杰奎琳	90	2	2	346	345	82
1213	婕咪	90	2	1	346	345	82
1214	珍	90	3	2	354	353	82
1215	珍妮特	90	1	1	338	337	82
1216	珍尼丝	90	2	2	346	345	82
1217	琴	90	1	1	338	337	82
1218	姬儿	90	1	2	338	337	82
1219	乔	90	3	1	354	353	82
1220	琼	90	2	2	346	345	82
1221	乔安娜	90	2	1	346	345	82
1222	希伯来	89	3	2	354	353	82
1223	贾思琳	89	1	1	338	337	82
1224	乔蒂	89	2	2	346	345	82
1225	约瑟芬	89	1	1	338	337	82
1226	朱蒂斯	89	1	2	338	337	81
1227	朱蒂	89	3	1	354	353	81
1228	朱莉娅	89	2	2	346	345	81
1229	朱莉	89	2	1	346	345	81
1230	朱丽叶	89	3	2	354	353	81
1231	朱恩	89	1	1	338	337	81
1232	卡玛	89	2	2	346	345	81
1233	凯伦	89	1	1	338	337	81
1234	凯瑟琳	89	1	2	338	337	81
1235	凯莉	89	3	1	354	353	81
1236	金百莉	89	2	2	346	345	81
1237	吉蒂	89	2	1	346	345	81
1238	罗拉	89	3	2	354	353	81
1239	罗瑞尔	89	1	1	338	337	81
1240	罗伦	89	2	2	346	345	81
1241	李	89	1	1	338	337	81
1242	莉娜	88	1	2	338	337	81
1243	利昂娜	88	3	1	354	353	81
1244	雷思丽	88	2	2	346	345	81
1245	列蒂西雅	88	2	1	346	345	81
1246	李莉斯	88	3	2	354	353	81
1247	丽莲	88	1	1	338	337	81
1248	莉萨	88	2	2	346	345	81
1249	莉斯	88	1	1	338	337	81
1250	洛兰	88	1	2	338	337	81
1251	琳	88	3	1	354	353	80
1252	玛佩尔	88	2	2	346	345	80
1253	玛琪	88	2	1	346	345	80
1254	玛吉	88	3	2	354	353	80
1255	梅蜜	88	1	1	338	337	80
1256	曼蒂	88	2	2	346	345	80
1257	玛西亚	88	1	1	338	337	80
1258	玛丽安	88	1	2	338	337	80
1259	玛格丽特	88	3	1	354	353	80
1260	玛丽亚	88	2	2	346	345	80
1261	马丽娜	88	2	1	346	345	80
1262	玛乔丽	87	3	2	354	353	80
1263	马莎	87	1	1	338	337	80
1264	玛蒂娜	87	2	2	346	345	80
1265	玛丽	87	1	1	338	337	80
1266	穆琳	87	1	2	338	337	80
1267	梅薇思	87	3	1	354	353	80
1268	玛可欣	87	2	2	346	345	80
1269	梅	87	2	1	346	345	80
1270	蒙莉萨	87	3	2	354	353	80
1271	玛希	87	1	1	338	337	80
1272	玛莉提丝	87	2	2	346	345	80
1273	梅莉	87	1	1	338	337	80
1274	米歇尔	87	1	2	338	337	80
1275	蜜雪莉雅	87	3	1	354	353	80
1276	蜜妮安	87	2	2	346	345	79
1277	穆得莉	87	2	1	346	345	79
1278	米兰达	87	3	2	354	353	79
1279	蜜莉恩	87	1	1	338	337	79
1280	摩黛丝提	87	2	2	346	345	79
1281	茉伊拉	87	1	1	338	337	79
1282	茉莉	86	1	2	338	337	79
1283	梦娜	86	3	1	354	353	79
1284	莫妮卡	86	2	2	346	345	79
1285	穆丽儿	86	2	1	346	345	79
1286	玛瑞	86	3	2	354	353	79
1287	玛拉	86	1	1	338	337	79
1288	蜜尔娜	86	2	2	346	345	79
1289	南希	86	1	1	338	337	79
1290	娜娥迷	86	1	2	338	337	79
1291	纳塔利	86	3	1	354	353	79
1292	娜提雅维达	86	2	2	346	345	79
1293	内丽	86	2	1	346	345	79
1294	妮可	86	3	2	354	353	79
1295	妮可拉	86	1	1	338	337	79
1296	妮娜	86	2	2	346	345	79
1297	诺拉	86	1	1	338	337	79
1298	诺维雅	86	1	2	338	337	79
1299	妮蒂亚	86	3	1	354	353	79
1300	奥克塔薇尔	86	2	2	346	345	79
1301	奥蒂列特	86	2	1	346	345	78
1302	奥蒂莉亚	85	3	2	354	353	78
1303	欧尔佳	85	1	1	338	337	78
1304	奥丽芙	85	2	2	346	345	78
1305	奥丽薇亚	85	1	1	338	337	78
1306	奥菲莉亚	85	1	2	338	337	78
1307	佩格	85	3	1	354	353	78
1308	蓓姬	85	2	2	346	345	78
1309	帕梅拉	85	2	1	346	345	78
1310	潘多拉	85	3	2	354	353	78
1311	派翠西亚	85	1	1	338	337	78
1312	赛拉	85	2	2	346	345	78
1313	佩儿	85	1	1	338	337	78
1314	佩内洛普	85	1	2	338	337	78
1315	潘妮	85	3	1	354	353	78
1316	菲莉帕	85	2	2	346	345	78
1317	菲碧	85	2	1	346	345	78
1318	菲妮克丝	85	3	2	354	353	78
1319	菲丽丝	85	1	1	338	337	78
1320	珀莉	85	2	2	346	345	78
1321	波比	85	1	1	338	337	78
1322	普莉玛	84	1	2	338	337	78
1323	普莉斯拉	84	3	1	354	353	78
1324	昆娜	84	2	2	346	345	78
1325	昆蒂娜	84	2	1	346	345	78
1326	瑞琪儿	84	3	2	354	353	77
1327	瑞伊	84	1	1	338	337	77
1328	蕾娜塔	84	2	2	346	345	77
1329	蕾妮	84	1	1	338	337	77
1330	莉达	84	1	2	338	337	77
1331	莉娃	84	3	1	354	353	77
1332	罗莎琳德	84	2	2	346	345	77
1333	罗丝	84	2	1	346	345	77
1334	鲁思玛丽	84	3	2	354	353	77
1335	罗克珊	84	1	1	338	337	77
1336	露比	84	2	2	346	345	77
1337	莎碧娜	84	1	1	338	337	77
1338	莎莉	84	1	2	338	337	77
1339	莎柏琳娜	84	3	1	354	353	77
1340	莎洛姆	84	2	2	346	345	77
1341	莎曼撤	84	2	1	346	345	77
1342	珊多拉	83	3	2	354	353	77
1343	仙蒂	83	1	1	338	337	77
1344	莎拉	83	2	2	346	345	77
1345	赛拉	83	1	1	338	337	77
1346	莎芭丝提安	83	1	2	338	337	77
1347	萨琳娜	83	3	1	354	353	77
1348	沙伦	83	2	2	346	345	77
1349	希拉	83	2	1	346	345	77
1350	雪莉	83	3	2	354	353	77
1351	希贝儿	83	1	1	338	337	76
1352	西格莉德	83	2	2	346	345	76
1353	席梦娜	83	1	1	338	337	76
1354	苏菲亚	83	1	2	338	337	76
1355	丝柏凌	83	3	1	354	353	76
1356	丝特芬妮	83	2	2	346	345	76
1357	苏珊	83	2	1	346	345	76
1358	苏珊娜	83	3	2	354	353	76
1359	苏西	83	1	1	338	337	76
1360	苏珊	83	2	2	346	345	76
1361	泰贝莎	83	1	1	338	337	76
1362	泰蜜	82	1	2	338	337	76
1363	特莉萨	82	3	1	354	353	76
1364	泰丝	82	2	2	346	345	76
1365	席拉	82	2	1	346	345	76
1366	泰莉萨	82	3	2	354	353	76
1367	蒂法尼	82	1	1	338	337	76
1368	翠西	82	2	2	346	345	76
1369	翠丝特	82	1	1	338	337	76
1370	杜达	82	1	2	338	337	76
1371	优拉	82	3	1	354	353	76
1372	优娜	82	2	2	346	345	76
1373	厄休拉	82	2	1	346	345	76
1374	范伦汀娜	82	3	2	354	353	76
1375	瓦勒莉	82	1	1	338	337	76
1376	维拉	82	2	2	346	345	75
1377	维娜	82	1	1	338	337	75
1378	维拉妮卡	82	1	2	338	337	75
1379	维多利亚	82	3	1	354	353	75
1380	维基	82	2	2	346	345	75
1381	维尔莉特	82	2	1	346	345	75
1382	维吉妮亚	81	3	2	354	353	75
1383	维达	81	1	1	338	337	75
1384	维文	81	2	2	346	345	75
1385	华莉丝	81	1	1	338	337	75
1386	旺妲	81	1	2	338	337	75
1387	温迪	81	3	1	354	353	75
1388	温妮	81	2	2	346	345	75
1389	赛薇亚拉	81	2	1	346	345	75
1390	芝妮雅	81	3	2	354	353	75
1391	依耶塔	81	1	1	338	337	75
1392	耶达	81	2	2	346	345	75
1393	依耶芙特	81	1	1	338	337	75
1394	伊芳	81	1	2	338	337	75
1395	莎拉	81	3	1	354	353	75
1396	丽诺比丽	81	2	2	346	345	75
1397	若伊	81	2	1	346	345	75
1398	若娜	81	3	2	354	353	75
1399	若拉	81	1	1	338	337	75
1400	黑骑	81	2	2	346	345	75
1401	旗木	81	1	1	338	337	74
1402	漩涡	80	1	2	338	337	74
1403	孙	80	3	1	354	353	74
1404	专属	80	2	2	346	345	74
1405	非主流	80	2	1	346	345	74
1406	宇智波	80	3	2	354	353	74
1407	完美	80	1	1	338	337	74
1408	经典	80	2	2	346	345	74
1409	巅峰	80	1	1	338	337	74
1410	回忆	80	1	2	338	337	74
1411	独恋	80	3	1	354	353	74
1412	传说	80	2	2	346	345	74
1413	单身	80	2	1	346	345	74
1414	恋	80	3	2	354	353	74
1415	午夜	80	1	1	338	337	74
1416	大和	80	2	2	346	345	74
1417	慕容	80	1	1	338	337	74
1418	欧阳	80	1	2	338	337	74
1419	西门	80	3	1	354	353	74
1420	南宫	80	2	2	346	345	74
1421	夏侯	80	2	1	346	345	74
1422	诸葛	79	3	2	354	353	74
1423	哈利	79	1	1	338	337	74
1424	演绎	79	2	2	346	345	74
1425	司马	79	1	1	338	337	74
1426	纳兰	79	1	2	338	337	73
1427	自由	79	3	1	354	353	73
1428	浪漫	79	2	2	346	345	73
1429	守护	79	2	1	346	345	73
1430	华丽	79	3	2	354	353	73
1431	王者	79	1	1	338	337	73
1432	龙之	79	2	2	346	345	73
1433	左岸	79	1	1	338	337	73
1434	阿尔	79	1	2	338	337	73
1435	挚爱	79	3	1	354	353	73
1436	天道	79	2	2	346	345	73
1437	红人	79	2	1	346	345	73
1438	star	79	3	2	354	353	73
1439	笑傲	79	1	1	338	337	73
1440	神圣	79	2	2	346	345	73
1441	大爱	79	1	1	338	337	73
1442	天使	78	1	2	338	337	73
1443	温柔	78	3	1	354	353	73
1444	灵魂	78	2	2	346	345	73
1445	无情	78	2	1	346	345	73
1446	潇洒	78	3	2	354	353	73
1447	无忧	78	1	1	338	337	73
1448	繁华	78	2	2	346	345	73
1449	柔情	78	1	1	338	337	73
1450	绝版	78	1	2	338	337	73
1451	寂寞	78	3	1	354	353	72
1452	幻想	78	2	2	346	345	72
1453	旋律	78	2	1	346	345	72
1454	优雅	78	3	2	354	353	72
1455	精彩	78	1	1	338	337	72
1456	辉煌	78	2	2	346	345	72
1457	荣耀	78	1	1	338	337	72
1458	梦之	78	1	2	338	337	72
1459	寻梦	78	3	1	354	353	72
1460	精英	78	2	2	346	345	72
1461	supper	78	2	1	346	345	72
1462	记忆	77	3	2	354	353	72
1463	伤心	77	1	1	338	337	72
1464	迷糊	77	2	2	346	345	72
1465	善良	77	1	1	338	337	72
1466	安	77	1	2	338	337	72
1467	比利	77	3	1	354	353	72
1468	琼斯	77	2	2	346	345	72
1469	卡尔	77	2	1	346	345	72
1470	查理	77	3	2	354	353	72
1471	嘉利	77	1	1	338	337	72
1472	丘奇	77	2	2	346	345	72
1473	丹	77	1	1	338	337	72
1474	杜威	77	1	2	338	337	72
1475	迪克	77	3	1	354	353	72
1476	道尔	77	2	2	346	345	71
1477	盖伊	77	2	1	346	345	71
1478	娜	77	3	2	354	353	71
1479	休	77	1	1	338	337	71
1480	伊凡	77	2	2	346	345	71
1481	乔	77	1	1	338	337	71
1482	梅	76	1	2	338	337	71
1483	永恒	76	3	1	354	353	71
1484	萌	76	2	2	346	345	71
1485	冷	76	2	1	346	345	71
1486	皇族	76	3	2	354	353	71
1487	古墓	76	1	1	338	337	71
1488	莎	76	2	2	346	345	71
1489	洛	76	1	1	338	337	71
1490	专属	76	1	2	338	337	71
1491	非主流	76	3	1	354	353	71
1492	完美	76	2	2	346	345	71
1493	冰激凌	76	2	1	346	345	71
1494	经典	76	3	2	354	353	71
1495	红尘	76	1	1	338	337	71
1496	经典	76	2	2	346	345	71
1497	回忆	76	1	1	338	337	71
1498	独恋	76	1	2	338	337	71
1499	传说	76	3	1	354	353	71
1500	可爱	76	2	2	346	345	71
1501	单身	76	2	1	346	345	70
1502	恋	75	3	2	354	353	70
1503	千语	75	1	1	338	337	70
1504	午夜	75	2	2	346	345	70
1505	倾城	75	1	1	338	337	70
1506	慕容	75	1	2	338	337	70
1507	欧阳	75	3	1	354	353	70
1508	南宫	75	2	2	346	345	70
1509	夏侯	75	2	1	346	345	70
1510	春野	75	3	2	354	353	70
1511	哈利	75	1	1	338	337	70
1512	卑弥呼	75	2	2	346	345	70
1513	彩虹	75	1	1	338	337	70
1514	演绎	75	1	2	338	337	70
1515	司马	75	3	1	354	353	70
1516	纳兰	75	2	2	346	345	70
1517	自由	75	2	1	346	345	70
1518	浪漫	75	3	2	354	353	70
1519	守护	75	1	1	338	337	70
1520	华丽	75	2	2	346	345	70
1521	王者	75	1	1	338	337	70
1522	左岸	74	1	2	338	337	70
1523	阿尔	74	3	1	354	353	70
1524	挚爱	74	2	2	346	345	70
1525	妖娆	74	2	1	346	345	70
1526	天道	74	3	2	354	353	69
1527	红人	74	1	1	338	337	69
1528	star	74	2	2	346	345	69
1529	笑傲	74	1	1	338	337	69
1530	神圣	74	1	2	338	337	69
1531	大爱	74	3	1	354	353	69
1532	天使	74	2	2	346	345	69
1533	温柔	74	2	1	346	345	69
1534	灵魂	74	3	2	354	353	69
1535	无情	74	1	1	338	337	69
1536	潇洒	74	2	2	346	345	69
1537	无忧	74	1	1	338	337	69
1538	繁华	74	1	2	338	337	69
1539	柔情	74	3	1	354	353	69
1540	绝版	74	2	2	346	345	69
1541	寂寞	74	2	1	346	345	69
1542	幻想	73	3	2	354	353	69
1543	旋律	73	1	1	338	337	69
1544	优雅	73	2	2	346	345	69
1545	精彩	73	1	1	338	337	69
1546	辉煌	73	1	2	338	337	69
1547	荣耀	73	3	1	354	353	69
1548	梦之	73	2	2	346	345	69
1549	寻梦	73	2	1	346	345	69
1550	精英	73	3	2	354	353	69
1551	supper	73	1	1	338	337	68
1552	记忆	73	2	2	346	345	68
1553	伤心	73	1	1	338	337	68
1554	迷糊	73	1	2	338	337	68
1555	善良	73	3	1	354	353	68
1556	安	73	2	2	346	345	68
1557	比利	73	2	1	346	345	68
1558	琼斯	73	3	2	354	353	68
1559	卡尔	73	1	1	338	337	68
1560	查理	73	2	2	346	345	68
1561	嘉利	73	1	1	338	337	68
1562	丘奇	72	1	2	338	337	68
1563	丹	72	3	1	354	353	68
1564	杜威	72	2	2	346	345	68
1565	迪克	72	2	1	346	345	68
1566	道尔	72	3	2	354	353	68
1567	盖伊	72	1	1	338	337	68
1568	娜	72	2	2	346	345	68
1569	休	72	1	1	338	337	68
1570	伊凡	72	1	2	338	337	68
1571	乔	72	3	1	354	353	68
1572	梅	72	2	2	346	345	68
1573	永恒	72	2	1	346	345	68
1574	小乖	72	3	2	354	353	68
1575	香远	72	1	1	338	337	68
1576	丽影	72	2	2	346	345	67
1577	莎	72	1	1	338	337	67
1578	丫头	72	1	2	338	337	67
1579	阿木	72	3	1	354	353	67
1580	银铃	72	2	2	346	345	67
1581	小芳	72	2	1	346	345	67
1582	芳芳	71	3	2	354	353	67
1583	小八	71	1	1	338	337	67
1584	八酱	71	2	2	346	345	67
1585	喵酱	71	1	1	338	337	67
1586	小笨蛋	71	1	2	338	337	67
1587	coco	71	3	1	354	353	67
1588	燕尾蝶	71	2	2	346	345	67
1589	姑娘	71	2	1	346	345	67
1590	小妞	71	3	2	354	353	67
1591	小小	71	1	1	338	337	67
1592	玲玲	71	2	2	346	345	67
1593	啊绫	71	1	1	338	337	67
1594	美人	71	1	2	338	337	67
1595	妖精	71	3	1	354	353	67
1596	娜娜	71	2	2	346	345	67
1597	小娜	71	2	1	346	345	67
1598	莎	71	3	2	354	353	67
1599	小鱼	71	1	1	338	337	67
1600	潇雨	71	2	2	346	345	67
1601	猫猫	71	1	1	338	337	66
1602	玄子	70	1	2	338	337	66
1603	国宝	70	3	1	354	353	66
1604	熊猫	70	2	2	346	345	66
1605	蕊	70	2	1	346	345	66
1606	小蕊	70	3	2	354	353	66
1607	七夜	70	1	1	338	337	66
1608	笑笑	70	2	2	346	345	66
1609	泪	70	1	1	338	337	66
1610	星星	70	1	2	338	337	66
1611	淑女	70	3	1	354	353	66
1612	梦	70	2	2	346	345	66
1613	小梦	70	2	1	346	345	66
1614	晓梦	70	3	2	354	353	66
1615	茉莉	70	1	1	338	337	66
1616	牡丹	70	2	2	346	345	66
1617	姗姗	70	1	1	338	337	66
1618	小珊	70	1	2	338	337	66
1619	天使	70	3	1	354	353	66
1620	咪咪	70	2	2	346	345	66
1621	蜜蜜	70	2	1	346	345	66
1622	小蜜	69	3	2	354	353	66
1623	小秘	69	1	1	338	337	66
1624	莫莫	69	2	2	346	345	66
1625	沫沫	69	1	1	338	337	66
1626	么么	69	1	2	338	337	65
1627	猫猫	69	3	1	354	353	65
1628	美子	69	2	2	346	345	65
1629	雯雯	69	2	1	346	345	65
1630	小雯	69	3	2	354	353	65
1631	晓雯	69	1	1	338	337	65
1632	乐乐	69	2	2	346	345	65
1633	小仙	69	1	1	338	337	65
1634	仙儿	69	1	2	338	337	65
1635	格格	69	3	1	354	353	65
1636	小倩	69	2	2	346	345	65
1637	倩倩	69	2	1	346	345	65
1638	小茜	69	3	2	354	353	65
1639	小倩	69	1	1	338	337	65
1640	公主	69	2	2	346	345	65
1641	小诺	69	1	1	338	337	65
1642	小	68	1	2	338	337	65
1643	多多	68	3	1	354	353	65
1644	汐	68	2	2	346	345	65
1645	羊羊	68	2	1	346	345	65
1646	鬼鬼	68	3	2	354	353	65
1647	小鬼	68	1	1	338	337	65
1648	雪舞	68	2	2	346	345	65
1649	琪琪	68	1	1	338	337	65
1650	温柔	68	1	2	338	337	65
1651	小姐	68	3	1	354	353	64
1652	雪舞	68	2	2	346	345	64
1653	心儿	68	2	1	346	345	64
1654	欣儿	68	3	2	354	353	64
1655	馨儿	68	1	1	338	337	64
1656	小静	68	2	2	346	345	64
1657	虹虹	68	1	1	338	337	64
1658	傲雪	68	1	2	338	337	64
1659	扶子	68	3	1	354	353	64
1660	素素	68	2	2	346	345	64
1661	雨滴	68	2	1	346	345	64
1662	momo	67	3	2	354	353	64
1663	诺拉	67	1	1	338	337	64
1664	yoyo	67	2	2	346	345	64
1665	小夏	67	1	1	338	337	64
1666	小嫣	67	1	2	338	337	64
1667	语嫣	67	3	1	354	353	64
1668	天涯	67	2	2	346	345	64
1669	阿欣	67	2	1	346	345	64
1670	青青	67	3	2	354	353	64
1671	大白	67	1	1	338	337	64
1672	小白	67	2	2	346	345	64
1673	白白	67	1	1	338	337	64
1674	樱花	67	1	2	338	337	64
1675	梧桐	67	3	1	354	353	64
1676	月影	67	2	2	346	345	63
1677	小花	67	2	1	346	345	63
1678	小兔	67	3	2	354	353	63
1679	蘑菇	67	1	1	338	337	63
1680	小丫	67	2	2	346	345	63
1681	晨曦	67	1	1	338	337	63
1682	如梦	66	1	2	338	337	63
1683	囡囡	66	3	1	354	353	63
1684	海棠	66	2	2	346	345	63
1685	婷婷	66	2	1	346	345	63
1686	嘟嘟	66	3	2	354	353	63
1687	兔兔	66	1	1	338	337	63
1688	糖糖	66	2	2	346	345	63
1689	三月	66	1	1	338	337	63
1690	风铃	66	1	2	338	337	63
1691	落落	66	3	1	354	353	63
1692	薇薇安	66	2	2	346	345	63
1693	罂粟	66	2	1	346	345	63
1694	妮子	66	3	2	354	353	63
1695	丹丹	66	1	1	338	337	63
1696	一一	66	2	2	346	345	63
1697	糖果	66	1	1	338	337	63
1698	菲菲	66	1	2	338	337	63
1699	羽毛	66	3	1	354	353	63
1700	萝莉	66	2	2	346	345	63
1701	落雪	66	2	1	346	345	62
1702	花飞	65	3	2	354	353	62
1703	暗香	65	1	1	338	337	62
1704	夏天	65	2	2	346	345	62
1705	小妖	65	1	1	338	337	62
1706	淡淡	65	1	2	338	337	62
1707	浅浅	65	3	1	354	353	62
1708	小可	65	2	2	346	345	62
1709	桃子	65	2	1	346	345	62
1710	香香	65	3	2	354	353	62
1711	小七	65	1	1	338	337	62
1712	漫漫	65	2	2	346	345	62
1713	华莉丝	65	1	1	338	337	62
1714	旺妲	65	1	2	338	337	62
1715	温妮	65	3	1	354	353	62
1716	芝妮雅	65	2	2	346	345	62
1717	伊芳	65	2	1	346	345	62
1718	莎拉	65	3	2	354	353	62
1719	若娜	65	1	1	338	337	62
1720	席梦娜	65	2	2	346	345	62
1721	苏菲亚	65	1	1	338	337	62
1722	丝柏凌	64	1	2	338	337	62
1723	苏珊	64	3	1	354	353	62
1724	苏珊娜	64	2	2	346	345	62
1725	苏西	64	2	1	346	345	62
1726	苏珊	64	3	2	354	353	61
1727	泰贝莎	64	1	1	338	337	61
1728	泰蜜	64	2	2	346	345	61
1729	特莉萨	64	1	1	338	337	61
1730	泰丝	64	1	2	338	337	61
1731	席拉	64	3	1	354	353	61
1732	泰莉萨	64	2	2	346	345	61
1733	蒂法尼	64	2	1	346	345	61
1734	翠西	64	3	2	354	353	61
1735	翠丝特	64	1	1	338	337	61
1736	杜达	64	2	2	346	345	61
1737	优拉	64	1	1	338	337	61
1738	优娜	64	1	2	338	337	61
1739	厄休拉	64	3	1	354	353	61
1740	瓦勒莉	64	2	2	346	345	61
1741	维娜	64	2	1	346	345	61
1742	潘妮	63	3	2	354	353	61
1743	菲莉帕	63	1	1	338	337	61
1744	菲碧	63	2	2	346	345	61
1745	菲丽丝	63	1	1	338	337	61
1746	珀莉	63	1	2	338	337	61
1747	波比	63	3	1	354	353	61
1748	普莉玛	63	2	2	346	345	61
1749	昆娜	63	2	1	346	345	61
1750	昆蒂娜	63	3	2	354	353	61
1751	瑞琪儿	63	1	1	338	337	60
1752	瑞伊	63	2	2	346	345	60
1753	蕾娜塔	63	1	1	338	337	60
1754	蕾妮	63	1	2	338	337	60
1755	莉达	63	3	1	354	353	60
1756	莉娃	63	2	2	346	345	60
1757	罗丝	63	2	1	346	345	60
1758	罗克珊	63	3	2	354	353	60
1759	露比	63	1	1	338	337	60
1760	莎莉	63	2	2	346	345	60
1761	莎洛姆	63	1	1	338	337	60
1762	莎曼撤	62	1	2	338	337	60
1763	珊多拉	62	3	1	354	353	60
1764	仙蒂	62	2	2	346	345	60
1765	莎拉	62	2	1	346	345	60
1766	赛拉	62	3	2	354	353	60
1767	萨琳娜	62	1	1	338	337	60
1768	沙伦	62	2	2	346	345	60
1769	希拉	62	1	1	338	337	60
1770	雪莉	62	1	2	338	337	60
1771	希贝儿	62	3	1	354	353	60
1772	玛拉	62	2	2	346	345	60
1773	蜜尔娜	62	2	1	346	345	60
1774	南希	62	3	2	354	353	60
1775	娜娥迷	62	1	1	338	337	60
1776	纳塔利	62	2	2	226	225	59
1777	内丽	62	1	1	218	217	59
1778	妮可	62	1	2	218	217	59
1779	妮可拉	62	3	1	234	233	59
1780	妮娜	62	2	2	226	225	59
1781	诺拉	62	2	1	226	225	59
1782	诺维雅	61	3	2	234	233	59
1783	妮蒂亚	61	1	1	218	217	59
1784	欧尔佳	61	2	2	226	225	59
1785	奥丽芙	61	1	1	218	217	59
1786	佩格	61	1	2	218	217	59
1787	蓓姬	61	3	1	234	233	59
1788	帕梅拉	61	2	2	226	225	59
1789	潘多拉	61	2	1	226	225	59
1790	赛拉	61	3	2	234	233	59
1791	佩儿	61	1	1	218	217	59
1792	玛丽	61	2	2	226	225	59
1793	穆琳	61	1	1	218	217	59
1794	梅薇思	61	1	2	218	217	59
1795	玛可欣	61	3	1	234	233	59
1796	梅	61	2	2	226	225	59
1797	蒙莉萨	61	2	1	226	225	59
1798	玛希	61	3	2	234	233	59
1799	梅莉	61	1	1	218	217	59
1800	米歇尔	61	2	2	226	225	59
1801	蜜妮安	61	1	1	218	217	58
1802	穆得莉	60	1	2	218	217	58
1803	米兰达	60	3	1	234	233	58
1804	蜜莉恩	60	2	2	226	225	58
1805	茉伊拉	60	2	1	226	225	58
1806	茉莉	60	3	2	234	233	58
1807	梦娜	60	1	1	218	217	58
1808	莫妮卡	60	2	2	226	225	58
1809	穆丽儿	60	1	1	218	217	58
1810	朱蒂	60	1	2	218	217	58
1811	朱莉娅	60	3	1	234	233	58
1812	朱莉	60	2	2	226	225	58
1813	朱丽叶	60	2	1	226	225	58
1814	卡玛	60	3	2	234	233	58
1815	凯伦	60	1	1	218	217	58
1816	凯瑟琳	60	2	2	226	225	58
1817	凯莉	60	1	1	218	217	58
1818	金百莉	60	1	2	218	217	58
1819	吉蒂	60	3	1	234	233	58
1820	莉娜	60	2	2	226	225	58
1821	丽莲	60	2	1	226	225	58
1822	莉萨	59	3	2	234	233	58
1823	莉斯	59	1	1	218	217	58
1824	洛兰	59	2	2	226	225	58
1825	琳	59	1	1	218	217	58
1826	玛佩尔	59	1	2	218	217	57
1827	玛琪	59	3	1	234	233	57
1828	玛吉	59	2	2	226	225	57
1829	梅蜜	59	2	1	226	225	57
1830	曼蒂	59	3	2	234	233	57
1831	玛西亚	59	1	1	218	217	57
1832	玛丽安	59	2	2	226	225	57
1833	玛丽亚	59	1	1	218	217	57
1834	马丽娜	59	1	2	218	217	57
1835	玛乔丽	59	3	1	234	233	57
1836	马莎	59	2	2	226	225	57
1837	玛蒂娜	59	2	1	226	225	57
1838	汉纳	59	3	2	234	233	57
1839	哈莉特	59	1	1	218	217	57
1840	赫瑟尔	59	2	2	226	225	57
1841	赫蒂	59	1	1	218	217	57
1842	海伦	58	1	2	218	217	57
1843	希尔达	58	3	1	234	233	57
1844	汉妮	58	2	2	226	225	57
1845	艾娜	58	2	1	226	225	57
1846	艾琳	58	3	2	234	233	57
1847	爱莉丝	58	1	1	218	217	57
1848	艾尔玛	58	2	2	226	225	57
1849	艾薇	58	1	1	218	217	57
1850	杰奎琳	58	1	2	218	217	57
1851	婕咪	58	3	1	234	233	56
1852	珍	58	2	2	226	225	56
1853	珍妮特	58	2	1	226	225	56
1854	珍尼丝	58	3	2	234	233	56
1855	琴	58	1	1	218	217	56
1856	姬儿	58	2	2	226	225	56
1857	乔	58	1	1	218	217	56
1858	琼	58	1	2	218	217	56
1859	阿芙拉	58	3	1	234	233	56
1860	阿加莎	58	2	2	226	225	56
1861	艾丽斯	58	2	1	226	225	56
1862	爱玛	57	3	2	234	233	56
1863	阿尔娃	57	1	1	218	217	56
1864	艾咪	57	2	2	226	225	56
1865	安妮	57	1	1	218	217	56
1866	安娜	57	1	2	218	217	56
1867	艾谱莉	57	3	1	234	233	56
1868	艾琳娜	57	2	2	226	225	56
1869	阿西娜	57	2	1	226	225	56
1870	奥德丽	57	3	2	234	233	56
1871	芭芭拉	57	1	1	218	217	56
1872	贝琳达	57	2	2	226	225	56
1873	贝拉	57	1	1	218	217	56
1874	柏莎	57	1	2	218	217	56
1875	百丽儿	57	3	1	234	233	56
1876	贝丝	57	2	2	226	225	56
1877	贝芙	57	2	1	226	225	56
1878	布兰琪	57	3	2	234	233	56
1879	卡米拉	57	1	1	218	217	56
1880	坎蒂丝	57	2	2	226	225	56
1881	卡拉	57	1	1	218	217	56
1882	卡萝	56	1	2	218	217	56
1883	卡罗琳	56	3	1	234	233	56
1884	凯瑟琳	56	2	2	226	225	56
1885	凯丝	56	2	1	226	225	56
1886	夏洛特	56	3	2	234	233	56
1887	绮莉	56	1	1	218	217	56
1888	克洛怡	56	2	2	226	225	56
1889	克莱儿	56	1	1	218	217	56
1890	克莱拉	56	1	2	218	217	56
1891	卡洛儿	56	3	1	234	233	56
1892	黛西	56	2	2	226	225	56
1893	黛儿	56	2	1	226	225	56
1894	黛娜	56	3	2	234	233	56
1895	黛芙妮	56	1	1	218	217	56
1896	达莲娜	56	2	2	226	225	56
1897	潼恩	56	1	1	218	217	56
1898	黛碧	56	1	2	218	217	56
1899	迪得莉	56	3	1	234	233	56
1900	迪丽雅	56	2	2	226	225	56
1901	丹尼丝	56	2	1	226	225	56
1902	小强	56	3	2	234	233	56
1903	头领	56	1	1	218	217	56
1904	王子	56	2	2	226	225	56
1905	骑士	56	1	1	218	217	56
1906	帅帅	56	1	2	218	217	56
1907	小帅	56	3	1	234	233	56
1908	绅士	56	2	2	226	225	56
1909	佐助	56	2	1	226	225	56
1910	鸣人	56	3	2	234	233	56
1911	卡卡西	56	1	1	218	217	56
1912	一户	56	2	2	226	225	56
1913	小墨	56	1	1	218	217	56
1914	墨尘	56	1	2	218	217	56
1915	小林	56	3	1	234	233	56
1916	悟空	56	2	2	226	225	56
1917	小傻瓜	56	2	1	226	225	56
1918	小雨	56	3	2	234	233	56
1919	小宇	56	1	1	218	217	56
1920	小羽	56	2	2	226	225	56
1921	小渔	56	1	1	218	217	56
1922	小煜	56	1	2	218	217	56
1923	潇雨	56	3	1	234	233	56
1924	小瑜	56	2	2	226	225	56
1925	晓宇	56	2	1	226	225	56
1926	小禹	56	3	2	234	233	56
1927	豆包	56	1	1	218	217	56
1928	包子	56	2	2	226	225	56
1929	豆浆	56	1	1	218	217	56
1930	志伟	56	1	2	218	217	56
1931	小辉	56	3	1	234	233	56
1932	小二	56	2	2	226	225	56
1933	瑞	56	2	1	226	225	56
1934	小瑞	56	3	2	234	233	56
1935	墨墨	56	1	1	218	217	56
1936	阿修罗	56	2	2	226	225	56
1937	匪徒	56	1	1	218	217	56
1938	汏少爺	56	1	2	218	217	56
1939	花满楼	56	3	1	234	233	56
1940	榮耀	56	2	2	226	225	56
1941	誑磝	56	2	1	226	225	56
1942	輝煌	56	3	2	234	233	56
1943	神气	56	1	1	218	217	56
1944	先生	56	2	2	226	225	56
1945	浪子	56	1	1	218	217	56
1946	空空	56	1	2	218	217	56
1947	卡卡	56	3	1	234	233	56
1948	清景	56	2	2	226	225	56
1949	晓林	56	2	1	226	225	56
1950	庆	56	3	2	234	233	56
1951	阿信	56	1	1	218	217	56
1952	波特	56	2	2	226	225	56
1953	草雉	56	1	1	218	217	56
1954	巴神	56	1	2	218	217	56
1955	笨笨	56	3	1	234	233	56
1956	飞飞	56	2	2	226	225	56
1957	浮云	56	2	1	226	225	56
1958	仙人	56	3	2	234	233	56
1959	东东	56	1	1	218	217	56
1960	天宇	56	2	2	226	225	56
1961	灰狼	56	1	1	218	217	56
1962	光光	56	1	2	218	217	56
1963	阳阳	56	3	1	234	233	56
1964	冷风	56	2	2	226	225	56
1965	竹子	56	2	1	226	225	56
1966	牙牙	56	3	2	234	233	56
1967	小神	56	1	1	218	217	56
1968	泡泡	56	2	2	226	225	56
1969	战神	56	1	1	218	217	56
1970	使者	56	1	2	218	217	56
1971	小龙	56	3	1	234	233	56
1972	胖胖	56	2	2	226	225	56
1973	闹闹	56	2	1	226	225	56
1974	毛毛	56	3	2	234	233	56
1975	大飞	56	1	1	218	217	56
1976	皇帝	56	2	2	226	225	56
1977	春哥	56	1	1	218	217	56
1978	酷酷	56	1	2	218	217	56
1979	圈圈	56	3	1	234	233	56
1980	麦兜	56	2	2	226	225	56
1981	熊熊	56	2	1	226	225	56
1982	夜夜	56	3	2	234	233	56
1983	麒麟	56	1	1	218	217	56
1984	苍穹	56	2	2	226	225	56
1985	阿萨	56	1	1	218	217	56
1986	贝齐	56	1	2	218	217	56
1987	贝蒂	56	3	1	234	233	56
1988	布莱兹	56	2	2	226	225	56
1989	布鲁克	56	2	1	226	225	56
1990	夏洛特	56	3	2	234	233	56
1991	谢里尔	56	1	1	218	217	56
1992	克莱拉	56	2	2	226	225	56
1993	德博拉	56	1	1	218	217	56
1994	多拉	56	1	2	218	217	56
1995	伊甸	56	3	1	234	233	56
1996	伊迪丝	56	2	2	226	225	56
1997	艾伦	56	2	1	226	225	56
1998	费滋	56	3	2	234	233	56
1999	弗莉达	56	1	1	218	217	56
2000	盖尔	56	2	2	226	225	56
2001	乔治亚	56	2	1	226	225	56
2050	吉榭尔	56	2	2	226	225	56
2089	汉纳	56	1	1	218	217	56
2134	赫达	56	1	2	218	217	56
2179	海伦	56	3	1	234	233	56
2224	埃达	56	2	2	226	225	56
2269	艾尔玛	56	2	1	226	225	56
2314	希伯来	56	3	2	234	233	56
2359	乔伊	56	1	1	218	217	56
2404	乔伊斯	56	2	2	226	225	56
