INT	INT	INT	STRING	STRING
IndexMin	IndexMax	Honor	Gift	Tips
0	0	0	-1	
1	1	500000	7443:1:1:0:1|7473:1:1:0:1|7277:1:1:1:0	#00ff00|츰훙慊뒤寧츰띨棍쉽쟨\n|#f7ab00|쉽쟨코휭：\n|#f7ab00|瓜寡얩菉膽쁨환 x1\n|#f7ab00|침뺏괏빱륜膽쁨환 x1\n|#f7ab00|100槿긴嫩艱XO謹 x1
2	2	400000	7443:1:1:0:1|7276:1:1:1:0	#00ff00|츰훙慊뒤랗츰띨棍쉽쟨\n|#f7ab00|쉽쟨코휭：\n|#f7ab00|瓜寡얩菉膽쁨환 x1\n|#f7ab00|80槿긴嫩艱XO謹 x1
3	3	300000	7275:1:1:1:0	#00ff00|츰훙慊뒤힛츰띨棍쉽쟨\n|#f7ab00|쉽쟨코휭：\n|#f7ab00|60槿긴嫩艱XO謹 x1
4	4	270000	7274:1:1:1:0	#00ff00|츰훙慊뒤愷츰띨棍쉽쟨\n|#f7ab00|쉽쟨코휭：\n|#00afec|50槿긴嫩艱XO謹 x1
5	5	250000	7274:1:1:1:0	#00ff00|츰훙慊뒤巧츰띨棍쉽쟨\n|#f7ab00|쉽쟨코휭：\n|#00afec|50槿긴嫩艱XO謹 x1
6	6	230000	7273:1:1:1:0	#00ff00|츰훙慊뒤짇츰띨棍쉽쟨\n|#f7ab00|쉽쟨코휭：\n|#00afec|40槿긴嫩艱XO謹 x1
7	7	210000	7273:1:1:1:0	#00ff00|츰훙慊뒤펌츰띨棍쉽쟨\n|#f7ab00|쉽쟨코휭：\n|#00afec|40槿긴嫩艱XO謹 x1
8	8	190000	7273:1:1:1:0	#00ff00|츰훙慊뒤검츰띨棍쉽쟨\n|#f7ab00|쉽쟨코휭：\n|#00afec|40槿긴嫩艱XO謹 x1
9	9	170000	7273:1:1:1:0	#00ff00|츰훙慊뒤씽츰띨棍쉽쟨\n|#f7ab00|쉽쟨코휭：\n|#00afec|40槿긴嫩艱XO謹 x1
10	10	150000	7273:1:1:1:0	#00ff00|츰훙慊뒤枷츰띨棍쉽쟨\n|#f7ab00|쉽쟨코휭：\n|#00afec|40槿긴嫩艱XO謹 x1
11	11	149500	-1	
12	12	149000	-1	
13	13	148500	-1	
14	14	148000	-1	
15	15	147500	-1	
16	16	147000	-1	
17	17	146500	-1	
18	18	146000	-1	
19	19	145500	-1	
20	20	145000	-1	
21	21	144500	-1	
22	22	144000	-1	
23	23	143500	-1	
24	24	143000	-1	
25	25	142500	-1	
26	26	142000	-1	
27	27	141500	-1	
28	28	141000	-1	
29	29	140500	-1	
30	30	140000	-1	
31	31	139500	-1	
32	32	139000	-1	
33	33	138500	-1	
34	34	138000	-1	
35	35	137500	-1	
36	36	137000	-1	
37	37	136500	-1	
38	38	136000	-1	
39	39	135500	-1	
40	40	135000	-1	
41	41	134500	-1	
42	42	134000	-1	
43	43	133500	-1	
44	44	133000	-1	
45	45	132500	-1	
46	46	132000	-1	
47	47	131500	-1	
48	48	131000	-1	
49	49	130500	-1	
50	50	130000	-1	
51	51	129800	-1	
52	52	129600	-1	
53	53	129400	-1	
54	54	129200	-1	
55	55	129000	-1	
56	56	128800	-1	
57	57	128600	-1	
58	58	128400	-1	
59	59	128200	-1	
60	60	128000	-1	
61	61	127800	-1	
62	62	127600	-1	
63	63	127400	-1	
64	64	127200	-1	
65	65	127000	-1	
66	66	126800	-1	
67	67	126600	-1	
68	68	126400	-1	
69	69	126200	-1	
70	70	126000	-1	
71	71	125800	-1	
72	72	125600	-1	
73	73	125400	-1	
74	74	125200	-1	
75	75	125000	-1	
76	76	124800	-1	
77	77	124600	-1	
78	78	124400	-1	
79	79	124200	-1	
80	80	124000	-1	
81	81	123800	-1	
82	82	123600	-1	
83	83	123400	-1	
84	84	123200	-1	
85	85	123000	-1	
86	86	122800	-1	
87	87	122600	-1	
88	88	122400	-1	
89	89	122200	-1	
90	90	122000	-1	
91	91	121800	-1	
92	92	121600	-1	
93	93	121400	-1	
94	94	121200	-1	
95	95	121000	-1	
96	96	120800	-1	
97	97	120600	-1	
98	98	120400	-1	
99	99	120200	-1	
100	100	120000	-1	
101	101	119800	-1	
102	102	119600	-1	
103	103	119400	-1	
104	104	119200	-1	
105	105	119000	-1	
106	106	118800	-1	
107	107	118600	-1	
108	108	118400	-1	
109	109	118200	-1	
110	110	118000	-1	
111	111	117800	-1	
112	112	117600	-1	
113	113	117400	-1	
114	114	117200	-1	
115	115	117000	-1	
116	116	116800	-1	
117	117	116600	-1	
118	118	116400	-1	
119	119	116200	-1	
120	120	116000	-1	
121	121	115800	-1	
122	122	115600	-1	
123	123	115400	-1	
124	124	115200	-1	
125	125	115000	-1	
126	126	114800	-1	
127	127	114600	-1	
128	128	114400	-1	
129	129	114200	-1	
130	130	114000	-1	
131	131	113800	-1	
132	132	113600	-1	
133	133	113400	-1	
134	134	113200	-1	
135	135	113000	-1	
136	136	112800	-1	
137	137	112600	-1	
138	138	112400	-1	
139	139	112200	-1	
140	140	112000	-1	
141	141	111800	-1	
142	142	111600	-1	
143	143	111400	-1	
144	144	111200	-1	
145	145	111000	-1	
146	146	110800	-1	
147	147	110600	-1	
148	148	110400	-1	
149	149	110200	-1	
150	150	110000	-1	
151	151	109800	-1	
152	152	109600	-1	
153	153	109400	-1	
154	154	109200	-1	
155	155	109000	-1	
156	156	108800	-1	
157	157	108600	-1	
158	158	108400	-1	
159	159	108200	-1	
160	160	108000	-1	
161	161	107800	-1	
162	162	107600	-1	
163	163	107400	-1	
164	164	107200	-1	
165	165	107000	-1	
166	166	106800	-1	
167	167	106600	-1	
168	168	106400	-1	
169	169	106200	-1	
170	170	106000	-1	
171	171	105800	-1	
172	172	105600	-1	
173	173	105400	-1	
174	174	105200	-1	
175	175	105000	-1	
176	176	104800	-1	
177	177	104600	-1	
178	178	104400	-1	
179	179	104200	-1	
180	180	104000	-1	
181	181	103800	-1	
182	182	103600	-1	
183	183	103400	-1	
184	184	103200	-1	
185	185	103000	-1	
186	186	102800	-1	
187	187	102600	-1	
188	188	102400	-1	
189	189	102200	-1	
190	190	102000	-1	
191	191	101800	-1	
192	192	101600	-1	
193	193	101400	-1	
194	194	101200	-1	
195	195	101000	-1	
196	196	100800	-1	
197	197	100600	-1	
198	198	100400	-1	
199	199	100200	-1	
200	200	100000	-1	
201	201	99950	-1	
202	202	99900	-1	
203	203	99850	-1	
204	204	99800	-1	
205	205	99750	-1	
206	206	99700	-1	
207	207	99650	-1	
208	208	99600	-1	
209	209	99550	-1	
210	210	99500	-1	
211	211	99450	-1	
212	212	99400	-1	
213	213	99350	-1	
214	214	99300	-1	
215	215	99250	-1	
216	216	99200	-1	
217	217	99150	-1	
218	218	99100	-1	
219	219	99050	-1	
220	220	99000	-1	
221	221	98950	-1	
222	222	98900	-1	
223	223	98850	-1	
224	224	98800	-1	
225	225	98750	-1	
226	226	98700	-1	
227	227	98650	-1	
228	228	98600	-1	
229	229	98550	-1	
230	230	98500	-1	
231	231	98450	-1	
232	232	98400	-1	
233	233	98350	-1	
234	234	98300	-1	
235	235	98250	-1	
236	236	98200	-1	
237	237	98150	-1	
238	238	98100	-1	
239	239	98050	-1	
240	240	98000	-1	
241	241	97950	-1	
242	242	97900	-1	
243	243	97850	-1	
244	244	97800	-1	
245	245	97750	-1	
246	246	97700	-1	
247	247	97650	-1	
248	248	97600	-1	
249	249	97550	-1	
250	250	97500	-1	
251	251	97450	-1	
252	252	97400	-1	
253	253	97350	-1	
254	254	97300	-1	
255	255	97250	-1	
256	256	97200	-1	
257	257	97150	-1	
258	258	97100	-1	
259	259	97050	-1	
260	260	97000	-1	
261	261	96950	-1	
262	262	96900	-1	
263	263	96850	-1	
264	264	96800	-1	
265	265	96750	-1	
266	266	96700	-1	
267	267	96650	-1	
268	268	96600	-1	
269	269	96550	-1	
270	270	96500	-1	
271	271	96450	-1	
272	272	96400	-1	
273	273	96350	-1	
274	274	96300	-1	
275	275	96250	-1	
276	276	96200	-1	
277	277	96150	-1	
278	278	96100	-1	
279	279	96050	-1	
280	280	96000	-1	
281	281	95950	-1	
282	282	95900	-1	
283	283	95850	-1	
284	284	95800	-1	
285	285	95750	-1	
286	286	95700	-1	
287	287	95650	-1	
288	288	95600	-1	
289	289	95550	-1	
290	290	95500	-1	
291	291	95450	-1	
292	292	95400	-1	
293	293	95350	-1	
294	294	95300	-1	
295	295	95250	-1	
296	296	95200	-1	
297	297	95150	-1	
298	298	95100	-1	
299	299	95050	-1	
300	300	95000	-1	
301	301	94950	-1	
302	302	94900	-1	
303	303	94850	-1	
304	304	94800	-1	
305	305	94750	-1	
306	306	94700	-1	
307	307	94650	-1	
308	308	94600	-1	
309	309	94550	-1	
310	310	94500	-1	
311	311	94450	-1	
312	312	94400	-1	
313	313	94350	-1	
314	314	94300	-1	
315	315	94250	-1	
316	316	94200	-1	
317	317	94150	-1	
318	318	94100	-1	
319	319	94050	-1	
320	320	94000	-1	
321	321	93950	-1	
322	322	93900	-1	
323	323	93850	-1	
324	324	93800	-1	
325	325	93750	-1	
326	326	93700	-1	
327	327	93650	-1	
328	328	93600	-1	
329	329	93550	-1	
330	330	93500	-1	
331	331	93450	-1	
332	332	93400	-1	
333	333	93350	-1	
334	334	93300	-1	
335	335	93250	-1	
336	336	93200	-1	
337	337	93150	-1	
338	338	93100	-1	
339	339	93050	-1	
340	340	93000	-1	
341	341	92950	-1	
342	342	92900	-1	
343	343	92850	-1	
344	344	92800	-1	
345	345	92750	-1	
346	346	92700	-1	
347	347	92650	-1	
348	348	92600	-1	
349	349	92550	-1	
350	350	92500	-1	
351	351	92450	-1	
352	352	92400	-1	
353	353	92350	-1	
354	354	92300	-1	
355	355	92250	-1	
356	356	92200	-1	
357	357	92150	-1	
358	358	92100	-1	
359	359	92050	-1	
360	360	92000	-1	
361	361	91950	-1	
362	362	91900	-1	
363	363	91850	-1	
364	364	91800	-1	
365	365	91750	-1	
366	366	91700	-1	
367	367	91650	-1	
368	368	91600	-1	
369	369	91550	-1	
370	370	91500	-1	
371	371	91450	-1	
372	372	91400	-1	
373	373	91350	-1	
374	374	91300	-1	
375	375	91250	-1	
376	376	91200	-1	
377	377	91150	-1	
378	378	91100	-1	
379	379	91050	-1	
380	380	91000	-1	
381	381	90950	-1	
382	382	90900	-1	
383	383	90850	-1	
384	384	90800	-1	
385	385	90750	-1	
386	386	90700	-1	
387	387	90650	-1	
388	388	90600	-1	
389	389	90550	-1	
390	390	90500	-1	
391	391	90450	-1	
392	392	90400	-1	
393	393	90350	-1	
394	394	90300	-1	
395	395	90250	-1	
396	396	90200	-1	
397	397	90150	-1	
398	398	90100	-1	
399	399	90050	-1	
400	400	90000	-1	
401	401	89950	-1	
402	402	89900	-1	
403	403	89850	-1	
404	404	89800	-1	
405	405	89750	-1	
406	406	89700	-1	
407	407	89650	-1	
408	408	89600	-1	
409	409	89550	-1	
410	410	89500	-1	
411	411	89450	-1	
412	412	89400	-1	
413	413	89350	-1	
414	414	89300	-1	
415	415	89250	-1	
416	416	89200	-1	
417	417	89150	-1	
418	418	89100	-1	
419	419	89050	-1	
420	420	89000	-1	
421	421	88950	-1	
422	422	88900	-1	
423	423	88850	-1	
424	424	88800	-1	
425	425	88750	-1	
426	426	88700	-1	
427	427	88650	-1	
428	428	88600	-1	
429	429	88550	-1	
430	430	88500	-1	
431	431	88450	-1	
432	432	88400	-1	
433	433	88350	-1	
434	434	88300	-1	
435	435	88250	-1	
436	436	88200	-1	
437	437	88150	-1	
438	438	88100	-1	
439	439	88050	-1	
440	440	88000	-1	
441	441	87950	-1	
442	442	87900	-1	
443	443	87850	-1	
444	444	87800	-1	
445	445	87750	-1	
446	446	87700	-1	
447	447	87650	-1	
448	448	87600	-1	
449	449	87550	-1	
450	450	87500	-1	
451	451	87450	-1	
452	452	87400	-1	
453	453	87350	-1	
454	454	87300	-1	
455	455	87250	-1	
456	456	87200	-1	
457	457	87150	-1	
458	458	87100	-1	
459	459	87050	-1	
460	460	87000	-1	
461	461	86950	-1	
462	462	86900	-1	
463	463	86850	-1	
464	464	86800	-1	
465	465	86750	-1	
466	466	86700	-1	
467	467	86650	-1	
468	468	86600	-1	
469	469	86550	-1	
470	470	86500	-1	
471	471	86450	-1	
472	472	86400	-1	
473	473	86350	-1	
474	474	86300	-1	
475	475	86250	-1	
476	476	86200	-1	
477	477	86150	-1	
478	478	86100	-1	
479	479	86050	-1	
480	480	86000	-1	
481	481	85950	-1	
482	482	85900	-1	
483	483	85850	-1	
484	484	85800	-1	
485	485	85750	-1	
486	486	85700	-1	
487	487	85650	-1	
488	488	85600	-1	
489	489	85550	-1	
490	490	85500	-1	
491	491	85450	-1	
492	492	85400	-1	
493	493	85350	-1	
494	494	85300	-1	
495	495	85250	-1	
496	496	85200	-1	
497	497	85150	-1	
498	498	85100	-1	
499	499	85050	-1	
500	500	85000	-1	
501	501	84980	-1	
502	502	84960	-1	
503	503	84940	-1	
504	504	84920	-1	
505	505	84900	-1	
506	506	84880	-1	
507	507	84860	-1	
508	508	84840	-1	
509	509	84820	-1	
510	510	84800	-1	
511	511	84780	-1	
512	512	84760	-1	
513	513	84740	-1	
514	514	84720	-1	
515	515	84700	-1	
516	516	84680	-1	
517	517	84660	-1	
518	518	84640	-1	
519	519	84620	-1	
520	520	84600	-1	
521	521	84580	-1	
522	522	84560	-1	
523	523	84540	-1	
524	524	84520	-1	
525	525	84500	-1	
526	526	84480	-1	
527	527	84460	-1	
528	528	84440	-1	
529	529	84420	-1	
530	530	84400	-1	
531	531	84380	-1	
532	532	84360	-1	
533	533	84340	-1	
534	534	84320	-1	
535	535	84300	-1	
536	536	84280	-1	
537	537	84260	-1	
538	538	84240	-1	
539	539	84220	-1	
540	540	84200	-1	
541	541	84180	-1	
542	542	84160	-1	
543	543	84140	-1	
544	544	84120	-1	
545	545	84100	-1	
546	546	84080	-1	
547	547	84060	-1	
548	548	84040	-1	
549	549	84020	-1	
550	550	84000	-1	
551	551	83980	-1	
552	552	83960	-1	
553	553	83940	-1	
554	554	83920	-1	
555	555	83900	-1	
556	556	83880	-1	
557	557	83860	-1	
558	558	83840	-1	
559	559	83820	-1	
560	560	83800	-1	
561	561	83780	-1	
562	562	83760	-1	
563	563	83740	-1	
564	564	83720	-1	
565	565	83700	-1	
566	566	83680	-1	
567	567	83660	-1	
568	568	83640	-1	
569	569	83620	-1	
570	570	83600	-1	
571	571	83580	-1	
572	572	83560	-1	
573	573	83540	-1	
574	574	83520	-1	
575	575	83500	-1	
576	576	83480	-1	
577	577	83460	-1	
578	578	83440	-1	
579	579	83420	-1	
580	580	83400	-1	
581	581	83380	-1	
582	582	83360	-1	
583	583	83340	-1	
584	584	83320	-1	
585	585	83300	-1	
586	586	83280	-1	
587	587	83260	-1	
588	588	83240	-1	
589	589	83220	-1	
590	590	83200	-1	
591	591	83180	-1	
592	592	83160	-1	
593	593	83140	-1	
594	594	83120	-1	
595	595	83100	-1	
596	596	83080	-1	
597	597	83060	-1	
598	598	83040	-1	
599	599	83020	-1	
600	600	83000	-1	
601	601	82980	-1	
602	602	82960	-1	
603	603	82940	-1	
604	604	82920	-1	
605	605	82900	-1	
606	606	82880	-1	
607	607	82860	-1	
608	608	82840	-1	
609	609	82820	-1	
610	610	82800	-1	
611	611	82780	-1	
612	612	82760	-1	
613	613	82740	-1	
614	614	82720	-1	
615	615	82700	-1	
616	616	82680	-1	
617	617	82660	-1	
618	618	82640	-1	
619	619	82620	-1	
620	620	82600	-1	
621	621	82580	-1	
622	622	82560	-1	
623	623	82540	-1	
624	624	82520	-1	
625	625	82500	-1	
626	626	82480	-1	
627	627	82460	-1	
628	628	82440	-1	
629	629	82420	-1	
630	630	82400	-1	
631	631	82380	-1	
632	632	82360	-1	
633	633	82340	-1	
634	634	82320	-1	
635	635	82300	-1	
636	636	82280	-1	
637	637	82260	-1	
638	638	82240	-1	
639	639	82220	-1	
640	640	82200	-1	
641	641	82180	-1	
642	642	82160	-1	
643	643	82140	-1	
644	644	82120	-1	
645	645	82100	-1	
646	646	82080	-1	
647	647	82060	-1	
648	648	82040	-1	
649	649	82020	-1	
650	650	82000	-1	
651	651	81980	-1	
652	652	81960	-1	
653	653	81940	-1	
654	654	81920	-1	
655	655	81900	-1	
656	656	81880	-1	
657	657	81860	-1	
658	658	81840	-1	
659	659	81820	-1	
660	660	81800	-1	
661	661	81780	-1	
662	662	81760	-1	
663	663	81740	-1	
664	664	81720	-1	
665	665	81700	-1	
666	666	81680	-1	
667	667	81660	-1	
668	668	81640	-1	
669	669	81620	-1	
670	670	81600	-1	
671	671	81580	-1	
672	672	81560	-1	
673	673	81540	-1	
674	674	81520	-1	
675	675	81500	-1	
676	676	81480	-1	
677	677	81460	-1	
678	678	81440	-1	
679	679	81420	-1	
680	680	81400	-1	
681	681	81380	-1	
682	682	81360	-1	
683	683	81340	-1	
684	684	81320	-1	
685	685	81300	-1	
686	686	81280	-1	
687	687	81260	-1	
688	688	81240	-1	
689	689	81220	-1	
690	690	81200	-1	
691	691	81180	-1	
692	692	81160	-1	
693	693	81140	-1	
694	694	81120	-1	
695	695	81100	-1	
696	696	81080	-1	
697	697	81060	-1	
698	698	81040	-1	
699	699	81020	-1	
700	700	81000	-1	
701	701	80980	-1	
702	702	80960	-1	
703	703	80940	-1	
704	704	80920	-1	
705	705	80900	-1	
706	706	80880	-1	
707	707	80860	-1	
708	708	80840	-1	
709	709	80820	-1	
710	710	80800	-1	
711	711	80780	-1	
712	712	80760	-1	
713	713	80740	-1	
714	714	80720	-1	
715	715	80700	-1	
716	716	80680	-1	
717	717	80660	-1	
718	718	80640	-1	
719	719	80620	-1	
720	720	80600	-1	
721	721	80580	-1	
722	722	80560	-1	
723	723	80540	-1	
724	724	80520	-1	
725	725	80500	-1	
726	726	80480	-1	
727	727	80460	-1	
728	728	80440	-1	
729	729	80420	-1	
730	730	80400	-1	
731	731	80380	-1	
732	732	80360	-1	
733	733	80340	-1	
734	734	80320	-1	
735	735	80300	-1	
736	736	80280	-1	
737	737	80260	-1	
738	738	80240	-1	
739	739	80220	-1	
740	740	80200	-1	
741	741	80180	-1	
742	742	80160	-1	
743	743	80140	-1	
744	744	80120	-1	
745	745	80100	-1	
746	746	80080	-1	
747	747	80060	-1	
748	748	80040	-1	
749	749	80020	-1	
750	750	80000	-1	
751	751	79980	-1	
752	752	79960	-1	
753	753	79940	-1	
754	754	79920	-1	
755	755	79900	-1	
756	756	79880	-1	
757	757	79860	-1	
758	758	79840	-1	
759	759	79820	-1	
760	760	79800	-1	
761	761	79780	-1	
762	762	79760	-1	
763	763	79740	-1	
764	764	79720	-1	
765	765	79700	-1	
766	766	79680	-1	
767	767	79660	-1	
768	768	79640	-1	
769	769	79620	-1	
770	770	79600	-1	
771	771	79580	-1	
772	772	79560	-1	
773	773	79540	-1	
774	774	79520	-1	
775	775	79500	-1	
776	776	79480	-1	
777	777	79460	-1	
778	778	79440	-1	
779	779	79420	-1	
780	780	79400	-1	
781	781	79380	-1	
782	782	79360	-1	
783	783	79340	-1	
784	784	79320	-1	
785	785	79300	-1	
786	786	79280	-1	
787	787	79260	-1	
788	788	79240	-1	
789	789	79220	-1	
790	790	79200	-1	
791	791	79180	-1	
792	792	79160	-1	
793	793	79140	-1	
794	794	79120	-1	
795	795	79100	-1	
796	796	79080	-1	
797	797	79060	-1	
798	798	79040	-1	
799	799	79020	-1	
800	800	79000	-1	
801	801	78980	-1	
802	802	78960	-1	
803	803	78940	-1	
804	804	78920	-1	
805	805	78900	-1	
806	806	78880	-1	
807	807	78860	-1	
808	808	78840	-1	
809	809	78820	-1	
810	810	78800	-1	
811	811	78780	-1	
812	812	78760	-1	
813	813	78740	-1	
814	814	78720	-1	
815	815	78700	-1	
816	816	78680	-1	
817	817	78660	-1	
818	818	78640	-1	
819	819	78620	-1	
820	820	78600	-1	
821	821	78580	-1	
822	822	78560	-1	
823	823	78540	-1	
824	824	78520	-1	
825	825	78500	-1	
826	826	78480	-1	
827	827	78460	-1	
828	828	78440	-1	
829	829	78420	-1	
830	830	78400	-1	
831	831	78380	-1	
832	832	78360	-1	
833	833	78340	-1	
834	834	78320	-1	
835	835	78300	-1	
836	836	78280	-1	
837	837	78260	-1	
838	838	78240	-1	
839	839	78220	-1	
840	840	78200	-1	
841	841	78180	-1	
842	842	78160	-1	
843	843	78140	-1	
844	844	78120	-1	
845	845	78100	-1	
846	846	78080	-1	
847	847	78060	-1	
848	848	78040	-1	
849	849	78020	-1	
850	850	78000	-1	
851	851	77980	-1	
852	852	77960	-1	
853	853	77940	-1	
854	854	77920	-1	
855	855	77900	-1	
856	856	77880	-1	
857	857	77860	-1	
858	858	77840	-1	
859	859	77820	-1	
860	860	77800	-1	
861	861	77780	-1	
862	862	77760	-1	
863	863	77740	-1	
864	864	77720	-1	
865	865	77700	-1	
866	866	77680	-1	
867	867	77660	-1	
868	868	77640	-1	
869	869	77620	-1	
870	870	77600	-1	
871	871	77580	-1	
872	872	77560	-1	
873	873	77540	-1	
874	874	77520	-1	
875	875	77500	-1	
876	876	77480	-1	
877	877	77460	-1	
878	878	77440	-1	
879	879	77420	-1	
880	880	77400	-1	
881	881	77380	-1	
882	882	77360	-1	
883	883	77340	-1	
884	884	77320	-1	
885	885	77300	-1	
886	886	77280	-1	
887	887	77260	-1	
888	888	77240	-1	
889	889	77220	-1	
890	890	77200	-1	
891	891	77180	-1	
892	892	77160	-1	
893	893	77140	-1	
894	894	77120	-1	
895	895	77100	-1	
896	896	77080	-1	
897	897	77060	-1	
898	898	77040	-1	
899	899	77020	-1	
900	900	77000	-1	
901	901	76980	-1	
902	902	76960	-1	
903	903	76940	-1	
904	904	76920	-1	
905	905	76900	-1	
906	906	76880	-1	
907	907	76860	-1	
908	908	76840	-1	
909	909	76820	-1	
910	910	76800	-1	
911	911	76780	-1	
912	912	76760	-1	
913	913	76740	-1	
914	914	76720	-1	
915	915	76700	-1	
916	916	76680	-1	
917	917	76660	-1	
918	918	76640	-1	
919	919	76620	-1	
920	920	76600	-1	
921	921	76580	-1	
922	922	76560	-1	
923	923	76540	-1	
924	924	76520	-1	
925	925	76500	-1	
926	926	76480	-1	
927	927	76460	-1	
928	928	76440	-1	
929	929	76420	-1	
930	930	76400	-1	
931	931	76380	-1	
932	932	76360	-1	
933	933	76340	-1	
934	934	76320	-1	
935	935	76300	-1	
936	936	76280	-1	
937	937	76260	-1	
938	938	76240	-1	
939	939	76220	-1	
940	940	76200	-1	
941	941	76180	-1	
942	942	76160	-1	
943	943	76140	-1	
944	944	76120	-1	
945	945	76100	-1	
946	946	76080	-1	
947	947	76060	-1	
948	948	76040	-1	
949	949	76020	-1	
950	950	76000	-1	
951	951	75980	-1	
952	952	75960	-1	
953	953	75940	-1	
954	954	75920	-1	
955	955	75900	-1	
956	956	75880	-1	
957	957	75860	-1	
958	958	75840	-1	
959	959	75820	-1	
960	960	75800	-1	
961	961	75780	-1	
962	962	75760	-1	
963	963	75740	-1	
964	964	75720	-1	
965	965	75700	-1	
966	966	75680	-1	
967	967	75660	-1	
968	968	75640	-1	
969	969	75620	-1	
970	970	75600	-1	
971	971	75580	-1	
972	972	75560	-1	
973	973	75540	-1	
974	974	75520	-1	
975	975	75500	-1	
976	976	75480	-1	
977	977	75460	-1	
978	978	75440	-1	
979	979	75420	-1	
980	980	75400	-1	
981	981	75380	-1	
982	982	75360	-1	
983	983	75340	-1	
984	984	75320	-1	
985	985	75300	-1	
986	986	75280	-1	
987	987	75260	-1	
988	988	75240	-1	
989	989	75220	-1	
990	990	75200	-1	
991	991	75180	-1	
992	992	75160	-1	
993	993	75140	-1	
994	994	75120	-1	
995	995	75100	-1	
996	996	75080	-1	
997	997	75060	-1	
998	998	75040	-1	
999	999	75020	-1	
1000	1000	75000	-1	
1001	1001	74980	-1	
1002	1002	74960	-1	
1003	1003	74940	-1	
1004	1004	74920	-1	
1005	1005	74900	-1	
1006	1006	74880	-1	
1007	1007	74860	-1	
1008	1008	74840	-1	
1009	1009	74820	-1	
1010	1010	74800	-1	
1011	1011	74780	-1	
1012	1012	74760	-1	
1013	1013	74740	-1	
1014	1014	74720	-1	
1015	1015	74700	-1	
1016	1016	74680	-1	
1017	1017	74660	-1	
1018	1018	74640	-1	
1019	1019	74620	-1	
1020	1020	74600	-1	
1021	1021	74580	-1	
1022	1022	74560	-1	
1023	1023	74540	-1	
1024	1024	74520	-1	
1025	1025	74500	-1	
1026	1026	74480	-1	
1027	1027	74460	-1	
1028	1028	74440	-1	
1029	1029	74420	-1	
1030	1030	74400	-1	
1031	1031	74380	-1	
1032	1032	74360	-1	
1033	1033	74340	-1	
1034	1034	74320	-1	
1035	1035	74300	-1	
1036	1036	74280	-1	
1037	1037	74260	-1	
1038	1038	74240	-1	
1039	1039	74220	-1	
1040	1040	74200	-1	
1041	1041	74180	-1	
1042	1042	74160	-1	
1043	1043	74140	-1	
1044	1044	74120	-1	
1045	1045	74100	-1	
1046	1046	74080	-1	
1047	1047	74060	-1	
1048	1048	74040	-1	
1049	1049	74020	-1	
1050	1050	74000	-1	
1051	1051	73980	-1	
1052	1052	73960	-1	
1053	1053	73940	-1	
1054	1054	73920	-1	
1055	1055	73900	-1	
1056	1056	73880	-1	
1057	1057	73860	-1	
1058	1058	73840	-1	
1059	1059	73820	-1	
1060	1060	73800	-1	
1061	1061	73780	-1	
1062	1062	73760	-1	
1063	1063	73740	-1	
1064	1064	73720	-1	
1065	1065	73700	-1	
1066	1066	73680	-1	
1067	1067	73660	-1	
1068	1068	73640	-1	
1069	1069	73620	-1	
1070	1070	73600	-1	
1071	1071	73580	-1	
1072	1072	73560	-1	
1073	1073	73540	-1	
1074	1074	73520	-1	
1075	1075	73500	-1	
1076	1076	73480	-1	
1077	1077	73460	-1	
1078	1078	73440	-1	
1079	1079	73420	-1	
1080	1080	73400	-1	
1081	1081	73380	-1	
1082	1082	73360	-1	
1083	1083	73340	-1	
1084	1084	73320	-1	
1085	1085	73300	-1	
1086	1086	73280	-1	
1087	1087	73260	-1	
1088	1088	73240	-1	
1089	1089	73220	-1	
1090	1090	73200	-1	
1091	1091	73180	-1	
1092	1092	73160	-1	
1093	1093	73140	-1	
1094	1094	73120	-1	
1095	1095	73100	-1	
1096	1096	73080	-1	
1097	1097	73060	-1	
1098	1098	73040	-1	
1099	1099	73020	-1	
1100	1100	73000	-1	
1101	1101	72980	-1	
1102	1102	72960	-1	
1103	1103	72940	-1	
1104	1104	72920	-1	
1105	1105	72900	-1	
1106	1106	72880	-1	
1107	1107	72860	-1	
1108	1108	72840	-1	
1109	1109	72820	-1	
1110	1110	72800	-1	
1111	1111	72780	-1	
1112	1112	72760	-1	
1113	1113	72740	-1	
1114	1114	72720	-1	
1115	1115	72700	-1	
1116	1116	72680	-1	
1117	1117	72660	-1	
1118	1118	72640	-1	
1119	1119	72620	-1	
1120	1120	72600	-1	
1121	1121	72580	-1	
1122	1122	72560	-1	
1123	1123	72540	-1	
1124	1124	72520	-1	
1125	1125	72500	-1	
1126	1126	72480	-1	
1127	1127	72460	-1	
1128	1128	72440	-1	
1129	1129	72420	-1	
1130	1130	72400	-1	
1131	1131	72380	-1	
1132	1132	72360	-1	
1133	1133	72340	-1	
1134	1134	72320	-1	
1135	1135	72300	-1	
1136	1136	72280	-1	
1137	1137	72260	-1	
1138	1138	72240	-1	
1139	1139	72220	-1	
1140	1140	72200	-1	
1141	1141	72180	-1	
1142	1142	72160	-1	
1143	1143	72140	-1	
1144	1144	72120	-1	
1145	1145	72100	-1	
1146	1146	72080	-1	
1147	1147	72060	-1	
1148	1148	72040	-1	
1149	1149	72020	-1	
1150	1150	72000	-1	
1151	1151	71980	-1	
1152	1152	71960	-1	
1153	1153	71940	-1	
1154	1154	71920	-1	
1155	1155	71900	-1	
1156	1156	71880	-1	
1157	1157	71860	-1	
1158	1158	71840	-1	
1159	1159	71820	-1	
1160	1160	71800	-1	
1161	1161	71780	-1	
1162	1162	71760	-1	
1163	1163	71740	-1	
1164	1164	71720	-1	
1165	1165	71700	-1	
1166	1166	71680	-1	
1167	1167	71660	-1	
1168	1168	71640	-1	
1169	1169	71620	-1	
1170	1170	71600	-1	
1171	1171	71580	-1	
1172	1172	71560	-1	
1173	1173	71540	-1	
1174	1174	71520	-1	
1175	1175	71500	-1	
1176	1176	71480	-1	
1177	1177	71460	-1	
1178	1178	71440	-1	
1179	1179	71420	-1	
1180	1180	71400	-1	
1181	1181	71380	-1	
1182	1182	71360	-1	
1183	1183	71340	-1	
1184	1184	71320	-1	
1185	1185	71300	-1	
1186	1186	71280	-1	
1187	1187	71260	-1	
1188	1188	71240	-1	
1189	1189	71220	-1	
1190	1190	71200	-1	
1191	1191	71180	-1	
1192	1192	71160	-1	
1193	1193	71140	-1	
1194	1194	71120	-1	
1195	1195	71100	-1	
1196	1196	71080	-1	
1197	1197	71060	-1	
1198	1198	71040	-1	
1199	1199	71020	-1	
1200	1200	71000	-1	
1201	1201	70980	-1	
1202	1202	70960	-1	
1203	1203	70940	-1	
1204	1204	70920	-1	
1205	1205	70900	-1	
1206	1206	70880	-1	
1207	1207	70860	-1	
1208	1208	70840	-1	
1209	1209	70820	-1	
1210	1210	70800	-1	
1211	1211	70780	-1	
1212	1212	70760	-1	
1213	1213	70740	-1	
1214	1214	70720	-1	
1215	1215	70700	-1	
1216	1216	70680	-1	
1217	1217	70660	-1	
1218	1218	70640	-1	
1219	1219	70620	-1	
1220	1220	70600	-1	
1221	1221	70580	-1	
1222	1222	70560	-1	
1223	1223	70540	-1	
1224	1224	70520	-1	
1225	1225	70500	-1	
1226	1226	70480	-1	
1227	1227	70460	-1	
1228	1228	70440	-1	
1229	1229	70420	-1	
1230	1230	70400	-1	
1231	1231	70380	-1	
1232	1232	70360	-1	
1233	1233	70340	-1	
1234	1234	70320	-1	
1235	1235	70300	-1	
1236	1236	70280	-1	
1237	1237	70260	-1	
1238	1238	70240	-1	
1239	1239	70220	-1	
1240	1240	70200	-1	
1241	1241	70180	-1	
1242	1242	70160	-1	
1243	1243	70140	-1	
1244	1244	70120	-1	
1245	1245	70100	-1	
1246	1246	70080	-1	
1247	1247	70060	-1	
1248	1248	70040	-1	
1249	1249	70020	-1	
1250	1250	70000	-1	
1251	1251	69980	-1	
1252	1252	69960	-1	
1253	1253	69940	-1	
1254	1254	69920	-1	
1255	1255	69900	-1	
1256	1256	69880	-1	
1257	1257	69860	-1	
1258	1258	69840	-1	
1259	1259	69820	-1	
1260	1260	69800	-1	
1261	1261	69780	-1	
1262	1262	69760	-1	
1263	1263	69740	-1	
1264	1264	69720	-1	
1265	1265	69700	-1	
1266	1266	69680	-1	
1267	1267	69660	-1	
1268	1268	69640	-1	
1269	1269	69620	-1	
1270	1270	69600	-1	
1271	1271	69580	-1	
1272	1272	69560	-1	
1273	1273	69540	-1	
1274	1274	69520	-1	
1275	1275	69500	-1	
1276	1276	69480	-1	
1277	1277	69460	-1	
1278	1278	69440	-1	
1279	1279	69420	-1	
1280	1280	69400	-1	
1281	1281	69380	-1	
1282	1282	69360	-1	
1283	1283	69340	-1	
1284	1284	69320	-1	
1285	1285	69300	-1	
1286	1286	69280	-1	
1287	1287	69260	-1	
1288	1288	69240	-1	
1289	1289	69220	-1	
1290	1290	69200	-1	
1291	1291	69180	-1	
1292	1292	69160	-1	
1293	1293	69140	-1	
1294	1294	69120	-1	
1295	1295	69100	-1	
1296	1296	69080	-1	
1297	1297	69060	-1	
1298	1298	69040	-1	
1299	1299	69020	-1	
1300	1300	69000	-1	
1301	1301	68980	-1	
1302	1302	68960	-1	
1303	1303	68940	-1	
1304	1304	68920	-1	
1305	1305	68900	-1	
1306	1306	68880	-1	
1307	1307	68860	-1	
1308	1308	68840	-1	
1309	1309	68820	-1	
1310	1310	68800	-1	
1311	1311	68780	-1	
1312	1312	68760	-1	
1313	1313	68740	-1	
1314	1314	68720	-1	
1315	1315	68700	-1	
1316	1316	68680	-1	
1317	1317	68660	-1	
1318	1318	68640	-1	
1319	1319	68620	-1	
1320	1320	68600	-1	
1321	1321	68580	-1	
1322	1322	68560	-1	
1323	1323	68540	-1	
1324	1324	68520	-1	
1325	1325	68500	-1	
1326	1326	68480	-1	
1327	1327	68460	-1	
1328	1328	68440	-1	
1329	1329	68420	-1	
1330	1330	68400	-1	
1331	1331	68380	-1	
1332	1332	68360	-1	
1333	1333	68340	-1	
1334	1334	68320	-1	
1335	1335	68300	-1	
1336	1336	68280	-1	
1337	1337	68260	-1	
1338	1338	68240	-1	
1339	1339	68220	-1	
1340	1340	68200	-1	
1341	1341	68180	-1	
1342	1342	68160	-1	
1343	1343	68140	-1	
1344	1344	68120	-1	
1345	1345	68100	-1	
1346	1346	68080	-1	
1347	1347	68060	-1	
1348	1348	68040	-1	
1349	1349	68020	-1	
1350	1350	68000	-1	
1351	1351	67980	-1	
1352	1352	67960	-1	
1353	1353	67940	-1	
1354	1354	67920	-1	
1355	1355	67900	-1	
1356	1356	67880	-1	
1357	1357	67860	-1	
1358	1358	67840	-1	
1359	1359	67820	-1	
1360	1360	67800	-1	
1361	1361	67780	-1	
1362	1362	67760	-1	
1363	1363	67740	-1	
1364	1364	67720	-1	
1365	1365	67700	-1	
1366	1366	67680	-1	
1367	1367	67660	-1	
1368	1368	67640	-1	
1369	1369	67620	-1	
1370	1370	67600	-1	
1371	1371	67580	-1	
1372	1372	67560	-1	
1373	1373	67540	-1	
1374	1374	67520	-1	
1375	1375	67500	-1	
1376	1376	67480	-1	
1377	1377	67460	-1	
1378	1378	67440	-1	
1379	1379	67420	-1	
1380	1380	67400	-1	
1381	1381	67380	-1	
1382	1382	67360	-1	
1383	1383	67340	-1	
1384	1384	67320	-1	
1385	1385	67300	-1	
1386	1386	67280	-1	
1387	1387	67260	-1	
1388	1388	67240	-1	
1389	1389	67220	-1	
1390	1390	67200	-1	
1391	1391	67180	-1	
1392	1392	67160	-1	
1393	1393	67140	-1	
1394	1394	67120	-1	
1395	1395	67100	-1	
1396	1396	67080	-1	
1397	1397	67060	-1	
1398	1398	67040	-1	
1399	1399	67020	-1	
1400	1400	67000	-1	
1401	1401	66980	-1	
1402	1402	66960	-1	
1403	1403	66940	-1	
1404	1404	66920	-1	
1405	1405	66900	-1	
1406	1406	66880	-1	
1407	1407	66860	-1	
1408	1408	66840	-1	
1409	1409	66820	-1	
1410	1410	66800	-1	
1411	1411	66780	-1	
1412	1412	66760	-1	
1413	1413	66740	-1	
1414	1414	66720	-1	
1415	1415	66700	-1	
1416	1416	66680	-1	
1417	1417	66660	-1	
1418	1418	66640	-1	
1419	1419	66620	-1	
1420	1420	66600	-1	
1421	1421	66580	-1	
1422	1422	66560	-1	
1423	1423	66540	-1	
1424	1424	66520	-1	
1425	1425	66500	-1	
1426	1426	66480	-1	
1427	1427	66460	-1	
1428	1428	66440	-1	
1429	1429	66420	-1	
1430	1430	66400	-1	
1431	1431	66380	-1	
1432	1432	66360	-1	
1433	1433	66340	-1	
1434	1434	66320	-1	
1435	1435	66300	-1	
1436	1436	66280	-1	
1437	1437	66260	-1	
1438	1438	66240	-1	
1439	1439	66220	-1	
1440	1440	66200	-1	
1441	1441	66180	-1	
1442	1442	66160	-1	
1443	1443	66140	-1	
1444	1444	66120	-1	
1445	1445	66100	-1	
1446	1446	66080	-1	
1447	1447	66060	-1	
1448	1448	66040	-1	
1449	1449	66020	-1	
1450	1450	66000	-1	
1451	1451	65980	-1	
1452	1452	65960	-1	
1453	1453	65940	-1	
1454	1454	65920	-1	
1455	1455	65900	-1	
1456	1456	65880	-1	
1457	1457	65860	-1	
1458	1458	65840	-1	
1459	1459	65820	-1	
1460	1460	65800	-1	
1461	1461	65780	-1	
1462	1462	65760	-1	
1463	1463	65740	-1	
1464	1464	65720	-1	
1465	1465	65700	-1	
1466	1466	65680	-1	
1467	1467	65660	-1	
1468	1468	65640	-1	
1469	1469	65620	-1	
1470	1470	65600	-1	
1471	1471	65580	-1	
1472	1472	65560	-1	
1473	1473	65540	-1	
1474	1474	65520	-1	
1475	1475	65500	-1	
1476	1476	65480	-1	
1477	1477	65460	-1	
1478	1478	65440	-1	
1479	1479	65420	-1	
1480	1480	65400	-1	
1481	1481	65380	-1	
1482	1482	65360	-1	
1483	1483	65340	-1	
1484	1484	65320	-1	
1485	1485	65300	-1	
1486	1486	65280	-1	
1487	1487	65260	-1	
1488	1488	65240	-1	
1489	1489	65220	-1	
1490	1490	65200	-1	
1491	1491	65180	-1	
1492	1492	65160	-1	
1493	1493	65140	-1	
1494	1494	65120	-1	
1495	1495	65100	-1	
1496	1496	65080	-1	
1497	1497	65060	-1	
1498	1498	65040	-1	
1499	1499	65020	-1	
1500	1500	65000	-1	
1501	1501	64980	-1	
1502	1502	64960	-1	
1503	1503	64940	-1	
1504	1504	64920	-1	
1505	1505	64900	-1	
1506	1506	64880	-1	
1507	1507	64860	-1	
1508	1508	64840	-1	
1509	1509	64820	-1	
1510	1510	64800	-1	
1511	1511	64780	-1	
1512	1512	64760	-1	
1513	1513	64740	-1	
1514	1514	64720	-1	
1515	1515	64700	-1	
1516	1516	64680	-1	
1517	1517	64660	-1	
1518	1518	64640	-1	
1519	1519	64620	-1	
1520	1520	64600	-1	
1521	1521	64580	-1	
1522	1522	64560	-1	
1523	1523	64540	-1	
1524	1524	64520	-1	
1525	1525	64500	-1	
1526	1526	64480	-1	
1527	1527	64460	-1	
1528	1528	64440	-1	
1529	1529	64420	-1	
1530	1530	64400	-1	
1531	1531	64380	-1	
1532	1532	64360	-1	
1533	1533	64340	-1	
1534	1534	64320	-1	
1535	1535	64300	-1	
1536	1536	64280	-1	
1537	1537	64260	-1	
1538	1538	64240	-1	
1539	1539	64220	-1	
1540	1540	64200	-1	
1541	1541	64180	-1	
1542	1542	64160	-1	
1543	1543	64140	-1	
1544	1544	64120	-1	
1545	1545	64100	-1	
1546	1546	64080	-1	
1547	1547	64060	-1	
1548	1548	64040	-1	
1549	1549	64020	-1	
1550	1550	64000	-1	
1551	1551	63980	-1	
1552	1552	63960	-1	
1553	1553	63940	-1	
1554	1554	63920	-1	
1555	1555	63900	-1	
1556	1556	63880	-1	
1557	1557	63860	-1	
1558	1558	63840	-1	
1559	1559	63820	-1	
1560	1560	63800	-1	
1561	1561	63780	-1	
1562	1562	63760	-1	
1563	1563	63740	-1	
1564	1564	63720	-1	
1565	1565	63700	-1	
1566	1566	63680	-1	
1567	1567	63660	-1	
1568	1568	63640	-1	
1569	1569	63620	-1	
1570	1570	63600	-1	
1571	1571	63580	-1	
1572	1572	63560	-1	
1573	1573	63540	-1	
1574	1574	63520	-1	
1575	1575	63500	-1	
1576	1576	63480	-1	
1577	1577	63460	-1	
1578	1578	63440	-1	
1579	1579	63420	-1	
1580	1580	63400	-1	
1581	1581	63380	-1	
1582	1582	63360	-1	
1583	1583	63340	-1	
1584	1584	63320	-1	
1585	1585	63300	-1	
1586	1586	63280	-1	
1587	1587	63260	-1	
1588	1588	63240	-1	
1589	1589	63220	-1	
1590	1590	63200	-1	
1591	1591	63180	-1	
1592	1592	63160	-1	
1593	1593	63140	-1	
1594	1594	63120	-1	
1595	1595	63100	-1	
1596	1596	63080	-1	
1597	1597	63060	-1	
1598	1598	63040	-1	
1599	1599	63020	-1	
1600	1600	63000	-1	
1601	1601	62980	-1	
1602	1602	62960	-1	
1603	1603	62940	-1	
1604	1604	62920	-1	
1605	1605	62900	-1	
1606	1606	62880	-1	
1607	1607	62860	-1	
1608	1608	62840	-1	
1609	1609	62820	-1	
1610	1610	62800	-1	
1611	1611	62780	-1	
1612	1612	62760	-1	
1613	1613	62740	-1	
1614	1614	62720	-1	
1615	1615	62700	-1	
1616	1616	62680	-1	
1617	1617	62660	-1	
1618	1618	62640	-1	
1619	1619	62620	-1	
1620	1620	62600	-1	
1621	1621	62580	-1	
1622	1622	62560	-1	
1623	1623	62540	-1	
1624	1624	62520	-1	
1625	1625	62500	-1	
1626	1626	62480	-1	
1627	1627	62460	-1	
1628	1628	62440	-1	
1629	1629	62420	-1	
1630	1630	62400	-1	
1631	1631	62380	-1	
1632	1632	62360	-1	
1633	1633	62340	-1	
1634	1634	62320	-1	
1635	1635	62300	-1	
1636	1636	62280	-1	
1637	1637	62260	-1	
1638	1638	62240	-1	
1639	1639	62220	-1	
1640	1640	62200	-1	
1641	1641	62180	-1	
1642	1642	62160	-1	
1643	1643	62140	-1	
1644	1644	62120	-1	
1645	1645	62100	-1	
1646	1646	62080	-1	
1647	1647	62060	-1	
1648	1648	62040	-1	
1649	1649	62020	-1	
1650	1650	62000	-1	
1651	1651	61980	-1	
1652	1652	61960	-1	
1653	1653	61940	-1	
1654	1654	61920	-1	
1655	1655	61900	-1	
1656	1656	61880	-1	
1657	1657	61860	-1	
1658	1658	61840	-1	
1659	1659	61820	-1	
1660	1660	61800	-1	
1661	1661	61780	-1	
1662	1662	61760	-1	
1663	1663	61740	-1	
1664	1664	61720	-1	
1665	1665	61700	-1	
1666	1666	61680	-1	
1667	1667	61660	-1	
1668	1668	61640	-1	
1669	1669	61620	-1	
1670	1670	61600	-1	
1671	1671	61580	-1	
1672	1672	61560	-1	
1673	1673	61540	-1	
1674	1674	61520	-1	
1675	1675	61500	-1	
1676	1676	61480	-1	
1677	1677	61460	-1	
1678	1678	61440	-1	
1679	1679	61420	-1	
1680	1680	61400	-1	
1681	1681	61380	-1	
1682	1682	61360	-1	
1683	1683	61340	-1	
1684	1684	61320	-1	
1685	1685	61300	-1	
1686	1686	61280	-1	
1687	1687	61260	-1	
1688	1688	61240	-1	
1689	1689	61220	-1	
1690	1690	61200	-1	
1691	1691	61180	-1	
1692	1692	61160	-1	
1693	1693	61140	-1	
1694	1694	61120	-1	
1695	1695	61100	-1	
1696	1696	61080	-1	
1697	1697	61060	-1	
1698	1698	61040	-1	
1699	1699	61020	-1	
1700	1700	61000	-1	
1701	1701	60980	-1	
1702	1702	60960	-1	
1703	1703	60940	-1	
1704	1704	60920	-1	
1705	1705	60900	-1	
1706	1706	60880	-1	
1707	1707	60860	-1	
1708	1708	60840	-1	
1709	1709	60820	-1	
1710	1710	60800	-1	
1711	1711	60780	-1	
1712	1712	60760	-1	
1713	1713	60740	-1	
1714	1714	60720	-1	
1715	1715	60700	-1	
1716	1716	60680	-1	
1717	1717	60660	-1	
1718	1718	60640	-1	
1719	1719	60620	-1	
1720	1720	60600	-1	
1721	1721	60580	-1	
1722	1722	60560	-1	
1723	1723	60540	-1	
1724	1724	60520	-1	
1725	1725	60500	-1	
1726	1726	60480	-1	
1727	1727	60460	-1	
1728	1728	60440	-1	
1729	1729	60420	-1	
1730	1730	60400	-1	
1731	1731	60380	-1	
1732	1732	60360	-1	
1733	1733	60340	-1	
1734	1734	60320	-1	
1735	1735	60300	-1	
1736	1736	60280	-1	
1737	1737	60260	-1	
1738	1738	60240	-1	
1739	1739	60220	-1	
1740	1740	60200	-1	
1741	1741	60180	-1	
1742	1742	60160	-1	
1743	1743	60140	-1	
1744	1744	60120	-1	
1745	1745	60100	-1	
1746	1746	60080	-1	
1747	1747	60060	-1	
1748	1748	60040	-1	
1749	1749	60020	-1	
1750	1750	60000	-1	
1751	1751	59980	-1	
1752	1752	59960	-1	
1753	1753	59940	-1	
1754	1754	59920	-1	
1755	1755	59900	-1	
1756	1756	59880	-1	
1757	1757	59860	-1	
1758	1758	59840	-1	
1759	1759	59820	-1	
1760	1760	59800	-1	
1761	1761	59780	-1	
1762	1762	59760	-1	
1763	1763	59740	-1	
1764	1764	59720	-1	
1765	1765	59700	-1	
1766	1766	59680	-1	
1767	1767	59660	-1	
1768	1768	59640	-1	
1769	1769	59620	-1	
1770	1770	59600	-1	
1771	1771	59580	-1	
1772	1772	59560	-1	
1773	1773	59540	-1	
1774	1774	59520	-1	
1775	1775	59500	-1	
1776	1776	59480	-1	
1777	1777	59460	-1	
1778	1778	59440	-1	
1779	1779	59420	-1	
1780	1780	59400	-1	
1781	1781	59380	-1	
1782	1782	59360	-1	
1783	1783	59340	-1	
1784	1784	59320	-1	
1785	1785	59300	-1	
1786	1786	59280	-1	
1787	1787	59260	-1	
1788	1788	59240	-1	
1789	1789	59220	-1	
1790	1790	59200	-1	
1791	1791	59180	-1	
1792	1792	59160	-1	
1793	1793	59140	-1	
1794	1794	59120	-1	
1795	1795	59100	-1	
1796	1796	59080	-1	
1797	1797	59060	-1	
1798	1798	59040	-1	
1799	1799	59020	-1	
1800	1800	59000	-1	
1801	1801	58980	-1	
1802	1802	58960	-1	
1803	1803	58940	-1	
1804	1804	58920	-1	
1805	1805	58900	-1	
1806	1806	58880	-1	
1807	1807	58860	-1	
1808	1808	58840	-1	
1809	1809	58820	-1	
1810	1810	58800	-1	
1811	1811	58780	-1	
1812	1812	58760	-1	
1813	1813	58740	-1	
1814	1814	58720	-1	
1815	1815	58700	-1	
1816	1816	58680	-1	
1817	1817	58660	-1	
1818	1818	58640	-1	
1819	1819	58620	-1	
1820	1820	58600	-1	
1821	1821	58580	-1	
1822	1822	58560	-1	
1823	1823	58540	-1	
1824	1824	58520	-1	
1825	1825	58500	-1	
1826	1826	58480	-1	
1827	1827	58460	-1	
1828	1828	58440	-1	
1829	1829	58420	-1	
1830	1830	58400	-1	
1831	1831	58380	-1	
1832	1832	58360	-1	
1833	1833	58340	-1	
1834	1834	58320	-1	
1835	1835	58300	-1	
1836	1836	58280	-1	
1837	1837	58260	-1	
1838	1838	58240	-1	
1839	1839	58220	-1	
1840	1840	58200	-1	
1841	1841	58180	-1	
1842	1842	58160	-1	
1843	1843	58140	-1	
1844	1844	58120	-1	
1845	1845	58100	-1	
1846	1846	58080	-1	
1847	1847	58060	-1	
1848	1848	58040	-1	
1849	1849	58020	-1	
1850	1850	58000	-1	
1851	1851	57980	-1	
1852	1852	57960	-1	
1853	1853	57940	-1	
1854	1854	57920	-1	
1855	1855	57900	-1	
1856	1856	57880	-1	
1857	1857	57860	-1	
1858	1858	57840	-1	
1859	1859	57820	-1	
1860	1860	57800	-1	
1861	1861	57780	-1	
1862	1862	57760	-1	
1863	1863	57740	-1	
1864	1864	57720	-1	
1865	1865	57700	-1	
1866	1866	57680	-1	
1867	1867	57660	-1	
1868	1868	57640	-1	
1869	1869	57620	-1	
1870	1870	57600	-1	
1871	1871	57580	-1	
1872	1872	57560	-1	
1873	1873	57540	-1	
1874	1874	57520	-1	
1875	1875	57500	-1	
1876	1876	57480	-1	
1877	1877	57460	-1	
1878	1878	57440	-1	
1879	1879	57420	-1	
1880	1880	57400	-1	
1881	1881	57380	-1	
1882	1882	57360	-1	
1883	1883	57340	-1	
1884	1884	57320	-1	
1885	1885	57300	-1	
1886	1886	57280	-1	
1887	1887	57260	-1	
1888	1888	57240	-1	
1889	1889	57220	-1	
1890	1890	57200	-1	
1891	1891	57180	-1	
1892	1892	57160	-1	
1893	1893	57140	-1	
1894	1894	57120	-1	
1895	1895	57100	-1	
1896	1896	57080	-1	
1897	1897	57060	-1	
1898	1898	57040	-1	
1899	1899	57020	-1	
1900	1900	57000	-1	
1901	1901	56980	-1	
1902	1902	56960	-1	
1903	1903	56940	-1	
1904	1904	56920	-1	
1905	1905	56900	-1	
1906	1906	56880	-1	
1907	1907	56860	-1	
1908	1908	56840	-1	
1909	1909	56820	-1	
1910	1910	56800	-1	
1911	1911	56780	-1	
1912	1912	56760	-1	
1913	1913	56740	-1	
1914	1914	56720	-1	
1915	1915	56700	-1	
1916	1916	56680	-1	
1917	1917	56660	-1	
1918	1918	56640	-1	
1919	1919	56620	-1	
1920	1920	56600	-1	
1921	1921	56580	-1	
1922	1922	56560	-1	
1923	1923	56540	-1	
1924	1924	56520	-1	
1925	1925	56500	-1	
1926	1926	56480	-1	
1927	1927	56460	-1	
1928	1928	56440	-1	
1929	1929	56420	-1	
1930	1930	56400	-1	
1931	1931	56380	-1	
1932	1932	56360	-1	
1933	1933	56340	-1	
1934	1934	56320	-1	
1935	1935	56300	-1	
1936	1936	56280	-1	
1937	1937	56260	-1	
1938	1938	56240	-1	
1939	1939	56220	-1	
1940	1940	56200	-1	
1941	1941	56180	-1	
1942	1942	56160	-1	
1943	1943	56140	-1	
1944	1944	56120	-1	
1945	1945	56100	-1	
1946	1946	56080	-1	
1947	1947	56060	-1	
1948	1948	56040	-1	
1949	1949	56020	-1	
1950	1950	56000	-1	
1951	1951	55980	-1	
1952	1952	55960	-1	
1953	1953	55940	-1	
1954	1954	55920	-1	
1955	1955	55900	-1	
1956	1956	55880	-1	
1957	1957	55860	-1	
1958	1958	55840	-1	
1959	1959	55820	-1	
1960	1960	55800	-1	
1961	1961	55780	-1	
1962	1962	55760	-1	
1963	1963	55740	-1	
1964	1964	55720	-1	
1965	1965	55700	-1	
1966	1966	55680	-1	
1967	1967	55660	-1	
1968	1968	55640	-1	
1969	1969	55620	-1	
1970	1970	55600	-1	
1971	1971	55580	-1	
1972	1972	55560	-1	
1973	1973	55540	-1	
1974	1974	55520	-1	
1975	1975	55500	-1	
1976	1976	55480	-1	
1977	1977	55460	-1	
1978	1978	55440	-1	
1979	1979	55420	-1	
1980	1980	55400	-1	
1981	1981	55380	-1	
1982	1982	55360	-1	
1983	1983	55340	-1	
1984	1984	55320	-1	
1985	1985	55300	-1	
1986	1986	55280	-1	
1987	1987	55260	-1	
1988	1988	55240	-1	
1989	1989	55220	-1	
1990	1990	55200	-1	
1991	1991	55180	-1	
1992	1992	55160	-1	
1993	1993	55140	-1	
1994	1994	55120	-1	
1995	1995	55100	-1	
1996	1996	55080	-1	
1997	1997	55060	-1	
1998	1998	55040	-1	
1999	1999	55020	-1	
2000	2000	55000	-1	
2001	9999999	0	-1	