INT	STRING	STRING	INT	INT	INT	INT	STRING	STRING	INT	INT	INT	STRING	STRING	INT	STRING	INT
Id	CostItems	GiveItem	CostMoney	Rate	TotalRate	Notice	FailureReturn	ShowGiveItem	Activation	CostStrength	MaxCombiCount	SpecialItems1	Probability1	Tyep	EquipAttribute	CheckItemPopUpBuy
1	565:1:100	20002:2:1	10000	100	100	121	-1	-1	0	0	999	-1	-1	0	-1	1
2	565:1:100	20003:2:1	10000	100	100	121	-1	-1	0	0	999	-1	-1	0	-1	1
3	565:1:100	20004:2:1	10000	100	100	121	-1	-1	0	0	999	-1	-1	0	-1	1
4	565:1:100	20006:2:1	10000	100	100	121	-1	-1	0	0	999	-1	-1	0	-1	1
5	565:1:100	20007:2:1	10000	100	100	121	-1	-1	0	0	999	-1	-1	0	-1	1
6	565:1:100	20008:2:1	10000	100	100	121	-1	-1	0	0	999	-1	-1	0	-1	1
7	20001:2:1|565:1:400	20009:2:1	10000	100	100	121	-1	-1	0	0	999	-1	-1	0	-1	1
8	20002:2:1|565:1:200	20010:2:1	10000	100	100	121	-1	-1	0	0	999	-1	-1	0	-1	1
9	20003:2:1|565:1:200	20011:2:1	10000	100	100	121	-1	-1	0	0	999	-1	-1	0	-1	1
10	20004:2:1|565:1:200	20012:2:1	10000	100	100	121	-1	-1	0	0	999	-1	-1	0	-1	1
11	20005:2:1|565:1:400	20013:2:1	10000	100	100	121	-1	-1	0	0	999	-1	-1	0	-1	1
12	20006:2:1|565:1:200	20014:2:1	10000	100	100	121	-1	-1	0	0	999	-1	-1	0	-1	1
13	20007:2:1|565:1:200	20015:2:1	10000	100	100	121	-1	-1	0	0	999	-1	-1	0	-1	1
14	20008:2:1|565:1:200	20016:2:1	10000	100	100	121	-1	-1	0	0	999	-1	-1	0	-1	1
15	20009:2:1|565:1:800	20017:2:1	10000	100	100	121	-1	-1	0	0	999	-1	-1	0	-1	1
16	20010:2:1|565:1:400	20018:2:1	10000	100	100	121	-1	-1	0	0	999	-1	-1	0	-1	1
17	20011:2:1|565:1:400	20019:2:1	10000	100	100	121	-1	-1	0	0	999	-1	-1	0	-1	1
18	20012:2:1|565:1:400	20020:2:1	10000	100	100	121	-1	-1	0	0	999	-1	-1	0	-1	1
19	20013:2:1|565:1:800	20021:2:1	10000	100	100	121	-1	-1	0	0	999	-1	-1	0	-1	1
20	20014:2:1|565:1:400	20022:2:1	10000	100	100	121	-1	-1	0	0	999	-1	-1	0	-1	1
21	20015:2:1|565:1:400	20023:2:1	10000	100	100	121	-1	-1	0	0	999	-1	-1	0	-1	1
22	20016:2:1|565:1:400	20024:2:1	10000	100	100	121	-1	-1	0	0	999	-1	-1	0	-1	1
23	20017:2:1|565:1:1400	20025:2:1	10000	100	100	121	-1	-1	0	0	999	-1	-1	0	-1	1
24	20018:2:1|565:1:700	20026:2:1	10000	100	100	121	-1	-1	0	0	999	-1	-1	0	-1	1
25	20019:2:1|565:1:700	20027:2:1	10000	100	100	121	-1	-1	0	0	999	-1	-1	0	-1	1
26	20020:2:1|565:1:700	20028:2:1	10000	100	100	121	-1	-1	0	0	999	-1	-1	0	-1	1
27	20021:2:1|565:1:1400	20029:2:1	10000	100	100	121	-1	-1	0	0	999	-1	-1	0	-1	1
28	20022:2:1|565:1:700	20030:2:1	10000	100	100	121	-1	-1	0	0	999	-1	-1	0	-1	1
29	20023:2:1|565:1:700	20031:2:1	10000	100	100	121	-1	-1	0	0	999	-1	-1	0	-1	1
30	20024:2:1|565:1:700	20032:2:1	10000	100	100	121	-1	-1	0	0	999	-1	-1	0	-1	1
31	20025:2:1|565:1:2400	20033:2:1	10000	100	100	121	-1	-1	0	0	999	-1	-1	0	-1	1
32	20026:2:1|565:1:1200	20034:2:1	10000	100	100	121	-1	-1	0	0	999	-1	-1	0	-1	1
33	20027:2:1|565:1:1200	20035:2:1	10000	100	100	121	-1	-1	0	0	999	-1	-1	0	-1	1
34	20028:2:1|565:1:1200	20036:2:1	10000	100	100	121	-1	-1	0	0	999	-1	-1	0	-1	1
35	20029:2:1|565:1:2400	20037:2:1	10000	100	100	121	-1	-1	0	0	999	-1	-1	0	-1	1
36	20030:2:1|565:1:1200	20038:2:1	10000	100	100	121	-1	-1	0	0	999	-1	-1	0	-1	1
37	20031:2:1|565:1:1200	20039:2:1	10000	100	100	121	-1	-1	0	0	999	-1	-1	0	-1	1
38	20032:2:1|565:1:1200	20040:2:1	10000	100	100	121	-1	-1	0	0	999	-1	-1	0	-1	1
101	20081:2:2|565:1:200	20082:2:1	10000	100	100	121	-1	-1	0	0	999	-1	-1	0	-1	0
102	20082:2:2|565:1:400	20083:2:1	10000	100	100	121	-1	-1	0	0	999	-1	-1	0	-1	0
103	20083:2:2|565:1:800	20084:2:1	10000	100	100	121	-1	-1	0	0	999	-1	-1	0	-1	0
104	20084:2:2|565:1:1600	20085:2:1	10000	100	100	121	-1	-1	0	0	999	-1	-1	0	-1	0
201	30001:2:3	30013:2:1	10000	100	100	121	-1	-1	0	0	999	-1	-1	0	-1	0
202	30002:2:3	30014:2:1	10000	100	100	121	-1	-1	0	0	999	-1	-1	0	-1	0
203	30003:2:3	30015:2:1	10000	100	100	121	-1	-1	0	0	999	-1	-1	0	-1	0
204	30004:2:3	30016:2:1	10000	100	100	121	-1	-1	0	0	999	-1	-1	0	-1	0
205	30005:2:3	30017:2:1	10000	100	100	121	-1	-1	0	0	999	-1	-1	0	-1	0
206	30006:2:3	30018:2:1	10000	100	100	121	-1	-1	0	0	999	-1	-1	0	-1	0
207	30007:2:3	30019:2:1	10000	100	100	121	-1	-1	0	0	999	-1	-1	0	-1	0
208	30008:2:3	30020:2:1	10000	100	100	121	-1	-1	0	0	999	-1	-1	0	-1	0
209	30009:2:3	30021:2:1	10000	100	100	121	-1	-1	0	0	999	-1	-1	0	-1	0
210	30010:2:3	30022:2:1	10000	100	100	121	-1	-1	0	0	999	-1	-1	0	-1	0
211	30011:2:3	30023:2:1	10000	100	100	121	-1	-1	0	0	999	-1	-1	0	-1	0
212	30012:2:3	30024:2:1	10000	100	100	121	-1	-1	0	0	999	-1	-1	0	-1	0
213	30013:2:3|638:1:5	30025:2:1	10000	100	100	121	-1	-1	0	0	999	-1	-1	0	-1	1
214	30014:2:3|638:1:5	30026:2:1	10000	100	100	121	-1	-1	0	0	999	-1	-1	0	-1	1
215	30015:2:3|638:1:5	30027:2:1	10000	100	100	121	-1	-1	0	0	999	-1	-1	0	-1	1
216	30016:2:3|638:1:5	30028:2:1	10000	100	100	121	-1	-1	0	0	999	-1	-1	0	-1	1
217	30017:2:3|638:1:5	30029:2:1	10000	100	100	121	-1	-1	0	0	999	-1	-1	0	-1	1
218	30018:2:3|638:1:5	30030:2:1	10000	100	100	121	-1	-1	0	0	999	-1	-1	0	-1	1
219	30019:2:3|638:1:5	30031:2:1	10000	100	100	121	-1	-1	0	0	999	-1	-1	0	-1	1
220	30020:2:3|638:1:5	30032:2:1	10000	100	100	121	-1	-1	0	0	999	-1	-1	0	-1	1
221	30021:2:3|638:1:5	30033:2:1	10000	100	100	121	-1	-1	0	0	999	-1	-1	0	-1	1
222	30022:2:3|638:1:5	30034:2:1	10000	100	100	121	-1	-1	0	0	999	-1	-1	0	-1	1
223	30023:2:3|638:1:5	30035:2:1	10000	100	100	121	-1	-1	0	0	999	-1	-1	0	-1	1
224	30024:2:3|638:1:5	30036:2:1	10000	100	100	121	-1	-1	0	0	999	-1	-1	0	-1	1
225	30025:2:3|638:1:20	30037:2:1	10000	100	100	121	-1	-1	0	0	999	-1	-1	0	-1	1
226	30026:2:3|638:1:20	30038:2:1	10000	100	100	121	-1	-1	0	0	999	-1	-1	0	-1	1
227	30027:2:3|638:1:20	30039:2:1	10000	100	100	121	-1	-1	0	0	999	-1	-1	0	-1	1
228	30028:2:3|638:1:20	30040:2:1	10000	100	100	121	-1	-1	0	0	999	-1	-1	0	-1	1
229	30029:2:3|638:1:20	30041:2:1	10000	100	100	121	-1	-1	0	0	999	-1	-1	0	-1	1
230	30030:2:3|638:1:20	30042:2:1	10000	100	100	121	-1	-1	0	0	999	-1	-1	0	-1	1
231	30031:2:3|638:1:20	30043:2:1	10000	100	100	121	-1	-1	0	0	999	-1	-1	0	-1	1
232	30032:2:3|638:1:20	30044:2:1	10000	100	100	121	-1	-1	0	0	999	-1	-1	0	-1	1
233	30033:2:3|638:1:20	30045:2:1	10000	100	100	121	-1	-1	0	0	999	-1	-1	0	-1	1
234	30034:2:3|638:1:20	30046:2:1	10000	100	100	121	-1	-1	0	0	999	-1	-1	0	-1	1
235	30035:2:3|638:1:20	30047:2:1	10000	100	100	121	-1	-1	0	0	999	-1	-1	0	-1	1
236	30036:2:3|638:1:20	30048:2:1	10000	100	100	121	-1	-1	0	0	999	-1	-1	0	-1	1
237	30037:2:3|638:1:100	30049:2:1	10000	100	100	121	-1	-1	0	0	999	-1	-1	0	-1	1
238	30038:2:3|638:1:100	30050:2:1	10000	100	100	121	-1	-1	0	0	999	-1	-1	0	-1	1
239	30039:2:3|638:1:100	30051:2:1	10000	100	100	121	-1	-1	0	0	999	-1	-1	0	-1	1
240	30040:2:3|638:1:100	30052:2:1	10000	100	100	121	-1	-1	0	0	999	-1	-1	0	-1	1
241	30041:2:3|638:1:100	30053:2:1	10000	100	100	121	-1	-1	0	0	999	-1	-1	0	-1	1
242	30042:2:3|638:1:100	30054:2:1	10000	100	100	121	-1	-1	0	0	999	-1	-1	0	-1	1
243	30043:2:3|638:1:100	30055:2:1	10000	100	100	121	-1	-1	0	0	999	-1	-1	0	-1	1
244	30044:2:3|638:1:100	30056:2:1	10000	100	100	121	-1	-1	0	0	999	-1	-1	0	-1	1
245	30045:2:3|638:1:100	30057:2:1	10000	100	100	121	-1	-1	0	0	999	-1	-1	0	-1	1
246	30046:2:3|638:1:100	30058:2:1	10000	100	100	121	-1	-1	0	0	999	-1	-1	0	-1	1
247	30047:2:3|638:1:100	30059:2:1	10000	100	100	121	-1	-1	0	0	999	-1	-1	0	-1	1
248	30048:2:3|638:1:100	30060:2:1	10000	100	100	121	-1	-1	0	0	999	-1	-1	0	-1	1
301	569:1:3	568:1:1	10000	100	100	121	-1	-1	0	0	999	-1	-1	0	-1	0
302	571:1:3	570:1:1	10000	100	100	121	-1	-1	0	0	999	-1	-1	0	-1	0
303	700:1:2	701:1:1	10000	100	100	121	-1	-1	0	0	999	-1	-1	0	-1	1
304	701:1:2	702:1:1	10000	100	100	121	-1	-1	0	0	999	-1	-1	0	-1	1
305	647:1:16	301:1:1	10000	100	100	121	-1	-1	0	0	999	-1	-1	0	-1	1
306	647:1:67	302:1:1	10000	100	100	121	-1	-1	0	0	999	-1	-1	0	-1	1
307	647:1:369	303:1:1	10000	100	100	121	-1	-1	0	0	999	-1	-1	0	-1	1
308	647:1:1070	304:1:1	10000	100	100	121	-1	-1	0	0	999	-1	-1	0	-1	1
309	410:1:60	406:1:1	10000	100	100	121	-1	-1	0	0	1	-1	-1	0	-1	0
310	410:1:10	409:1:1	10000	100	100	121	-1	-1	0	0	1	-1	-1	0	-1	0
311	647:1:2140	305:1:1	10000	100	100	121	-1	-1	0	0	999	-1	-1	0	-1	1
401	50009:2:3	50060:2:1	10000	100	100	121	-1	-1	0	0	1	-1	-1	0	-1	0
402	50019:2:3	50063:2:1	10000	100	100	121	-1	-1	0	0	1	-1	-1	0	-1	0
403	50029:2:3	50066:2:1	10000	100	100	121	-1	-1	0	0	1	-1	-1	0	-1	0
404	50039:2:3	50069:2:1	10000	100	100	121	-1	-1	0	0	1	-1	-1	0	-1	0
405	50049:2:3	50072:2:1	10000	100	100	121	-1	-1	0	0	1	-1	-1	0	-1	0
406	50059:2:3	50075:2:1	10000	100	100	121	-1	-1	0	0	1	-1	-1	0	-1	0
407	50060:2:3	50061:2:1	10000	100	100	121	-1	-1	0	0	1	-1	-1	0	-1	0
408	50063:2:3	50064:2:1	10000	100	100	121	-1	-1	0	0	1	-1	-1	0	-1	0
409	50066:2:3	50067:2:1	10000	100	100	121	-1	-1	0	0	1	-1	-1	0	-1	0
410	50069:2:3	50070:2:1	10000	100	100	121	-1	-1	0	0	1	-1	-1	0	-1	0
411	50072:2:3	50073:2:1	10000	100	100	121	-1	-1	0	0	1	-1	-1	0	-1	0
412	50075:2:3	50076:2:1	10000	100	100	121	-1	-1	0	0	1	-1	-1	0	-1	0
413	50061:2:3	50062:2:1	10000	100	100	121	-1	-1	0	0	1	-1	-1	0	-1	0
414	50064:2:3	50065:2:1	10000	100	100	121	-1	-1	0	0	1	-1	-1	0	-1	0
415	50067:2:3	50068:2:1	10000	100	100	121	-1	-1	0	0	1	-1	-1	0	-1	0
416	50070:2:3	50071:2:1	10000	100	100	121	-1	-1	0	0	1	-1	-1	0	-1	0
417	50073:2:3	50074:2:1	10000	100	100	121	-1	-1	0	0	1	-1	-1	0	-1	0
418	50076:2:3	50077:2:1	10000	100	100	121	-1	-1	0	0	1	-1	-1	0	-1	0
419	50062:2:3	50078:2:1	10000	100	100	121	-1	-1	0	0	1	-1	-1	0	-1	0
420	50065:2:3	50079:2:1	10000	100	100	121	-1	-1	0	0	1	-1	-1	0	-1	0
421	50068:2:3	50080:2:1	10000	100	100	121	-1	-1	0	0	1	-1	-1	0	-1	0
422	50071:2:3	50081:2:1	10000	100	100	121	-1	-1	0	0	1	-1	-1	0	-1	0
423	50074:2:3	50082:2:1	10000	100	100	121	-1	-1	0	0	1	-1	-1	0	-1	0
424	50077:2:3	50083:2:1	10000	100	100	121	-1	-1	0	0	1	-1	-1	0	-1	0
501	8000:3:2	8001:3:1	30000	100	100	-1	-1	-1	0	0	99	-1	-1	0	-1	0
502	8001:3:2	8002:3:1	30000	100	100	-1	-1	-1	0	0	99	-1	-1	0	-1	0
503	8002:3:2	8003:3:1	30000	100	100	-1	-1	-1	0	0	99	-1	-1	0	-1	0
504	8003:3:2	8004:3:1	50000	100	100	-1	-1	-1	0	0	99	-1	-1	0	-1	0
505	8004:3:2	8005:3:1	50000	100	100	-1	-1	-1	0	0	99	-1	-1	0	-1	0
506	8005:3:2	8006:3:1	50000	100	100	121	-1	-1	0	0	99	-1	-1	0	-1	0
507	8006:3:2|720:1:2	8007:3:1	50000	100	100	121	-1	-1	0	0	99	-1	-1	0	-1	0
508	8007:3:2|720:1:4	8008:3:1	50000	100	100	121	-1	-1	0	0	99	-1	-1	0	-1	0
509	8008:3:2|720:1:6	8009:3:1	50000	100	100	121	-1	-1	0	0	99	-1	-1	0	-1	0
510	8009:3:2|720:1:10	8010:3:1	100000	100	100	121	-1	-1	0	0	99	-1	-1	0	-1	0
511	8010:3:2|720:1:15	8011:3:1	100000	100	100	121	-1	-1	0	0	99	-1	-1	0	-1	0
512	8011:3:2|720:1:20	8012:3:1	100000	100	100	121	-1	-1	0	0	99	-1	-1	0	-1	0
513	8012:3:2|720:1:25	8013:3:1	100000	100	100	121	-1	-1	0	0	99	-1	-1	0	-1	0
514	8013:3:2|720:1:30	8014:3:1	100000	100	100	121	-1	-1	0	0	99	-1	-1	0	-1	0
521	8100:3:2	8101:3:1	30000	100	100	-1	-1	-1	0	0	99	-1	-1	0	-1	0
522	8101:3:2	8102:3:1	30000	100	100	-1	-1	-1	0	0	99	-1	-1	0	-1	0
523	8102:3:2	8103:3:1	30000	100	100	-1	-1	-1	0	0	99	-1	-1	0	-1	0
524	8103:3:2	8104:3:1	50000	100	100	-1	-1	-1	0	0	99	-1	-1	0	-1	0
525	8104:3:2	8105:3:1	50000	100	100	-1	-1	-1	0	0	99	-1	-1	0	-1	0
526	8105:3:2	8106:3:1	50000	100	100	121	-1	-1	0	0	99	-1	-1	0	-1	0
527	8106:3:2|720:1:2	8107:3:1	50000	100	100	121	-1	-1	0	0	99	-1	-1	0	-1	0
528	8107:3:2|720:1:4	8108:3:1	50000	100	100	121	-1	-1	0	0	99	-1	-1	0	-1	0
529	8108:3:2|720:1:6	8109:3:1	50000	100	100	121	-1	-1	0	0	99	-1	-1	0	-1	0
530	8109:3:2|720:1:10	8110:3:1	100000	100	100	121	-1	-1	0	0	99	-1	-1	0	-1	0
531	8110:3:2|720:1:15	8111:3:1	100000	100	100	121	-1	-1	0	0	99	-1	-1	0	-1	0
532	8111:3:2|720:1:20	8112:3:1	100000	100	100	121	-1	-1	0	0	99	-1	-1	0	-1	0
533	8112:3:2|720:1:25	8113:3:1	100000	100	100	121	-1	-1	0	0	99	-1	-1	0	-1	0
534	8113:3:2|720:1:30	8114:3:1	100000	100	100	121	-1	-1	0	0	99	-1	-1	0	-1	0
541	8200:3:2	8201:3:1	30000	100	100	-1	-1	-1	0	0	99	-1	-1	0	-1	0
542	8201:3:2	8202:3:1	30000	100	100	-1	-1	-1	0	0	99	-1	-1	0	-1	0
543	8202:3:2	8203:3:1	30000	100	100	-1	-1	-1	0	0	99	-1	-1	0	-1	0
544	8203:3:2	8204:3:1	50000	100	100	-1	-1	-1	0	0	99	-1	-1	0	-1	0
545	8204:3:2	8205:3:1	50000	100	100	-1	-1	-1	0	0	99	-1	-1	0	-1	0
546	8205:3:2	8206:3:1	50000	100	100	121	-1	-1	0	0	99	-1	-1	0	-1	0
547	8206:3:2|720:1:2	8207:3:1	50000	100	100	121	-1	-1	0	0	99	-1	-1	0	-1	0
548	8207:3:2|720:1:4	8208:3:1	50000	100	100	121	-1	-1	0	0	99	-1	-1	0	-1	0
549	8208:3:2|720:1:6	8209:3:1	50000	100	100	121	-1	-1	0	0	99	-1	-1	0	-1	0
550	8209:3:2|720:1:10	8210:3:1	100000	100	100	121	-1	-1	0	0	99	-1	-1	0	-1	0
551	8210:3:2|720:1:15	8211:3:1	100000	100	100	121	-1	-1	0	0	99	-1	-1	0	-1	0
552	8211:3:2|720:1:20	8212:3:1	100000	100	100	121	-1	-1	0	0	99	-1	-1	0	-1	0
553	8212:3:2|720:1:25	8213:3:1	100000	100	100	121	-1	-1	0	0	99	-1	-1	0	-1	0
554	8213:3:2|720:1:30	8214:3:1	100000	100	100	121	-1	-1	0	0	99	-1	-1	0	-1	0
561	8300:3:2	8301:3:1	30000	100	100	-1	-1	-1	0	0	99	-1	-1	0	-1	0
562	8301:3:2	8302:3:1	30000	100	100	-1	-1	-1	0	0	99	-1	-1	0	-1	0
563	8302:3:2	8303:3:1	30000	100	100	-1	-1	-1	0	0	99	-1	-1	0	-1	0
564	8303:3:2	8304:3:1	50000	100	100	-1	-1	-1	0	0	99	-1	-1	0	-1	0
565	8304:3:2	8305:3:1	50000	100	100	-1	-1	-1	0	0	99	-1	-1	0	-1	0
566	8305:3:2	8306:3:1	50000	100	100	121	-1	-1	0	0	99	-1	-1	0	-1	0
567	8306:3:2|720:1:2	8307:3:1	50000	100	100	121	-1	-1	0	0	99	-1	-1	0	-1	0
568	8307:3:2|720:1:4	8308:3:1	50000	100	100	121	-1	-1	0	0	99	-1	-1	0	-1	0
569	8308:3:2|720:1:6	8309:3:1	50000	100	100	121	-1	-1	0	0	99	-1	-1	0	-1	0
570	8309:3:2|720:1:10	8310:3:1	100000	100	100	121	-1	-1	0	0	99	-1	-1	0	-1	0
571	8310:3:2|720:1:15	8311:3:1	100000	100	100	121	-1	-1	0	0	99	-1	-1	0	-1	0
572	8311:3:2|720:1:20	8312:3:1	100000	100	100	121	-1	-1	0	0	99	-1	-1	0	-1	0
573	8312:3:2|720:1:25	8313:3:1	100000	100	100	121	-1	-1	0	0	99	-1	-1	0	-1	0
574	8313:3:2|720:1:30	8314:3:1	100000	100	100	121	-1	-1	0	0	99	-1	-1	0	-1	0
601	40010:2:3	40016:2:1	300000	100	100	121	-1	-1	0	0	99	-1	-1	0	-1	0
602	40011:2:3	40017:2:1	300000	100	100	121	-1	-1	0	0	99	-1	-1	0	-1	0
603	40012:2:3	40018:2:1	300000	100	100	121	-1	-1	0	0	99	-1	-1	0	-1	0
604	40013:2:3	40019:2:1	300000	100	100	121	-1	-1	0	0	99	-1	-1	0	-1	0
605	40014:2:3	40020:2:1	300000	100	100	121	-1	-1	0	0	99	-1	-1	0	-1	0
606	40015:2:3	40021:2:1	300000	100	100	121	-1	-1	0	0	99	-1	-1	0	-1	0
607	40016:2:3|759:1:5	40022:2:1	600000	100	100	121	-1	-1	0	0	99	-1	-1	0	-1	0
608	40017:2:3|759:1:5	40023:2:1	600000	100	100	121	-1	-1	0	0	99	-1	-1	0	-1	0
609	40018:2:3|759:1:5	40024:2:1	600000	100	100	121	-1	-1	0	0	99	-1	-1	0	-1	0
610	40019:2:3|759:1:5	40025:2:1	600000	100	100	121	-1	-1	0	0	99	-1	-1	0	-1	0
611	40020:2:3|759:1:5	40026:2:1	600000	100	100	121	-1	-1	0	0	99	-1	-1	0	-1	0
612	40021:2:3|759:1:5	40027:2:1	600000	100	100	121	-1	-1	0	0	99	-1	-1	0	-1	0
613	40022:2:3|759:1:20	40028:2:1	1200000	100	100	121	-1	-1	0	0	99	-1	-1	0	-1	0
614	40023:2:3|759:1:20	40029:2:1	1200000	100	100	121	-1	-1	0	0	99	-1	-1	0	-1	0
615	40024:2:3|759:1:20	40030:2:1	1200000	100	100	121	-1	-1	0	0	99	-1	-1	0	-1	0
616	40025:2:3|759:1:20	40031:2:1	1200000	100	100	121	-1	-1	0	0	99	-1	-1	0	-1	0
617	40026:2:3|759:1:20	40032:2:1	1200000	100	100	121	-1	-1	0	0	99	-1	-1	0	-1	0
618	40027:2:3|759:1:20	40033:2:1	1200000	100	100	121	-1	-1	0	0	99	-1	-1	0	-1	0
619	40028:2:3|759:1:100	40034:2:1	2400000	100	100	121	-1	-1	0	0	99	-1	-1	0	-1	0
620	40029:2:3|759:1:100	40035:2:1	2400000	100	100	121	-1	-1	0	0	99	-1	-1	0	-1	0
621	40030:2:3|759:1:100	40036:2:1	2400000	100	100	121	-1	-1	0	0	99	-1	-1	0	-1	0
622	40031:2:3|759:1:100	40037:2:1	2400000	100	100	121	-1	-1	0	0	99	-1	-1	0	-1	0
623	40032:2:3|759:1:100	40038:2:1	2400000	100	100	121	-1	-1	0	0	99	-1	-1	0	-1	0
624	40033:2:3|759:1:100	40039:2:1	2400000	100	100	121	-1	-1	0	0	99	-1	-1	0	-1	0
625	40034:2:3|759:1:200	40040:2:1	4800000	100	100	121	-1	-1	0	0	99	-1	-1	0	-1	0
626	40035:2:3|759:1:200	40041:2:1	4800000	100	100	121	-1	-1	0	0	99	-1	-1	0	-1	0
627	40036:2:3|759:1:200	40042:2:1	4800000	100	100	121	-1	-1	0	0	99	-1	-1	0	-1	0
628	40037:2:3|759:1:200	40043:2:1	4800000	100	100	121	-1	-1	0	0	99	-1	-1	0	-1	0
629	40038:2:3|759:1:200	40044:2:1	4800000	100	100	121	-1	-1	0	0	99	-1	-1	0	-1	0
630	40039:2:3|759:1:200	40045:2:1	4800000	100	100	121	-1	-1	0	0	99	-1	-1	0	-1	0
701	784:1:3	785:1:1	100000	100	100	121	-1	-1	0	0	99	-1	-1	0	-1	0
801	52010:2:3	52011:2:1	10000	100	100	121	-1	-1	0	0	99	-1	-1	0	-1	0
802	52110:2:3	52111:2:1	10000	100	100	121	-1	-1	0	0	99	-1	-1	0	-1	0
803	52210:2:3	52211:2:1	10000	100	100	121	-1	-1	0	0	99	-1	-1	0	-1	0
804	52310:2:3	52311:2:1	10000	100	100	121	-1	-1	0	0	99	-1	-1	0	-1	0
805	52410:2:3	52411:2:1	10000	100	100	121	-1	-1	0	0	99	-1	-1	0	-1	0
806	52510:2:3	52511:2:1	10000	100	100	121	-1	-1	0	0	99	-1	-1	0	-1	0
807	52610:2:3	52611:2:1	10000	100	100	121	-1	-1	0	0	99	-1	-1	0	-1	0
808	52710:2:3	52711:2:1	10000	100	100	121	-1	-1	0	0	99	-1	-1	0	-1	0
809	52810:2:3	52811:2:1	10000	100	100	121	-1	-1	0	0	99	-1	-1	0	-1	0
810	52011:2:3	52012:2:1	10000	100	100	121	-1	-1	0	0	99	-1	-1	0	-1	0
811	52111:2:3	52112:2:1	10000	100	100	121	-1	-1	0	0	99	-1	-1	0	-1	0
812	52211:2:3	52212:2:1	10000	100	100	121	-1	-1	0	0	99	-1	-1	0	-1	0
813	52311:2:3	52312:2:1	10000	100	100	121	-1	-1	0	0	99	-1	-1	0	-1	0
814	52411:2:3	52412:2:1	10000	100	100	121	-1	-1	0	0	99	-1	-1	0	-1	0
815	52511:2:3	52512:2:1	10000	100	100	121	-1	-1	0	0	99	-1	-1	0	-1	0
816	52611:2:3	52612:2:1	10000	100	100	121	-1	-1	0	0	99	-1	-1	0	-1	0
817	52711:2:3	52712:2:1	10000	100	100	121	-1	-1	0	0	99	-1	-1	0	-1	0
818	52811:2:3	52812:2:1	10000	100	100	121	-1	-1	0	0	99	-1	-1	0	-1	0
900	52012:2:3	52013:2:1	10000	100	100	121	-1	-1	0	0	99	-1	-1	0	-1	0
901	52112:2:3	52113:2:1	10000	100	100	121	-1	-1	0	0	99	-1	-1	0	-1	0
902	52212:2:3	52213:2:1	10000	100	100	121	-1	-1	0	0	99	-1	-1	0	-1	0
903	52312:2:3	52313:2:1	10000	100	100	121	-1	-1	0	0	99	-1	-1	0	-1	0
904	52412:2:3	52413:2:1	10000	100	100	121	-1	-1	0	0	99	-1	-1	0	-1	0
905	52512:2:3	52513:2:1	10000	100	100	121	-1	-1	0	0	99	-1	-1	0	-1	0
906	52612:2:3	52613:2:1	10000	100	100	121	-1	-1	0	0	99	-1	-1	0	-1	0
907	52712:2:3	52713:2:1	10000	100	100	121	-1	-1	0	0	99	-1	-1	0	-1	0
908	52812:2:3	52813:2:1	10000	100	100	121	-1	-1	0	0	99	-1	-1	0	-1	0
819	964:1:30	64011:2:1	100000	100	100	121	-1	-1	0	0	999	-1	-1	0	-1	0
820	964:1:30	64012:2:1	100000	100	100	121	-1	-1	0	0	999	-1	-1	0	-1	0
821	964:1:30	64013:2:1	100000	100	100	121	-1	-1	0	0	999	-1	-1	0	-1	0
822	964:1:30	64014:2:1	100000	100	100	121	-1	-1	0	0	999	-1	-1	0	-1	0
823	964:1:30	64015:2:1	100000	100	100	121	-1	-1	0	0	999	-1	-1	0	-1	0
824	964:1:30	64016:2:1	100000	100	100	121	-1	-1	0	0	999	-1	-1	0	-1	0
825	64011:2:3	64021:2:1	300000	100	100	121	-1	-1	0	0	999	-1	-1	0	-1	0
826	64012:2:3	64022:2:1	300000	100	100	121	-1	-1	0	0	999	-1	-1	0	-1	0
827	64013:2:3	64023:2:1	300000	100	100	121	-1	-1	0	0	999	-1	-1	0	-1	0
828	64014:2:3	64024:2:1	300000	100	100	121	-1	-1	0	0	999	-1	-1	0	-1	0
829	64015:2:3	64025:2:1	300000	100	100	121	-1	-1	0	0	999	-1	-1	0	-1	0
830	64016:2:3	64026:2:1	300000	100	100	121	-1	-1	0	0	999	-1	-1	0	-1	0
831	64021:2:3	64031:2:1	600000	100	100	121	-1	-1	0	0	999	-1	-1	0	-1	0
832	64022:2:3	64032:2:1	600000	100	100	121	-1	-1	0	0	999	-1	-1	0	-1	0
833	64023:2:3	64033:2:1	600000	100	100	121	-1	-1	0	0	999	-1	-1	0	-1	0
834	64024:2:3	64034:2:1	600000	100	100	121	-1	-1	0	0	999	-1	-1	0	-1	0
835	64025:2:3	64035:2:1	600000	100	100	121	-1	-1	0	0	999	-1	-1	0	-1	0
836	64026:2:3	64036:2:1	600000	100	100	121	-1	-1	0	0	999	-1	-1	0	-1	0
837	64031:2:3	64041:2:1	1200000	100	100	121	-1	-1	0	0	999	-1	-1	0	-1	0
838	64032:2:3	64042:2:1	1200000	100	100	121	-1	-1	0	0	999	-1	-1	0	-1	0
839	64033:2:3	64043:2:1	1200000	100	100	121	-1	-1	0	0	999	-1	-1	0	-1	0
840	64034:2:3	64044:2:1	1200000	100	100	121	-1	-1	0	0	999	-1	-1	0	-1	0
841	64035:2:3	64045:2:1	1200000	100	100	121	-1	-1	0	0	999	-1	-1	0	-1	0
842	64036:2:3	64046:2:1	1200000	100	100	121	-1	-1	0	0	999	-1	-1	0	-1	0
843	64041:2:3	64051:2:1	2400000	100	100	121	-1	-1	0	0	999	-1	-1	0	-1	0
844	64042:2:3	64052:2:1	2400000	100	100	121	-1	-1	0	0	999	-1	-1	0	-1	0
845	64043:2:3	64053:2:1	2400000	100	100	121	-1	-1	0	0	999	-1	-1	0	-1	0
846	64044:2:3	64054:2:1	2400000	100	100	121	-1	-1	0	0	999	-1	-1	0	-1	0
847	64045:2:3	64055:2:1	2400000	100	100	121	-1	-1	0	0	999	-1	-1	0	-1	0
848	64046:2:3	64056:2:1	2400000	100	100	121	-1	-1	0	0	999	-1	-1	0	-1	0
1001	53001:2:3	54001:2:1	10000	100	100	121	-1	-1	0	0	99	-1	-1	0	-1	0
1002	53002:2:3	54002:2:1	10000	100	100	121	-1	-1	0	0	99	-1	-1	0	-1	0
1003	53003:2:3	54003:2:1	10000	100	100	121	-1	-1	0	0	99	-1	-1	0	-1	0
1004	53004:2:3	54004:2:1	10000	100	100	121	-1	-1	0	0	99	-1	-1	0	-1	0
1005	53005:2:3	54005:2:1	10000	100	100	121	-1	-1	0	0	99	-1	-1	0	-1	0
1006	53006:2:3	54006:2:1	10000	100	100	121	-1	-1	0	0	99	-1	-1	0	-1	0
1011	54001:2:3|798:1:5	55001:2:1	10000	100	100	121	-1	-1	0	0	99	-1	-1	0	-1	0
1012	54002:2:3|798:1:5	55002:2:1	10000	100	100	121	-1	-1	0	0	99	-1	-1	0	-1	0
1013	54003:2:3|798:1:5	55003:2:1	10000	100	100	121	-1	-1	0	0	99	-1	-1	0	-1	0
1014	54004:2:3|798:1:5	55004:2:1	10000	100	100	121	-1	-1	0	0	99	-1	-1	0	-1	0
1015	54005:2:3|798:1:5	55005:2:1	10000	100	100	121	-1	-1	0	0	99	-1	-1	0	-1	0
1016	54006:2:3|798:1:5	55006:2:1	10000	100	100	121	-1	-1	0	0	99	-1	-1	0	-1	0
1021	55001:2:3|798:1:20	56001:2:1	10000	100	100	121	-1	-1	0	0	99	-1	-1	0	-1	0
1022	55002:2:3|798:1:20	56002:2:1	10000	100	100	121	-1	-1	0	0	99	-1	-1	0	-1	0
1023	55003:2:3|798:1:20	56003:2:1	10000	100	100	121	-1	-1	0	0	99	-1	-1	0	-1	0
1024	55004:2:3|798:1:20	56004:2:1	10000	100	100	121	-1	-1	0	0	99	-1	-1	0	-1	0
1025	55005:2:3|798:1:20	56005:2:1	10000	100	100	121	-1	-1	0	0	99	-1	-1	0	-1	0
1026	55006:2:3|798:1:20	56006:2:1	10000	100	100	121	-1	-1	0	0	99	-1	-1	0	-1	0
1031	56001:2:3|798:1:100	57001:2:1	10000	100	100	121	-1	-1	0	0	99	-1	-1	0	-1	0
1032	56002:2:3|798:1:100	57002:2:1	10000	100	100	121	-1	-1	0	0	99	-1	-1	0	-1	0
1033	56003:2:3|798:1:100	57003:2:1	10000	100	100	121	-1	-1	0	0	99	-1	-1	0	-1	0
1034	56004:2:3|798:1:100	57004:2:1	10000	100	100	121	-1	-1	0	0	99	-1	-1	0	-1	0
1035	56005:2:3|798:1:100	57005:2:1	10000	100	100	121	-1	-1	0	0	99	-1	-1	0	-1	0
1036	56006:2:3|798:1:100	57006:2:1	10000	100	100	121	-1	-1	0	0	99	-1	-1	0	-1	0
1041	57001:2:3|798:1:200	58001:2:1	10000	100	100	121	-1	-1	0	0	99	-1	-1	0	-1	0
1042	57002:2:3|798:1:200	58002:2:1	10000	100	100	121	-1	-1	0	0	99	-1	-1	0	-1	0
1043	57003:2:3|798:1:200	58003:2:1	10000	100	100	121	-1	-1	0	0	99	-1	-1	0	-1	0
1044	57004:2:3|798:1:200	58004:2:1	10000	100	100	121	-1	-1	0	0	99	-1	-1	0	-1	0
1045	57005:2:3|798:1:200	58005:2:1	10000	100	100	121	-1	-1	0	0	99	-1	-1	0	-1	0
1046	57006:2:3|798:1:200	58006:2:1	10000	100	100	121	-1	-1	0	0	99	-1	-1	0	-1	0
5001	10231:2:2	11231:2:1	0	100	100	121	-1	-1	0	0	1	-1	-1	3	-1	0
5002	10236:2:2	11236:2:1	0	100	100	121	-1	-1	0	0	1	-1	-1	3	-1	0
5003	10241:2:2	11241:2:1	0	100	100	121	-1	-1	0	0	1	-1	-1	3	-1	0
5004	10246:2:2	11246:2:1	0	100	100	121	-1	-1	0	0	1	-1	-1	3	-1	0
5005	10322:2:2	11322:2:1	0	100	100	121	-1	-1	0	0	1	-1	-1	3	-1	0
5006	10323:2:2	11323:2:1	0	100	100	121	-1	-1	0	0	1	-1	-1	3	-1	0
5007	10324:2:2	11324:2:1	0	100	100	121	-1	-1	0	0	1	-1	-1	3	-1	0
5008	10325:2:2	11325:2:1	0	100	100	121	-1	-1	0	0	1	-1	-1	3	-1	0
5009	10327:2:2	11327:2:1	0	100	100	121	-1	-1	0	0	1	-1	-1	3	-1	0
5010	10328:2:2	11328:2:1	0	100	100	121	-1	-1	0	0	1	-1	-1	3	-1	0
5011	10329:2:2	11329:2:1	0	100	100	121	-1	-1	0	0	1	-1	-1	3	-1	0
5012	10330:2:2	11330:2:1	0	100	100	121	-1	-1	0	0	1	-1	-1	3	-1	0
5013	10332:2:2	11332:2:1	0	100	100	121	-1	-1	0	0	1	-1	-1	3	-1	0
5014	10333:2:2	11333:2:1	0	100	100	121	-1	-1	0	0	1	-1	-1	3	-1	0
5015	10334:2:2	11334:2:1	0	100	100	121	-1	-1	0	0	1	-1	-1	3	-1	0
5016	10335:2:2	11335:2:1	0	100	100	121	-1	-1	0	0	1	-1	-1	3	-1	0
5017	10337:2:2	11337:2:1	0	100	100	121	-1	-1	0	0	1	-1	-1	3	-1	0
5018	10338:2:2	11338:2:1	0	100	100	121	-1	-1	0	0	1	-1	-1	3	-1	0
5019	10339:2:2	11339:2:1	0	100	100	121	-1	-1	0	0	1	-1	-1	3	-1	0
5020	10340:2:2	11340:2:1	0	100	100	121	-1	-1	0	0	1	-1	-1	3	-1	0
5021	11231:2:2	12231:2:1	0	100	100	121	-1	-1	0	0	1	-1	-1	3	-1	0
5022	11236:2:2	12236:2:1	0	100	100	121	-1	-1	0	0	1	-1	-1	3	-1	0
5023	11241:2:2	12241:2:1	0	100	100	121	-1	-1	0	0	1	-1	-1	3	-1	0
5024	11246:2:2	12246:2:1	0	100	100	121	-1	-1	0	0	1	-1	-1	3	-1	0
5025	11322:2:2	12322:2:1	0	100	100	121	-1	-1	0	0	1	-1	-1	3	-1	0
5026	11323:2:2	12323:2:1	0	100	100	121	-1	-1	0	0	1	-1	-1	3	-1	0
5027	11324:2:2	12324:2:1	0	100	100	121	-1	-1	0	0	1	-1	-1	3	-1	0
5028	11325:2:2	12325:2:1	0	100	100	121	-1	-1	0	0	1	-1	-1	3	-1	0
5029	11327:2:2	12327:2:1	0	100	100	121	-1	-1	0	0	1	-1	-1	3	-1	0
5030	11328:2:2	12328:2:1	0	100	100	121	-1	-1	0	0	1	-1	-1	3	-1	0
5031	11329:2:2	12329:2:1	0	100	100	121	-1	-1	0	0	1	-1	-1	3	-1	0
5032	11330:2:2	12330:2:1	0	100	100	121	-1	-1	0	0	1	-1	-1	3	-1	0
5033	11332:2:2	12332:2:1	0	100	100	121	-1	-1	0	0	1	-1	-1	3	-1	0
5034	11333:2:2	12333:2:1	0	100	100	121	-1	-1	0	0	1	-1	-1	3	-1	0
5035	11334:2:2	12334:2:1	0	100	100	121	-1	-1	0	0	1	-1	-1	3	-1	0
5036	11335:2:2	12335:2:1	0	100	100	121	-1	-1	0	0	1	-1	-1	3	-1	0
5037	11337:2:2	12337:2:1	0	100	100	121	-1	-1	0	0	1	-1	-1	3	-1	0
5038	11338:2:2	12338:2:1	0	100	100	121	-1	-1	0	0	1	-1	-1	3	-1	0
5039	11339:2:2	12339:2:1	0	100	100	121	-1	-1	0	0	1	-1	-1	3	-1	0
5040	11340:2:2	12340:2:1	0	100	100	121	-1	-1	0	0	1	-1	-1	3	-1	0
5041	10251:2:2	11251:2:1	0	100	100	121	-1	-1	0	0	1	-1	-1	3	-1	0
5042	10256:2:2	11256:2:1	0	100	100	121	-1	-1	0	0	1	-1	-1	3	-1	0
5043	10261:2:2	11261:2:1	0	100	100	121	-1	-1	0	0	1	-1	-1	3	-1	0
5044	10266:2:2	11266:2:1	0	100	100	121	-1	-1	0	0	1	-1	-1	3	-1	0
5045	10271:2:2	11271:2:1	0	100	100	121	-1	-1	0	0	1	-1	-1	3	-1	0
5046	10276:2:2	11276:2:1	0	100	100	121	-1	-1	0	0	1	-1	-1	3	-1	0
5047	10342:2:2	11342:2:1	0	100	100	121	-1	-1	0	0	1	-1	-1	3	-1	0
5048	10343:2:2	11343:2:1	0	100	100	121	-1	-1	0	0	1	-1	-1	3	-1	0
5049	10344:2:2	11344:2:1	0	100	100	121	-1	-1	0	0	1	-1	-1	3	-1	0
5050	10345:2:2	11345:2:1	0	100	100	121	-1	-1	0	0	1	-1	-1	3	-1	0
5051	10347:2:2	11347:2:1	0	100	100	121	-1	-1	0	0	1	-1	-1	3	-1	0
5052	10348:2:2	11348:2:1	0	100	100	121	-1	-1	0	0	1	-1	-1	3	-1	0
5053	10349:2:2	11349:2:1	0	100	100	121	-1	-1	0	0	1	-1	-1	3	-1	0
5054	10350:2:2	11350:2:1	0	100	100	121	-1	-1	0	0	1	-1	-1	3	-1	0
5055	10352:2:2	11352:2:1	0	100	100	121	-1	-1	0	0	1	-1	-1	3	-1	0
5056	10353:2:2	11353:2:1	0	100	100	121	-1	-1	0	0	1	-1	-1	3	-1	0
5057	10354:2:2	11354:2:1	0	100	100	121	-1	-1	0	0	1	-1	-1	3	-1	0
5058	10355:2:2	11355:2:1	0	100	100	121	-1	-1	0	0	1	-1	-1	3	-1	0
5059	10357:2:2	11357:2:1	0	100	100	121	-1	-1	0	0	1	-1	-1	3	-1	0
5060	10358:2:2	11358:2:1	0	100	100	121	-1	-1	0	0	1	-1	-1	3	-1	0
5061	10359:2:2	11359:2:1	0	100	100	121	-1	-1	0	0	1	-1	-1	3	-1	0
5062	10360:2:2	11360:2:1	0	100	100	121	-1	-1	0	0	1	-1	-1	3	-1	0
5063	11251:2:2	12251:2:1	0	100	100	121	-1	-1	0	0	1	-1	-1	3	-1	0
5064	11256:2:2	12256:2:1	0	100	100	121	-1	-1	0	0	1	-1	-1	3	-1	0
5065	11261:2:2	12261:2:1	0	100	100	121	-1	-1	0	0	1	-1	-1	3	-1	0
5066	11266:2:2	12266:2:1	0	100	100	121	-1	-1	0	0	1	-1	-1	3	-1	0
5067	11271:2:2	12271:2:1	0	100	100	121	-1	-1	0	0	1	-1	-1	3	-1	0
5068	11276:2:2	12276:2:1	0	100	100	121	-1	-1	0	0	1	-1	-1	3	-1	0
5069	11342:2:2	12342:2:1	0	100	100	121	-1	-1	0	0	1	-1	-1	3	-1	0
5070	11343:2:2	12343:2:1	0	100	100	121	-1	-1	0	0	1	-1	-1	3	-1	0
5071	11344:2:2	12344:2:1	0	100	100	121	-1	-1	0	0	1	-1	-1	3	-1	0
5072	11345:2:2	12345:2:1	0	100	100	121	-1	-1	0	0	1	-1	-1	3	-1	0
5073	11347:2:2	12347:2:1	0	100	100	121	-1	-1	0	0	1	-1	-1	3	-1	0
5074	11348:2:2	12348:2:1	0	100	100	121	-1	-1	0	0	1	-1	-1	3	-1	0
5075	11349:2:2	12349:2:1	0	100	100	121	-1	-1	0	0	1	-1	-1	3	-1	0
5076	11350:2:2	12350:2:1	0	100	100	121	-1	-1	0	0	1	-1	-1	3	-1	0
5077	11352:2:2	12352:2:1	0	100	100	121	-1	-1	0	0	1	-1	-1	3	-1	0
5078	11353:2:2	12353:2:1	0	100	100	121	-1	-1	0	0	1	-1	-1	3	-1	0
5079	11354:2:2	12354:2:1	0	100	100	121	-1	-1	0	0	1	-1	-1	3	-1	0
5080	11355:2:2	12355:2:1	0	100	100	121	-1	-1	0	0	1	-1	-1	3	-1	0
5081	11357:2:2	12357:2:1	0	100	100	121	-1	-1	0	0	1	-1	-1	3	-1	0
5082	11358:2:2	12358:2:1	0	100	100	121	-1	-1	0	0	1	-1	-1	3	-1	0
5083	11359:2:2	12359:2:1	0	100	100	121	-1	-1	0	0	1	-1	-1	3	-1	0
5084	11360:2:2	12360:2:1	0	100	100	121	-1	-1	0	0	1	-1	-1	3	-1	0
5085	10281:2:2	11281:2:1	0	100	100	121	-1	-1	0	0	1	-1	-1	3	-1	0
5086	10286:2:2	11286:2:1	0	100	100	121	-1	-1	0	0	1	-1	-1	3	-1	0
5087	10291:2:2	11291:2:1	0	100	100	121	-1	-1	0	0	1	-1	-1	3	-1	0
5088	10296:2:2	11296:2:1	0	100	100	121	-1	-1	0	0	1	-1	-1	3	-1	0
5089	10301:2:2	11301:2:1	0	100	100	121	-1	-1	0	0	1	-1	-1	3	-1	0
5090	10306:2:2	11306:2:1	0	100	100	121	-1	-1	0	0	1	-1	-1	3	-1	0
5091	10362:2:2	11362:2:1	0	100	100	121	-1	-1	0	0	1	-1	-1	3	-1	0
5092	10363:2:2	11363:2:1	0	100	100	121	-1	-1	0	0	1	-1	-1	3	-1	0
5093	10364:2:2	11364:2:1	0	100	100	121	-1	-1	0	0	1	-1	-1	3	-1	0
5094	10365:2:2	11365:2:1	0	100	100	121	-1	-1	0	0	1	-1	-1	3	-1	0
5095	10367:2:2	11367:2:1	0	100	100	121	-1	-1	0	0	1	-1	-1	3	-1	0
5096	10368:2:2	11368:2:1	0	100	100	121	-1	-1	0	0	1	-1	-1	3	-1	0
5097	10369:2:2	11369:2:1	0	100	100	121	-1	-1	0	0	1	-1	-1	3	-1	0
5098	10370:2:2	11370:2:1	0	100	100	121	-1	-1	0	0	1	-1	-1	3	-1	0
5099	10372:2:2	11372:2:1	0	100	100	121	-1	-1	0	0	1	-1	-1	3	-1	0
5100	10373:2:2	11373:2:1	0	100	100	121	-1	-1	0	0	1	-1	-1	3	-1	0
5101	10374:2:2	11374:2:1	0	100	100	121	-1	-1	0	0	1	-1	-1	3	-1	0
5102	10375:2:2	11375:2:1	0	100	100	121	-1	-1	0	0	1	-1	-1	3	-1	0
5103	10377:2:2	11377:2:1	0	100	100	121	-1	-1	0	0	1	-1	-1	3	-1	0
5104	10378:2:2	11378:2:1	0	100	100	121	-1	-1	0	0	1	-1	-1	3	-1	0
5105	10379:2:2	11379:2:1	0	100	100	121	-1	-1	0	0	1	-1	-1	3	-1	0
5106	10380:2:2	11380:2:1	0	100	100	121	-1	-1	0	0	1	-1	-1	3	-1	0
5107	11281:2:2	12281:2:1	0	100	100	121	-1	-1	0	0	1	-1	-1	3	-1	0
5108	11286:2:2	12286:2:1	0	100	100	121	-1	-1	0	0	1	-1	-1	3	-1	0
5109	11291:2:2	12291:2:1	0	100	100	121	-1	-1	0	0	1	-1	-1	3	-1	0
5110	11296:2:2	12296:2:1	0	100	100	121	-1	-1	0	0	1	-1	-1	3	-1	0
5111	11301:2:2	12301:2:1	0	100	100	121	-1	-1	0	0	1	-1	-1	3	-1	0
5112	11306:2:2	12306:2:1	0	100	100	121	-1	-1	0	0	1	-1	-1	3	-1	0
5113	11362:2:2	12362:2:1	0	100	100	121	-1	-1	0	0	1	-1	-1	3	-1	0
5114	11363:2:2	12363:2:1	0	100	100	121	-1	-1	0	0	1	-1	-1	3	-1	0
5115	11364:2:2	12364:2:1	0	100	100	121	-1	-1	0	0	1	-1	-1	3	-1	0
5116	11365:2:2	12365:2:1	0	100	100	121	-1	-1	0	0	1	-1	-1	3	-1	0
5117	11367:2:2	12367:2:1	0	100	100	121	-1	-1	0	0	1	-1	-1	3	-1	0
5118	11368:2:2	12368:2:1	0	100	100	121	-1	-1	0	0	1	-1	-1	3	-1	0
5119	11369:2:2	12369:2:1	0	100	100	121	-1	-1	0	0	1	-1	-1	3	-1	0
5120	11370:2:2	12370:2:1	0	100	100	121	-1	-1	0	0	1	-1	-1	3	-1	0
5121	11372:2:2	12372:2:1	0	100	100	121	-1	-1	0	0	1	-1	-1	3	-1	0
5122	11373:2:2	12373:2:1	0	100	100	121	-1	-1	0	0	1	-1	-1	3	-1	0
5123	11374:2:2	12374:2:1	0	100	100	121	-1	-1	0	0	1	-1	-1	3	-1	0
5124	11375:2:2	12375:2:1	0	100	100	121	-1	-1	0	0	1	-1	-1	3	-1	0
5125	11377:2:2	12377:2:1	0	100	100	121	-1	-1	0	0	1	-1	-1	3	-1	0
5126	11378:2:2	12378:2:1	0	100	100	121	-1	-1	0	0	1	-1	-1	3	-1	0
5127	11379:2:2	12379:2:1	0	100	100	121	-1	-1	0	0	1	-1	-1	3	-1	0
5128	11380:2:2	12380:2:1	0	100	100	121	-1	-1	0	0	1	-1	-1	3	-1	0
5129	10311:2:2	11311:2:1	0	100	100	121	-1	-1	0	0	1	-1	-1	3	-1	0
5130	10316:2:2	11316:2:1	0	100	100	121	-1	-1	0	0	1	-1	-1	3	-1	0
5131	10321:2:2	11321:2:1	0	100	100	121	-1	-1	0	0	1	-1	-1	3	-1	0
5132	10326:2:2	11326:2:1	0	100	100	121	-1	-1	0	0	1	-1	-1	3	-1	0
5133	10331:2:2	11331:2:1	0	100	100	121	-1	-1	0	0	1	-1	-1	3	-1	0
5134	10336:2:2	11336:2:1	0	100	100	121	-1	-1	0	0	1	-1	-1	3	-1	0
5135	10341:2:2	11341:2:1	0	100	100	121	-1	-1	0	0	1	-1	-1	3	-1	0
5136	10346:2:2	11346:2:1	0	100	100	121	-1	-1	0	0	1	-1	-1	3	-1	0
5137	10382:2:2	11382:2:1	0	100	100	121	-1	-1	0	0	1	-1	-1	3	-1	0
5138	10383:2:2	11383:2:1	0	100	100	121	-1	-1	0	0	1	-1	-1	3	-1	0
5139	10384:2:2	11384:2:1	0	100	100	121	-1	-1	0	0	1	-1	-1	3	-1	0
5140	10385:2:2	11385:2:1	0	100	100	121	-1	-1	0	0	1	-1	-1	3	-1	0
5141	10387:2:2	11387:2:1	0	100	100	121	-1	-1	0	0	1	-1	-1	3	-1	0
5142	10388:2:2	11388:2:1	0	100	100	121	-1	-1	0	0	1	-1	-1	3	-1	0
5143	10389:2:2	11389:2:1	0	100	100	121	-1	-1	0	0	1	-1	-1	3	-1	0
5144	10390:2:2	11390:2:1	0	100	100	121	-1	-1	0	0	1	-1	-1	3	-1	0
5145	10392:2:2	11392:2:1	0	100	100	121	-1	-1	0	0	1	-1	-1	3	-1	0
5146	10393:2:2	11393:2:1	0	100	100	121	-1	-1	0	0	1	-1	-1	3	-1	0
5147	10394:2:2	11394:2:1	0	100	100	121	-1	-1	0	0	1	-1	-1	3	-1	0
5148	10395:2:2	11395:2:1	0	100	100	121	-1	-1	0	0	1	-1	-1	3	-1	0
5149	10397:2:2	11397:2:1	0	100	100	121	-1	-1	0	0	1	-1	-1	3	-1	0
5150	10398:2:2	11398:2:1	0	100	100	121	-1	-1	0	0	1	-1	-1	3	-1	0
5151	10399:2:2	11399:2:1	0	100	100	121	-1	-1	0	0	1	-1	-1	3	-1	0
5152	10400:2:2	11400:2:1	0	100	100	121	-1	-1	0	0	1	-1	-1	3	-1	0
5153	11311:2:2	12311:2:1	0	100	100	121	-1	-1	0	0	1	-1	-1	3	-1	0
5154	11316:2:2	12316:2:1	0	100	100	121	-1	-1	0	0	1	-1	-1	3	-1	0
5155	11321:2:2	12321:2:1	0	100	100	121	-1	-1	0	0	1	-1	-1	3	-1	0
5156	11326:2:2	12326:2:1	0	100	100	121	-1	-1	0	0	1	-1	-1	3	-1	0
5157	11331:2:2	12331:2:1	0	100	100	121	-1	-1	0	0	1	-1	-1	3	-1	0
5158	11336:2:2	12336:2:1	0	100	100	121	-1	-1	0	0	1	-1	-1	3	-1	0
5159	11341:2:2	12341:2:1	0	100	100	121	-1	-1	0	0	1	-1	-1	3	-1	0
5160	11346:2:2	12346:2:1	0	100	100	121	-1	-1	0	0	1	-1	-1	3	-1	0
5161	11382:2:2	12382:2:1	0	100	100	121	-1	-1	0	0	1	-1	-1	3	-1	0
5162	11383:2:2	12383:2:1	0	100	100	121	-1	-1	0	0	1	-1	-1	3	-1	0
5163	11384:2:2	12384:2:1	0	100	100	121	-1	-1	0	0	1	-1	-1	3	-1	0
5164	11385:2:2	12385:2:1	0	100	100	121	-1	-1	0	0	1	-1	-1	3	-1	0
5165	11387:2:2	12387:2:1	0	100	100	121	-1	-1	0	0	1	-1	-1	3	-1	0
5166	11388:2:2	12388:2:1	0	100	100	121	-1	-1	0	0	1	-1	-1	3	-1	0
5167	11389:2:2	12389:2:1	0	100	100	121	-1	-1	0	0	1	-1	-1	3	-1	0
5168	11390:2:2	12390:2:1	0	100	100	121	-1	-1	0	0	1	-1	-1	3	-1	0
5169	11392:2:2	12392:2:1	0	100	100	121	-1	-1	0	0	1	-1	-1	3	-1	0
5170	11393:2:2	12393:2:1	0	100	100	121	-1	-1	0	0	1	-1	-1	3	-1	0
5171	11394:2:2	12394:2:1	0	100	100	121	-1	-1	0	0	1	-1	-1	3	-1	0
5172	11395:2:2	12395:2:1	0	100	100	121	-1	-1	0	0	1	-1	-1	3	-1	0
5173	11397:2:2	12397:2:1	0	100	100	121	-1	-1	0	0	1	-1	-1	3	-1	0
5174	11398:2:2	12398:2:1	0	100	100	121	-1	-1	0	0	1	-1	-1	3	-1	0
5175	11399:2:2	12399:2:1	0	100	100	121	-1	-1	0	0	1	-1	-1	3	-1	0
5176	11400:2:2	12400:2:1	0	100	100	121	-1	-1	0	0	1	-1	-1	3	-1	0
5177	10402:2:2	11402:2:1	0	100	100	121	-1	-1	0	0	1	-1	-1	3	-1	0
5178	10403:2:2	11403:2:1	0	100	100	121	-1	-1	0	0	1	-1	-1	3	-1	0
5179	10404:2:2	11404:2:1	0	100	100	121	-1	-1	0	0	1	-1	-1	3	-1	0
5180	10405:2:2	11405:2:1	0	100	100	121	-1	-1	0	0	1	-1	-1	3	-1	0
5181	10407:2:2	11407:2:1	0	100	100	121	-1	-1	0	0	1	-1	-1	3	-1	0
5182	10408:2:2	11408:2:1	0	100	100	121	-1	-1	0	0	1	-1	-1	3	-1	0
5183	10409:2:2	11409:2:1	0	100	100	121	-1	-1	0	0	1	-1	-1	3	-1	0
5184	10410:2:2	11410:2:1	0	100	100	121	-1	-1	0	0	1	-1	-1	3	-1	0
5185	11402:2:2	12402:2:1	0	100	100	121	-1	-1	0	0	1	-1	-1	3	-1	0
5186	11403:2:2	12403:2:1	0	100	100	121	-1	-1	0	0	1	-1	-1	3	-1	0
5187	11404:2:2	12404:2:1	0	100	100	121	-1	-1	0	0	1	-1	-1	3	-1	0
5188	11405:2:2	12405:2:1	0	100	100	121	-1	-1	0	0	1	-1	-1	3	-1	0
5189	11407:2:2	12407:2:1	0	100	100	121	-1	-1	0	0	1	-1	-1	3	-1	0
5190	11408:2:2	12408:2:1	0	100	100	121	-1	-1	0	0	1	-1	-1	3	-1	0
5191	11409:2:2	12409:2:1	0	100	100	121	-1	-1	0	0	1	-1	-1	3	-1	0
5192	11410:2:2	12410:2:1	0	100	100	121	-1	-1	0	0	1	-1	-1	3	-1	0
5193	10401:2:2	11401:2:1	0	100	100	121	-1	-1	0	0	1	-1	-1	3	-1	0
5194	10406:2:2	11406:2:1	0	100	100	121	-1	-1	0	0	1	-1	-1	3	-1	0
5195	11401:2:2	12401:2:1	0	100	100	121	-1	-1	0	0	1	-1	-1	3	-1	0
5196	11406:2:2	12406:2:1	0	100	100	121	-1	-1	0	0	1	-1	-1	3	-1	0
5197	10411:2:2	11411:2:1	0	100	100	121	-1	-1	0	0	1	-1	-1	3	-1	0
5198	10416:2:2	11416:2:1	0	100	100	121	-1	-1	0	0	1	-1	-1	3	-1	0
5199	11411:2:2	12411:2:1	0	100	100	121	-1	-1	0	0	1	-1	-1	3	-1	0
5200	11416:2:2	12416:2:1	0	100	100	121	-1	-1	0	0	1	-1	-1	3	-1	0
5201	10412:2:2	11412:2:1	0	100	100	121	-1	-1	0	0	1	-1	-1	3	-1	0
5202	10413:2:2	11413:2:1	0	100	100	121	-1	-1	0	0	1	-1	-1	3	-1	0
5203	10414:2:2	11414:2:1	0	100	100	121	-1	-1	0	0	1	-1	-1	3	-1	0
5204	10415:2:2	11415:2:1	0	100	100	121	-1	-1	0	0	1	-1	-1	3	-1	0
5205	10417:2:2	11417:2:1	0	100	100	121	-1	-1	0	0	1	-1	-1	3	-1	0
5206	10418:2:2	11418:2:1	0	100	100	121	-1	-1	0	0	1	-1	-1	3	-1	0
5207	10419:2:2	11419:2:1	0	100	100	121	-1	-1	0	0	1	-1	-1	3	-1	0
5208	10420:2:2	11420:2:1	0	100	100	121	-1	-1	0	0	1	-1	-1	3	-1	0
5209	11412:2:2	12412:2:1	0	100	100	121	-1	-1	0	0	1	-1	-1	3	-1	0
5210	11413:2:2	12413:2:1	0	100	100	121	-1	-1	0	0	1	-1	-1	3	-1	0
5211	11414:2:2	12414:2:1	0	100	100	121	-1	-1	0	0	1	-1	-1	3	-1	0
5212	11415:2:2	12415:2:1	0	100	100	121	-1	-1	0	0	1	-1	-1	3	-1	0
5213	11417:2:2	12417:2:1	0	100	100	121	-1	-1	0	0	1	-1	-1	3	-1	0
5214	11418:2:2	12418:2:1	0	100	100	121	-1	-1	0	0	1	-1	-1	3	-1	0
5215	11419:2:2	12419:2:1	0	100	100	121	-1	-1	0	0	1	-1	-1	3	-1	0
5216	11420:2:2	12420:2:1	0	100	100	121	-1	-1	0	0	1	-1	-1	3	-1	0
849	53001:2:3	54001:2:1	10000	100	100	121	-1	-1	0	0	999	-1	-1	0	-1	0
850	53002:2:3	54002:2:1	10000	100	100	121	-1	-1	0	0	999	-1	-1	0	-1	0
851	53003:2:3	54003:2:1	10000	100	100	121	-1	-1	0	0	999	-1	-1	0	-1	0
852	53004:2:3	54004:2:1	10000	100	100	121	-1	-1	0	0	999	-1	-1	0	-1	0
853	53005:2:3	54005:2:1	10000	100	100	121	-1	-1	0	0	999	-1	-1	0	-1	0
854	53006:2:3	54006:2:1	10000	100	100	121	-1	-1	0	0	999	-1	-1	0	-1	0
855	54001:2:3|798:1:5	55001:2:1	10000	100	100	121	-1	-1	0	0	999	-1	-1	0	-1	0
856	54002:2:3|798:1:5	55002:2:1	10000	100	100	121	-1	-1	0	0	999	-1	-1	0	-1	0
857	54003:2:3|798:1:5	55003:2:1	10000	100	100	121	-1	-1	0	0	999	-1	-1	0	-1	0
858	54004:2:3|798:1:5	55004:2:1	10000	100	100	121	-1	-1	0	0	999	-1	-1	0	-1	0
859	54005:2:3|798:1:5	55005:2:1	10000	100	100	121	-1	-1	0	0	999	-1	-1	0	-1	0
860	54006:2:3|798:1:5	55006:2:1	10000	100	100	121	-1	-1	0	0	999	-1	-1	0	-1	0
861	55001:2:3|798:1:20	56001:2:1	10000	100	100	121	-1	-1	0	0	999	-1	-1	0	-1	0
862	55002:2:3|798:1:20	56002:2:1	10000	100	100	121	-1	-1	0	0	999	-1	-1	0	-1	0
863	55003:2:3|798:1:20	56003:2:1	10000	100	100	121	-1	-1	0	0	999	-1	-1	0	-1	0
864	55004:2:3|798:1:20	56004:2:1	10000	100	100	121	-1	-1	0	0	999	-1	-1	0	-1	0
865	55005:2:3|798:1:20	56005:2:1	10000	100	100	121	-1	-1	0	0	999	-1	-1	0	-1	0
866	55006:2:3|798:1:20	56006:2:1	10000	100	100	121	-1	-1	0	0	999	-1	-1	0	-1	0
867	56001:2:3|798:1:100	57001:2:1	10000	100	100	121	-1	-1	0	0	999	-1	-1	0	-1	0
868	56002:2:3|798:1:100	57002:2:1	10000	100	100	121	-1	-1	0	0	999	-1	-1	0	-1	0
869	56003:2:3|798:1:100	57003:2:1	10000	100	100	121	-1	-1	0	0	999	-1	-1	0	-1	0
870	56004:2:3|798:1:100	57004:2:1	10000	100	100	121	-1	-1	0	0	999	-1	-1	0	-1	0
871	56005:2:3|798:1:100	57005:2:1	10000	100	100	121	-1	-1	0	0	999	-1	-1	0	-1	0
872	56006:2:3|798:1:100	57006:2:1	10000	100	100	121	-1	-1	0	0	999	-1	-1	0	-1	0
873	57001:2:3|798:1:200	58001:2:1	10000	100	100	121	-1	-1	0	0	999	-1	-1	0	-1	0
874	57002:2:3|798:1:200	58002:2:1	10000	100	100	121	-1	-1	0	0	999	-1	-1	0	-1	0
875	57003:2:3|798:1:200	58003:2:1	10000	100	100	121	-1	-1	0	0	999	-1	-1	0	-1	0
876	57004:2:3|798:1:200	58004:2:1	10000	100	100	121	-1	-1	0	0	999	-1	-1	0	-1	0
877	57005:2:3|798:1:200	58005:2:1	10000	100	100	121	-1	-1	0	0	999	-1	-1	0	-1	0
878	57006:2:3|798:1:200	58006:2:1	10000	100	100	121	-1	-1	0	0	999	-1	-1	0	-1	0
879	52012:2:3	52013:2:1	10000	100	100	121	-1	-1	0	0	999	-1	-1	0	-1	0
880	52112:2:3	52113:2:1	10000	100	100	121	-1	-1	0	0	999	-1	-1	0	-1	0
881	52212:2:3	52213:2:1	10000	100	100	121	-1	-1	0	0	999	-1	-1	0	-1	0
882	52312:2:3	52313:2:1	10000	100	100	121	-1	-1	0	0	999	-1	-1	0	-1	0
883	52412:2:3	52413:2:1	10000	100	100	121	-1	-1	0	0	999	-1	-1	0	-1	0
884	52512:2:3	52513:2:1	10000	100	100	121	-1	-1	0	0	999	-1	-1	0	-1	0
885	52612:2:3	52613:2:1	10000	100	100	121	-1	-1	0	0	999	-1	-1	0	-1	0
886	52712:2:3	52713:2:1	10000	100	100	121	-1	-1	0	0	999	-1	-1	0	-1	0
887	52812:2:3	52813:2:1	10000	100	100	121	-1	-1	0	0	999	-1	-1	0	-1	0
888	40040:2:3|759:1:500	40046:2:1	4800000	100	100	121	-1	-1	0	0	99	-1	-1	0	-1	0
889	759:1:500|40041:2:3	40047:2:1	10000	100	100	121	-1	-1	0	0	999	-1	-1	0	-1	0
890	759:1:500|40042:2:3	40048:2:1	10000	100	100	121	-1	-1	0	0	999	-1	-1	0	-1	0
891	759:1:500|40043:2:3	40049:2:1	10000	100	100	121	-1	-1	0	0	999	-1	-1	0	-1	0
892	759:1:500|40044:2:3	40050:2:1	10000	100	100	121	-1	-1	0	0	999	-1	-1	0	-1	0
893	759:1:500|40045:2:3	40051:2:1	10000	100	100	121	-1	-1	0	0	999	-1	-1	0	-1	0
894	759:1:800|40046:2:3	40052:2:1	10000	100	100	121	-1	-1	0	0	999	-1	-1	0	-1	0
895	759:1:800|40047:2:3	40053:2:1	10000	100	100	121	-1	-1	0	0	999	-1	-1	0	-1	0
896	759:1:800|40048:2:3	40054:2:1	10000	100	100	121	-1	-1	0	0	999	-1	-1	0	-1	0
897	759:1:800|40049:2:3	40055:2:1	10000	100	100	121	-1	-1	0	0	999	-1	-1	0	-1	0
898	759:1:800|40050:2:3	40056:2:1	10000	100	100	121	-1	-1	0	0	999	-1	-1	0	-1	0
899	759:1:800|40051:2:3	40057:2:1	10000	100	100	121	-1	-1	0	0	999	-1	-1	0	-1	0