STRING	INT	INT	INT	INT	INT
Key	Body	Weapon	Weapon2	Wing	WingEffect
1_1_1_1	3	2	4	1	0
1_1_1_2	3	2	4	1	0
1_1_1_3	3	2	4	1	0
1_1_1_4	3	2	4	1	0
1_1_1_5	3	2	4	1	0
1_1_1_6	3	2	4	1	0
1_1_1_7	3	2	4	1	0
1_1_1_8	3	2	4	1	0
1_1_1_9	3	2	4	1	0
1_1_1_10	3	2	4	1	0
1_1_1_11	3	2	4	1	0
1_1_1_12	3	2	4	1	0
1_1_1_13	3	2	4	1	0
1_1_1_14	3	2	4	1	0
1_1_1_15	3	2	4	1	0
1_1_1_16	3	2	4	1	0
1_1_1_17	3	2	4	1	0
1_1_1_18	3	2	4	1	0
1_1_1_19	3	2	4	1	0
1_1_1_20	3	2	4	1	0
1_1_2_1	2	3	4	1	0
1_1_2_2	2	3	4	1	0
1_1_2_3	2	3	4	1	0
1_1_2_4	2	3	4	1	0
1_1_2_5	2	3	4	1	0
1_1_2_6	2	3	4	1	0
1_1_2_7	2	3	4	1	0
1_1_2_8	2	3	4	1	0
1_1_2_9	2	3	4	1	0
1_1_2_10	2	3	4	1	0
1_1_2_11	2	3	4	1	0
1_1_2_12	2	3	4	1	0
1_1_2_13	2	3	4	1	0
1_1_2_14	2	3	4	1	0
1_1_2_15	2	3	4	1	0
1_1_2_16	2	3	4	1	0
1_1_2_17	2	3	4	1	0
1_1_2_18	2	3	4	1	0
1_1_2_19	2	3	4	1	0
1_1_2_20	2	3	4	1	0
1_1_3_1	1	3	4	2	0
1_1_3_2	1	3	4	2	0
1_1_3_3	1	3	4	2	0
1_1_3_4	1	3	4	2	0
1_1_3_5	1	3	4	2	0
1_1_3_6	1	3	4	2	0
1_1_3_7	1	3	4	2	0
1_1_3_8	1	3	4	2	0
1_1_3_9	1	3	4	2	0
1_1_3_10	1	3	4	2	0
1_1_3_11	1	3	4	2	0
1_1_3_12	1	3	4	2	0
1_1_3_13	1	3	4	2	0
1_1_3_14	1	3	4	2	0
1_1_3_15	1	3	4	2	0
1_1_3_16	1	3	4	2	0
1_1_3_17	1	3	4	2	0
1_1_3_18	1	3	4	2	0
1_1_3_19	1	3	4	2	0
1_1_3_20	1	3	4	2	0
1_1_4_1	2	3	1	4	0
1_1_4_2	2	3	1	4	0
1_1_4_3	2	3	1	4	0
1_1_4_4	2	3	1	4	0
1_1_4_5	2	3	1	4	0
1_1_4_6	2	3	1	4	0
1_1_4_7	2	3	1	4	0
1_1_4_8	2	3	1	4	0
1_1_4_9	2	3	1	4	0
1_1_4_10	2	3	1	4	0
1_1_4_11	2	3	1	4	0
1_1_4_12	2	3	1	4	0
1_1_4_13	2	3	1	4	0
1_1_4_14	2	3	1	4	0
1_1_4_15	2	3	1	4	0
1_1_4_16	2	3	1	4	0
1_1_4_17	2	3	1	4	0
1_1_4_18	2	3	1	4	0
1_1_4_19	2	3	1	4	0
1_1_4_20	2	3	1	4	0
1_1_5_1	2	3	1	4	0
1_1_5_2	2	3	1	4	0
1_1_5_3	2	3	1	4	0
1_1_5_4	2	3	1	4	0
1_1_5_5	2	3	1	4	0
1_1_5_6	2	3	1	4	0
1_1_5_7	2	3	1	4	0
1_1_5_8	2	3	1	4	0
1_1_5_9	2	3	1	4	0
1_1_5_10	2	3	1	4	0
1_1_5_11	2	3	1	4	0
1_1_5_12	2	3	1	4	0
1_1_5_13	2	3	1	4	0
1_1_5_14	2	3	1	4	0
1_1_5_15	2	3	1	4	0
1_1_5_16	2	3	1	4	0
1_1_5_17	2	3	1	4	0
1_1_5_18	2	3	1	4	0
1_1_5_19	2	3	1	4	0
1_1_5_20	2	3	1	4	0
1_1_6_1	3	2	1	4	0
1_1_6_2	3	2	1	4	0
1_1_6_3	3	2	1	4	0
1_1_6_4	3	2	1	4	0
1_1_6_5	3	2	1	4	0
1_1_6_6	3	2	1	4	0
1_1_6_7	3	2	1	4	0
1_1_6_8	3	2	1	4	0
1_1_6_9	3	2	1	4	0
1_1_6_10	3	2	1	4	0
1_1_6_11	3	2	1	4	0
1_1_6_12	3	2	1	4	0
1_1_6_13	3	2	1	4	0
1_1_6_14	3	2	1	4	0
1_1_6_15	3	2	1	4	0
1_1_6_16	3	2	1	4	0
1_1_6_17	3	2	1	4	0
1_1_6_18	3	2	1	4	0
1_1_6_19	3	2	1	4	0
1_1_6_20	3	2	1	4	0
1_1_7_1	3	2	1	4	0
1_1_7_2	3	2	1	4	0
1_1_7_3	3	2	1	4	0
1_1_7_4	3	2	1	4	0
1_1_7_5	3	2	1	4	0
1_1_7_6	3	2	1	4	0
1_1_7_7	3	2	1	4	0
1_1_7_8	3	2	1	4	0
1_1_7_9	3	2	1	4	0
1_1_7_10	3	2	1	4	0
1_1_7_11	3	2	1	4	0
1_1_7_12	3	2	1	4	0
1_1_7_13	3	2	1	4	0
1_1_7_14	3	2	1	4	0
1_1_7_15	3	2	1	4	0
1_1_7_16	3	2	1	4	0
1_1_7_17	3	2	1	4	0
1_1_7_18	3	2	1	4	0
1_1_7_19	3	2	1	4	0
1_1_7_20	3	2	1	4	0
1_1_8_1	4	2	1	3	0
1_1_8_2	4	2	1	3	0
1_1_8_3	4	2	1	3	0
1_1_8_4	4	2	1	3	0
1_1_8_5	4	2	1	3	0
1_1_8_6	4	2	1	3	0
1_1_8_7	4	2	1	3	0
1_1_8_8	4	2	1	3	0
1_1_8_9	4	2	1	3	0
1_1_8_10	4	2	1	3	0
1_1_8_11	4	2	1	3	0
1_1_8_12	4	2	1	3	0
1_1_8_13	4	2	1	3	0
1_1_8_14	4	2	1	3	0
1_1_8_15	4	2	1	3	0
1_1_8_16	4	2	1	3	0
1_1_8_17	4	2	1	3	0
1_1_8_18	4	2	1	3	0
1_1_8_19	4	2	1	3	0
1_1_8_20	4	2	1	3	0
1_2_1_1	2	3	4	1	0
1_2_1_2	2	3	4	1	0
1_2_1_3	2	3	4	1	0
1_2_1_4	2	3	4	1	0
1_2_1_5	2	3	4	1	0
1_2_1_6	2	3	4	1	0
1_2_1_7	2	3	4	1	0
1_2_1_8	2	3	4	1	0
1_2_1_9	2	3	4	1	0
1_2_1_10	2	3	4	1	0
1_2_1_11	2	3	4	1	0
1_2_1_12	2	3	4	1	0
1_2_1_13	2	3	4	1	0
1_2_1_14	2	3	4	1	0
1_2_1_15	2	3	4	1	0
1_2_1_16	2	3	4	1	0
1_2_1_17	2	3	4	1	0
1_2_1_18	2	3	4	1	0
1_2_1_19	2	3	4	1	0
1_2_1_20	2	3	4	1	0
1_2_2_1	2	3	4	1	0
1_2_2_2	2	3	4	1	0
1_2_2_3	2	3	4	1	0
1_2_2_4	2	3	4	1	0
1_2_2_5	2	3	4	1	0
1_2_2_6	2	3	4	1	0
1_2_2_7	2	3	4	1	0
1_2_2_8	2	3	4	1	0
1_2_2_9	2	3	4	1	0
1_2_2_10	2	3	4	1	0
1_2_2_11	2	3	4	1	0
1_2_2_12	2	3	4	1	0
1_2_2_13	2	3	4	1	0
1_2_2_14	2	3	4	1	0
1_2_2_15	2	3	4	1	0
1_2_2_16	2	3	4	1	0
1_2_2_17	2	3	4	1	0
1_2_2_18	2	3	4	1	0
1_2_2_19	2	3	4	1	0
1_2_2_20	2	3	4	1	0
1_2_3_1	0	3	4	2	1
1_2_3_2	0	3	4	2	1
1_2_3_3	0	3	4	2	1
1_2_3_4	0	3	4	2	1
1_2_3_5	0	3	4	2	1
1_2_3_6	0	3	4	2	1
1_2_3_7	0	3	4	2	1
1_2_3_8	0	3	4	2	1
1_2_3_9	0	3	4	2	1
1_2_3_10	0	3	4	2	1
1_2_3_11	0	3	4	2	1
1_2_3_12	0	3	4	2	1
1_2_3_13	0	3	4	2	1
1_2_3_14	0	3	4	2	1
1_2_3_15	0	3	4	2	1
1_2_3_16	0	3	4	2	1
1_2_3_17	0	3	4	2	1
1_2_3_18	0	3	4	2	1
1_2_3_19	0	3	4	2	1
1_2_3_20	0	3	4	2	1
1_2_4_1	1	2	0	3	4
1_2_4_2	1	2	0	3	4
1_2_4_3	1	2	0	3	4
1_2_4_4	1	2	0	3	4
1_2_4_5	1	2	0	3	4
1_2_4_6	1	2	0	3	4
1_2_4_7	1	2	0	3	4
1_2_4_8	1	2	0	3	4
1_2_4_9	1	2	0	3	4
1_2_4_10	1	2	0	3	4
1_2_4_11	1	2	0	3	4
1_2_4_12	1	2	0	3	4
1_2_4_13	1	2	0	3	4
1_2_4_14	1	2	0	3	4
1_2_4_15	1	2	0	3	4
1_2_4_16	1	2	0	3	4
1_2_4_17	1	2	0	3	4
1_2_4_18	1	2	0	3	4
1_2_4_19	1	2	0	3	4
1_2_4_20	1	2	0	3	4
1_2_5_1	2	1	0	3	4
1_2_5_2	2	1	0	3	4
1_2_5_3	2	1	0	3	4
1_2_5_4	2	1	0	3	4
1_2_5_5	2	1	0	3	4
1_2_5_6	2	1	0	3	4
1_2_5_7	2	1	0	3	4
1_2_5_8	2	1	0	3	4
1_2_5_9	2	1	0	3	4
1_2_5_10	2	1	0	3	4
1_2_5_11	2	1	0	3	4
1_2_5_12	2	1	0	3	4
1_2_5_13	2	1	0	3	4
1_2_5_14	2	1	0	3	4
1_2_5_15	2	1	0	3	4
1_2_5_16	2	1	0	3	4
1_2_5_17	2	1	0	3	4
1_2_5_18	2	1	0	3	4
1_2_5_19	2	1	0	3	4
1_2_5_20	2	1	0	3	4
1_2_6_1	2	1	0	3	4
1_2_6_2	2	1	0	3	4
1_2_6_3	2	1	0	3	4
1_2_6_4	2	1	0	3	4
1_2_6_5	2	1	0	3	4
1_2_6_6	2	1	0	3	4
1_2_6_7	2	1	0	3	4
1_2_6_8	2	1	0	3	4
1_2_6_9	2	1	0	3	4
1_2_6_10	2	1	0	3	4
1_2_6_11	2	1	0	3	4
1_2_6_12	2	1	0	3	4
1_2_6_13	2	1	0	3	4
1_2_6_14	2	1	0	3	4
1_2_6_15	2	1	0	3	4
1_2_6_16	2	1	0	3	4
1_2_6_17	2	1	0	3	4
1_2_6_18	2	1	0	3	4
1_2_6_19	2	1	0	3	4
1_2_6_20	2	1	0	3	4
1_2_7_1	2	1	0	3	4
1_2_7_2	2	1	0	3	4
1_2_7_3	2	1	0	3	4
1_2_7_4	2	1	0	3	4
1_2_7_5	2	1	0	3	4
1_2_7_6	2	1	0	3	4
1_2_7_7	2	1	0	3	4
1_2_7_8	2	1	0	3	4
1_2_7_9	2	1	0	3	4
1_2_7_10	2	1	0	3	4
1_2_7_11	2	1	0	3	4
1_2_7_12	2	1	0	3	4
1_2_7_13	2	1	0	3	4
1_2_7_14	2	1	0	3	4
1_2_7_15	2	1	0	3	4
1_2_7_16	2	1	0	3	4
1_2_7_17	2	1	0	3	4
1_2_7_18	2	1	0	3	4
1_2_7_19	2	1	0	3	4
1_2_7_20	2	1	0	3	4
1_2_8_1	3	4	1	2	0
1_2_8_2	3	4	1	2	0
1_2_8_3	3	4	1	2	0
1_2_8_4	4	2	1	3	0
1_2_8_5	4	2	1	3	0
1_2_8_6	4	2	1	3	0
1_2_8_7	4	2	1	3	0
1_2_8_8	4	2	1	3	0
1_2_8_9	4	2	1	3	0
1_2_8_10	4	2	1	3	0
1_2_8_11	4	2	1	3	0
1_2_8_12	4	2	1	3	0
1_2_8_13	4	2	1	3	0
1_2_8_14	4	2	1	3	0
1_2_8_15	4	2	1	3	0
1_2_8_16	4	2	1	3	0
1_2_8_17	4	2	1	3	0
1_2_8_18	4	2	1	3	0
1_2_8_19	4	2	1	3	0
1_2_8_20	4	2	1	3	0
1_4_1_1	3	1	4	1	0
1_4_1_2	3	1	4	1	0
1_4_1_3	3	1	4	1	0
1_4_1_4	3	1	4	1	0
1_4_1_5	3	1	4	1	0
1_4_1_6	3	1	4	1	0
1_4_1_7	3	1	4	1	0
1_4_1_8	3	1	1	4	0
1_4_1_9	3	1	1	4	0
1_4_1_10	3	1	1	4	0
1_4_1_11	3	1	1	4	0
1_4_1_12	3	1	1	4	0
1_4_1_13	3	1	1	4	0
1_4_1_14	3	1	1	4	0
1_4_1_15	3	1	1	4	0
1_4_1_16	3	1	1	4	0
1_4_1_17	3	1	1	4	0
1_4_1_18	3	1	1	4	0
1_4_1_19	3	1	1	4	0
1_4_1_20	3	2	1	4	0
1_4_2_1	2	3	4	1	0
1_4_2_2	2	3	4	1	0
1_4_2_3	2	3	4	1	0
1_4_2_4	2	3	4	1	0
1_4_2_5	2	3	4	1	0
1_4_2_6	3	2	4	1	0
1_4_2_7	3	2	4	1	0
1_4_2_8	3	2	1	4	0
1_4_2_9	3	2	1	4	0
1_4_2_10	3	2	1	4	0
1_4_2_11	3	2	1	4	0
1_4_2_12	3	2	1	4	0
1_4_2_13	3	2	1	4	0
1_4_2_14	3	2	1	4	0
1_4_2_15	3	2	1	4	0
1_4_2_16	3	2	1	4	0
1_4_2_17	3	2	1	4	0
1_4_2_18	3	2	1	4	0
1_4_2_19	3	2	1	4	0
1_4_2_20	3	2	1	4	0
1_4_3_1	2	3	4	1	0
1_4_3_2	2	3	4	1	0
1_4_3_3	2	3	4	1	0
1_4_3_4	2	3	4	1	0
1_4_3_5	2	3	4	1	0
1_4_3_6	3	2	4	1	0
1_4_3_7	3	2	1	4	0
1_4_3_8	3	2	1	4	0
1_4_3_9	3	2	1	4	0
1_4_3_10	3	2	1	4	0
1_4_3_11	3	2	1	4	0
1_4_3_12	3	2	1	4	0
1_4_3_13	3	2	1	4	0
1_4_3_14	3	2	1	4	0
1_4_3_15	3	2	1	4	0
1_4_3_16	3	2	1	4	0
1_4_3_17	3	2	1	4	0
1_4_3_18	3	2	1	4	0
1_4_3_19	3	2	1	4	0
1_4_3_20	3	2	1	4	0
1_4_4_1	2	3	1	4	0
1_4_4_2	2	3	1	4	0
1_4_4_3	2	3	1	4	0
1_4_4_4	2	3	1	4	0
1_4_4_5	2	3	1	4	0
1_4_4_6	3	2	1	4	0
1_4_4_7	3	2	1	4	0
1_4_4_8	3	2	1	4	0
1_4_4_9	3	2	1	4	0
1_4_4_10	3	2	1	4	0
1_4_4_11	3	2	1	4	0
1_4_4_12	3	2	1	4	0
1_4_4_13	3	2	1	4	0
1_4_4_14	3	2	1	4	0
1_4_4_15	3	2	1	4	0
1_4_4_16	3	2	1	4	0
1_4_4_17	3	2	1	4	0
1_4_4_18	3	2	1	4	0
1_4_4_19	3	2	1	4	0
1_4_4_20	3	2	1	4	0
1_4_5_1	2	3	1	4	0
1_4_5_2	2	3	1	4	0
1_4_5_3	2	3	1	4	0
1_4_5_4	2	3	1	4	0
1_4_5_5	2	3	1	4	0
1_4_5_6	3	2	1	4	0
1_4_5_7	3	2	1	4	0
1_4_5_8	3	2	1	4	0
1_4_5_9	3	2	1	4	0
1_4_5_10	3	2	1	4	0
1_4_5_11	3	2	1	4	0
1_4_5_12	3	2	1	4	0
1_4_5_13	3	2	1	4	0
1_4_5_14	3	2	1	4	0
1_4_5_15	3	2	1	4	0
1_4_5_16	3	2	1	4	0
1_4_5_17	3	2	1	4	0
1_4_5_18	3	2	1	4	0
1_4_5_19	3	2	1	4	0
1_4_5_20	3	2	1	4	0
1_4_5_1	2	3	1	4	0
1_4_5_2	2	3	1	4	0
1_4_5_3	2	3	1	4	0
1_4_5_4	2	3	1	4	0
1_4_5_5	2	3	1	4	0
1_4_5_6	3	2	1	4	0
1_4_5_7	3	2	1	4	0
1_4_5_8	3	2	1	4	0
1_4_5_9	3	2	1	4	0
1_4_5_10	3	2	1	4	0
1_4_5_11	3	2	1	4	0
1_4_5_12	3	2	1	4	0
1_4_5_13	3	2	1	4	0
1_4_5_14	3	2	1	4	0
1_4_5_15	3	2	1	4	0
1_4_5_16	3	2	1	4	0
1_4_5_17	3	2	1	4	0
1_4_5_18	3	2	1	4	0
1_4_5_19	3	2	1	4	0
1_4_5_20	3	2	1	4	0
1_4_6_1	3	2	1	4	0
1_4_6_2	3	2	1	4	0
1_4_6_3	3	2	1	4	0
1_4_6_4	3	2	1	4	0
1_4_6_5	3	2	1	4	0
1_4_6_6	3	2	1	4	0
1_4_6_7	3	2	1	4	0
1_4_6_8	3	2	1	4	0
1_4_6_9	3	2	1	4	0
1_4_6_10	3	2	1	4	0
1_4_6_11	3	2	1	4	0
1_4_6_12	3	2	1	4	0
1_4_6_13	3	2	1	4	0
1_4_6_14	3	2	1	4	0
1_4_6_15	3	2	1	4	0
1_4_6_16	3	2	1	4	0
1_4_6_17	3	2	1	4	0
1_4_6_18	3	2	1	4	0
1_4_6_19	3	2	1	4	0
1_4_6_20	3	2	1	4	0
1_4_7_1	3	2	1	4	0
1_4_7_2	3	2	1	4	0
1_4_7_3	3	2	1	4	0
1_4_7_4	3	2	1	4	0
1_4_7_5	3	2	1	4	0
1_4_7_6	3	2	1	4	0
1_4_7_7	3	2	1	4	0
1_4_7_8	3	2	1	4	0
1_4_7_9	3	2	1	4	0
1_4_7_10	3	2	1	4	0
1_4_7_11	3	2	1	4	0
1_4_7_12	3	2	1	4	0
1_4_7_13	3	2	1	4	0
1_4_7_14	3	2	1	4	0
1_4_7_15	3	2	1	4	0
1_4_7_16	3	2	1	4	0
1_4_7_17	3	2	1	4	0
1_4_7_18	3	2	1	4	0
1_4_7_19	3	2	1	4	0
1_4_7_20	3	2	1	4	0
1_4_8_1	3	2	1	1	0
1_4_8_2	3	2	1	1	0
1_4_8_3	3	2	1	1	0
1_4_8_4	3	2	1	1	0
1_4_8_5	3	2	1	1	0
1_4_8_6	3	2	1	1	0
1_4_8_7	3	2	1	1	0
1_4_8_8	3	2	1	4	0
1_4_8_9	3	2	1	4	0
1_4_8_10	3	2	1	4	0
1_4_8_11	3	2	1	4	0
1_4_8_12	3	2	1	4	0
1_4_8_13	3	2	1	4	0
1_4_8_14	3	2	1	4	0
1_4_8_15	3	2	1	4	0
1_4_8_16	3	2	1	4	0
1_4_8_17	3	2	1	4	0
1_4_8_18	3	2	1	4	0
1_4_8_19	3	2	1	4	0
1_4_8_20	3	2	1	4	0
1_5_1_1	3	2	4	1	0
1_5_1_2	3	2	4	1	0
1_5_1_3	3	2	4	1	0
1_5_1_4	3	2	4	1	0
1_5_1_5	3	2	4	1	0
1_5_1_6	3	2	4	1	0
1_5_1_7	2	3	4	1	0
1_5_1_8	2	3	4	1	0
1_5_1_9	2	3	4	1	0
1_5_1_10	2	3	4	4	0
1_5_1_11	2	3	4	4	0
1_5_1_12	2	3	4	4	0
1_5_1_13	2	3	1	4	0
1_5_1_14	2	3	1	4	0
1_5_1_15	2	3	1	4	0
1_5_1_16	2	3	1	1	0
1_5_1_17	2	3	1	1	0
1_5_1_18	2	3	1	1	0
1_5_1_19	2	3	1	1	0
1_5_1_20	2	3	1	1	0
1_5_2_1	3	2	4	1	0
1_5_2_2	3	2	4	1	0
1_5_2_3	3	2	4	1	0
1_5_2_4	3	2	4	1	0
1_5_2_5	3	2	4	1	0
1_5_2_6	3	2	4	1	0
1_5_2_7	2	3	4	1	0
1_5_2_8	2	3	4	1	0
1_5_2_9	2	3	4	1	0
1_5_2_10	2	3	4	4	0
1_5_2_11	2	3	4	4	0
1_5_2_12	2	3	4	4	0
1_5_2_13	2	3	4	4	0
1_5_2_14	2	3	4	4	0
1_5_2_15	2	3	4	4	0
1_5_2_16	2	3	1	1	0
1_5_2_17	2	3	1	1	0
1_5_2_18	2	3	1	1	0
1_5_2_19	2	3	1	1	0
1_5_2_20	2	3	1	1	0
1_5_3_1	2	3	4	1	0
1_5_3_2	2	3	1	1	0
1_5_3_3	2	3	1	1	0
1_5_3_4	2	3	1	1	0
1_5_3_5	2	3	1	1	0
1_5_3_6	2	3	1	1	0
1_5_3_7	2	3	1	1	0
1_5_3_8	2	4	1	3	0
1_5_3_9	2	4	1	3	0
1_5_3_10	2	3	4	4	0
1_5_3_11	2	3	4	4	0
1_5_3_12	2	3	4	4	0
1_5_3_13	2	3	4	4	0
1_5_3_14	2	3	4	4	0
1_5_3_15	2	3	4	4	0
1_5_3_16	2	3	4	4	0
1_5_3_17	2	3	4	4	0
1_5_3_18	2	3	4	4	0
1_5_3_19	2	3	4	4	0
1_5_3_20	2	3	4	4	0
1_5_4_1	2	3	1	1	0
1_5_4_2	2	3	1	1	0
1_5_4_3	2	3	1	1	0
1_5_4_4	2	3	1	1	0
1_5_4_5	2	3	1	1	0
1_5_4_6	2	4	1	3	0
1_5_4_7	2	4	1	3	0
1_5_4_8	2	4	1	3	0
1_5_4_9	2	4	1	3	0
1_5_4_10	2	3	1	4	0
1_5_4_11	2	3	1	4	0
1_5_4_12	2	3	4	4	0
1_5_4_13	2	3	4	4	0
1_5_4_14	2	3	4	4	0
1_5_4_15	2	3	4	4	0
1_5_4_16	2	3	4	4	0
1_5_4_17	2	3	4	4	0
1_5_4_18	2	3	4	4	0
1_5_4_19	2	3	4	4	0
1_5_4_20	2	3	4	4	0
1_5_5_1	2	4	1	3	0
1_5_5_2	2	4	1	3	0
1_5_5_3	2	4	1	3	0
1_5_5_4	2	4	1	3	0
1_5_5_5	2	4	1	3	0
1_5_5_6	2	4	1	3	0
1_5_5_7	2	4	1	3	0
1_5_5_8	2	4	1	3	0
1_5_5_9	3	2	1	4	0
1_5_5_10	3	2	1	4	0
1_5_5_11	3	2	1	4	0
1_5_5_12	3	2	1	4	0
1_5_5_13	3	2	1	4	0
1_5_5_14	3	2	1	4	0
1_5_5_15	3	2	1	4	0
1_5_5_16	3	2	1	4	0
1_5_5_17	3	2	1	4	0
1_5_5_18	3	2	1	4	0
1_5_5_19	3	2	1	4	0
1_5_5_20	3	2	1	4	0
1_5_6_1	2	4	1	3	0
1_5_6_2	2	4	1	3	0
1_5_6_3	2	4	1	3	0
1_5_6_4	2	4	1	3	0
1_5_6_5	2	4	1	3	0
1_5_6_6	2	4	1	3	0
1_5_6_7	2	4	1	3	0
1_5_6_8	2	4	1	3	0
1_5_6_9	3	2	1	4	0
1_5_6_10	3	2	1	4	0
1_5_6_11	3	2	1	4	0
1_5_6_12	3	2	1	4	0
1_5_6_13	3	2	1	4	0
1_5_6_14	3	2	1	4	0
1_5_6_15	3	2	1	4	0
1_5_6_16	3	2	1	4	0
1_5_6_17	3	2	1	4	0
1_5_6_18	3	2	1	4	0
1_5_6_19	3	2	1	4	0
1_5_6_20	3	2	1	4	0
1_5_7_1	3	2	1	4	0
1_5_7_2	3	2	1	4	0
1_5_7_3	3	2	1	4	0
1_5_7_4	3	2	1	4	0
1_5_7_5	3	2	1	4	0
1_5_7_6	3	2	1	4	0
1_5_7_7	3	2	1	4	0
1_5_7_8	3	2	1	4	0
1_5_7_9	2	3	1	4	0
1_5_7_10	2	3	1	4	0
1_5_7_11	2	3	1	4	0
1_5_7_12	2	3	1	4	0
1_5_7_13	2	3	1	4	0
1_5_7_14	2	3	1	4	0
1_5_7_15	3	2	1	4	0
1_5_7_16	3	2	1	4	0
1_5_7_17	3	2	1	4	0
1_5_7_18	3	2	1	4	0
1_5_7_19	3	2	1	4	0
1_5_7_20	3	2	1	4	0
1_5_8_1	3	2	1	4	0
1_5_8_2	3	2	1	4	0
1_5_8_3	3	4	1	2	0
1_5_8_4	3	4	1	2	0
1_5_8_5	3	4	1	2	0
1_5_8_6	3	4	1	2	0
1_5_8_7	3	4	1	2	0
1_5_8_8	3	4	1	2	0
1_5_8_9	3	4	1	2	0
1_5_8_10	3	4	1	2	0
1_5_8_11	3	4	1	2	0
1_5_8_12	3	4	1	2	0
1_5_8_13	3	4	1	2	0
1_5_8_14	3	4	1	2	0
1_5_8_15	3	4	1	2	0
1_5_8_16	3	4	1	2	0
1_5_8_17	3	4	1	2	0
1_5_8_18	3	4	1	2	0
1_5_8_19	3	4	1	2	0
1_5_8_20	3	4	1	2	0
1_6_1_1	4	2	1	3	0
1_6_1_2	4	2	1	3	0
1_6_1_3	4	2	1	3	0
1_6_1_4	4	2	4	3	0
1_6_1_5	4	2	4	3	0
1_6_1_6	4	2	1	3	0
1_6_1_7	4	2	1	3	0
1_6_1_8	4	2	1	3	0
1_6_1_9	3	4	1	2	0
1_6_1_10	3	4	1	2	0
1_6_1_11	3	2	1	4	0
1_6_1_12	3	2	1	4	0
1_6_1_13	3	2	1	4	0
1_6_1_14	3	2	1	4	0
1_6_1_15	3	2	1	4	0
1_6_1_16	3	2	1	4	0
1_6_1_17	3	2	1	4	0
1_6_1_18	3	4	1	2	0
1_6_1_19	3	4	1	2	0
1_6_1_20	3	4	1	2	0
1_6_2_1	2	4	4	1	0
1_6_2_2	2	4	4	1	0
1_6_2_3	2	4	4	1	0
1_6_2_4	2	4	4	1	0
1_6_2_5	2	4	4	1	0
1_6_2_6	2	4	1	1	0
1_6_2_7	2	4	1	1	0
1_6_2_8	2	4	1	1	0
1_6_2_9	2	4	1	1	0
1_6_2_10	3	2	1	4	0
1_6_2_11	3	2	1	4	0
1_6_2_12	3	2	1	4	0
1_6_2_13	3	2	1	4	0
1_6_2_14	3	2	1	4	0
1_6_2_15	3	2	1	4	0
1_6_2_16	3	2	1	4	0
1_6_2_17	3	2	1	4	0
1_6_2_18	2	3	1	1	0
1_6_2_19	2	3	1	1	0
1_6_2_20	2	3	1	1	0
1_6_3_1	3	4	4	2	0
1_6_3_2	3	4	4	2	0
1_6_3_3	3	4	4	2	0
1_6_3_4	3	4	4	2	0
1_6_3_5	3	4	1	2	0
1_6_3_6	3	4	1	2	0
1_6_3_7	3	4	1	2	0
1_6_3_8	3	4	1	2	0
1_6_3_9	3	2	1	4	0
1_6_3_10	3	2	1	4	0
1_6_3_11	3	2	1	4	0
1_6_3_12	3	2	1	4	0
1_6_3_13	3	2	1	4	0
1_6_3_14	3	2	1	4	0
1_6_3_15	3	2	1	4	0
1_6_3_16	3	2	1	4	0
1_6_3_17	3	2	1	4	0
1_6_3_18	2	3	1	4	0
1_6_3_19	2	3	1	4	0
1_6_3_20	2	3	1	4	0
1_6_4_1	3	4	4	2	0
1_6_4_2	3	4	4	2	0
1_6_4_3	3	4	4	2	0
1_6_4_4	3	4	1	2	0
1_6_4_5	3	4	1	2	0
1_6_4_6	3	4	1	2	0
1_6_4_7	3	4	1	2	0
1_6_4_8	2	3	1	4	0
1_6_4_9	2	3	1	4	0
1_6_4_10	2	3	1	4	0
1_6_4_11	2	3	1	4	0
1_6_4_12	2	3	1	4	0
1_6_4_13	2	3	1	4	0
1_6_4_14	2	3	1	4	0
1_6_4_15	2	3	1	4	0
1_6_4_16	2	3	1	4	0
1_6_4_17	2	3	1	4	0
1_6_4_18	2	3	1	4	0
1_6_4_19	2	3	1	4	0
1_6_4_20	2	3	1	4	0
1_6_5_1	2	3	1	4	0
1_6_5_2	2	3	1	4	0
1_6_5_3	2	3	1	4	0
1_6_5_4	2	3	1	4	0
1_6_5_5	2	3	1	4	0
1_6_5_6	2	3	1	4	0
1_6_5_7	2	3	1	4	0
1_6_5_8	3	2	1	4	0
1_6_5_9	3	2	1	4	0
1_6_5_10	3	2	1	4	0
1_6_5_11	3	2	1	4	0
1_6_5_12	3	2	1	4	0
1_6_5_13	3	2	1	4	0
1_6_5_14	3	2	1	4	0
1_6_5_15	3	2	1	4	0
1_6_5_16	3	2	1	4	0
1_6_5_17	3	2	1	4	0
1_6_5_18	3	2	1	4	0
1_6_5_19	3	2	1	4	0
1_6_5_20	3	2	1	4	0
1_6_6_1	3	2	1	4	0
1_6_6_2	3	2	1	4	0
1_6_6_3	3	2	1	4	0
1_6_6_4	3	3	1	4	0
1_6_6_5	3	3	1	4	0
1_6_6_6	3	3	1	4	0
1_6_6_7	3	2	1	4	0
1_6_6_8	3	2	1	4	0
1_6_6_9	3	2	1	4	0
1_6_6_10	3	2	1	4	0
1_6_6_11	3	2	1	4	0
1_6_6_12	2	3	1	4	0
1_6_6_13	2	3	1	4	0
1_6_6_14	2	3	1	4	0
1_6_6_15	2	3	1	4	0
1_6_6_16	2	3	1	4	0
1_6_6_17	2	3	1	4	0
1_6_6_18	3	2	1	4	0
1_6_6_19	3	2	1	4	0
1_6_6_20	3	2	1	4	0
1_6_7_1	3	2	1	4	0
1_6_7_2	3	2	1	4	0
1_6_7_3	3	2	1	4	0
1_6_7_4	3	2	1	4	0
1_6_7_5	2	3	1	4	0
1_6_7_6	2	3	1	4	0
1_6_7_7	3	2	1	4	0
1_6_7_8	3	2	1	4	0
1_6_7_9	3	2	1	4	0
1_6_7_10	2	3	1	4	0
1_6_7_11	2	3	1	4	0
1_6_7_12	2	3	1	4	0
1_6_7_13	2	3	1	4	0
1_6_7_14	2	3	1	4	0
1_6_7_15	2	3	1	4	0
1_6_7_16	2	3	1	4	0
1_6_7_17	2	3	1	4	0
1_6_7_18	3	2	1	4	0
1_6_7_19	3	2	1	4	0
1_6_7_20	3	2	1	4	0
1_6_8_1	3	2	1	4	0
1_6_8_2	3	2	1	4	0
1_6_8_3	3	2	1	4	0
1_6_8_4	3	2	1	4	0
1_6_8_5	3	2	1	4	0
1_6_8_6	3	2	1	4	0
1_6_8_7	3	2	1	4	0
1_6_8_8	3	2	1	4	0
1_6_8_9	2	3	1	4	0
1_6_8_10	2	3	1	4	0
1_6_8_11	2	3	1	4	0
1_6_8_12	2	3	1	4	0
1_6_8_13	2	3	1	4	0
1_6_8_14	2	3	1	4	0
1_6_8_15	2	3	1	4	0
1_6_8_16	2	3	1	4	0
1_6_8_17	2	3	1	4	0
1_6_8_18	3	2	1	4	0
1_6_8_19	3	2	1	4	0
1_6_8_20	3	2	1	4	0
1_7_1_1	3	2	4	1	0
1_7_1_2	3	2	4	1	0
1_7_1_3	3	2	4	1	0
1_7_1_4	3	2	4	1	0
1_7_1_5	3	2	4	1	0
1_7_1_6	3	2	4	1	0
1_7_1_7	3	2	4	1	0
1_7_1_8	3	2	4	1	0
1_7_1_9	3	2	4	1	0
1_7_1_10	2	3	4	1	0
1_7_1_11	2	3	4	1	0
1_7_1_12	2	3	4	1	0
1_7_1_13	2	3	1	4	0
1_7_1_14	2	3	1	4	0
1_7_1_15	2	3	1	4	0
1_7_1_16	3	3	1	4	0
1_7_1_17	2	3	1	4	0
1_7_1_18	3	2	1	4	0
1_7_1_19	2	3	4	1	0
1_7_1_20	2	3	4	1	0
1_7_2_1	2	3	1	4	0
1_7_2_2	2	3	1	4	0
1_7_2_3	2	3	1	4	0
1_7_2_4	2	3	4	1	0
1_7_2_5	2	3	4	1	0
1_7_2_6	3	3	4	1	0
1_7_2_7	3	3	4	1	0
1_7_2_8	2	3	4	1	0
1_7_2_9	2	3	4	1	0
1_7_2_10	2	3	4	2	0
1_7_2_11	2	3	4	2	0
1_7_2_12	2	3	1	4	0
1_7_2_13	2	3	1	4	0
1_7_2_14	2	3	1	4	0
1_7_2_15	2	3	1	4	0
1_7_2_16	2	3	1	4	0
1_7_2_17	2	3	1	4	0
1_7_2_18	2	3	1	4	0
1_7_2_19	2	3	4	1	0
1_7_2_20	2	3	4	1	0
1_7_3_1	2	3	1	4	0
1_7_3_2	2	3	1	4	0
1_7_3_3	2	3	1	4	0
1_7_3_4	2	3	1	4	0
1_7_3_5	2	3	1	4	0
1_7_3_6	2	3	4	1	0
1_7_3_7	2	3	4	1	0
1_7_3_8	2	3	4	1	0
1_7_3_9	2	3	4	1	0
1_7_3_10	2	3	1	4	0
1_7_3_11	2	3	1	4	0
1_7_3_12	2	3	1	4	0
1_7_3_13	2	3	1	4	0
1_7_3_14	2	3	1	4	0
1_7_3_15	2	3	1	4	0
1_7_3_16	2	3	1	4	0
1_7_3_17	2	3	1	4	0
1_7_3_18	2	3	1	4	0
1_7_3_19	2	3	1	4	0
1_7_3_20	2	3	1	4	0
1_7_4_1	2	3	1	4	0
1_7_4_2	2	3	1	4	0
1_7_4_3	2	3	1	4	0
1_7_4_4	2	3	1	4	0
1_7_4_5	2	3	1	4	0
1_7_4_6	2	3	1	4	0
1_7_4_7	2	3	4	2	0
1_7_4_8	2	3	4	2	0
1_7_4_9	2	3	4	2	0
1_7_4_10	2	3	4	2	0
1_7_4_11	2	3	4	2	0
1_7_4_12	2	3	4	2	0
1_7_4_13	2	3	1	4	0
1_7_4_14	2	3	1	4	0
1_7_4_15	2	3	1	4	0
1_7_4_16	2	3	1	4	0
1_7_4_17	2	3	1	4	0
1_7_4_18	2	3	1	4	0
1_7_4_19	2	3	1	4	0
1_7_4_20	2	3	1	4	0
1_7_5_1	2	3	1	4	0
1_7_5_2	2	3	1	4	0
1_7_5_3	2	3	1	4	0
1_7_5_4	2	3	1	4	0
1_7_5_5	2	3	1	4	0
1_7_5_6	2	3	1	4	0
1_7_5_7	2	3	1	4	0
1_7_5_8	2	3	1	4	0
1_7_5_9	2	3	1	3	0
1_7_5_10	2	3	1	3	0
1_7_5_11	2	3	1	3	0
1_7_5_12	2	3	1	3	0
1_7_5_13	2	3	1	4	0
1_7_5_14	2	3	1	4	0
1_7_5_15	2	3	1	4	0
1_7_5_16	2	3	1	4	0
1_7_5_17	2	3	1	4	0
1_7_5_18	2	3	1	4	0
1_7_5_19	2	3	1	4	0
1_7_5_20	2	2	1	4	0
1_8_1_1	2	2	4	1	0
1_8_1_2	2	3	4	1	0
1_8_1_3	2	3	4	1	0
1_8_1_4	2	3	4	1	0
1_8_1_5	2	3	4	1	0
1_8_1_6	2	3	4	1	0
1_8_1_7	2	3	4	1	0
1_8_1_8	2	3	4	1	0
1_8_1_9	2	1	4	1	0
1_8_1_10	2	1	4	1	0
1_8_1_11	2	3	1	4	0
1_8_1_12	2	3	1	4	0
1_8_1_13	2	3	1	4	0
1_8_1_14	2	3	1	4	0
1_8_1_15	2	3	1	4	0
1_8_1_16	2	3	1	4	0
1_8_1_17	2	3	1	4	0
1_8_1_18	2	3	4	1	0
1_8_1_19	3	2	4	1	0
1_8_1_20	3	2	4	1	0
1_8_2_1	2	2	4	1	0
1_8_2_2	2	2	4	1	0
1_8_2_3	2	3	4	1	0
1_8_2_4	2	3	4	1	0
1_8_2_5	2	3	4	1	0
1_8_2_6	2	3	4	1	0
1_8_2_7	2	3	4	1	0
1_8_2_8	3	3	4	1	0
1_8_2_9	3	3	4	1	0
1_8_2_10	2	3	4	1	0
1_8_2_11	2	3	1	4	0
1_8_2_12	2	2	1	4	0
1_8_2_13	2	2	1	4	0
1_8_2_14	2	2	1	4	0
1_8_2_15	2	2	1	4	0
1_8_2_16	2	2	1	4	0
1_8_2_17	2	3	1	4	0
1_8_2_18	3	3	1	4	0
1_8_2_19	3	3	1	4	0
1_8_2_20	3	2	1	4	0
1_8_3_1	3	2	1	4	0
1_8_3_2	2	2	1	4	0
1_8_3_3	2	2	1	4	0
1_8_3_4	2	2	1	4	0
1_8_3_5	2	2	1	4	0
1_8_3_6	2	3	1	4	0
1_8_3_7	2	3	1	4	0
1_8_3_8	2	3	1	4	0
1_8_3_9	2	3	1	4	0
1_8_3_10	2	3	1	4	0
1_8_3_11	3	3	1	4	0
1_8_3_12	3	2	1	4	0
1_8_3_13	3	2	1	4	0
1_8_3_14	3	2	1	4	0
1_8_3_15	3	2	1	4	0
1_8_3_16	2	2	1	4	0
1_8_3_17	2	2	1	4	0
1_8_3_18	2	3	1	4	0
1_8_3_19	3	3	1	4	0
1_8_3_20	3	2	1	4	0
1_8_4_1	3	2	1	4	0
1_8_4_2	3	2	1	4	0
1_8_4_3	3	2	1	4	0
1_8_4_4	3	2	1	4	0
1_8_4_5	1	2	1	3	0
1_8_4_6	1	3	1	3	0
1_8_4_7	1	3	1	3	0
1_8_4_8	1	4	1	3	0
1_8_4_9	1	4	1	3	0
1_8_4_10	1	4	1	4	0
1_8_4_11	3	4	1	4	0
1_8_4_12	3	2	1	4	0
1_8_4_13	3	2	1	4	0
1_8_4_14	3	2	1	4	0
1_8_4_15	3	2	1	4	0
1_8_4_16	3	2	1	4	0
1_8_4_17	2	2	1	4	0
1_8_4_18	2	2	1	4	0
1_8_4_19	3	3	1	4	0
1_8_4_20	3	3	1	4	0
1_8_5_1	3	3	1	4	0
1_8_5_2	3	3	1	4	0
1_8_5_3	3	3	1	4	0
1_8_5_4	3	2	1	3	0
1_8_5_5	2	2	1	3	0
1_8_5_6	2	2	1	3	0
1_8_5_7	2	2	1	3	0
1_8_5_8	2	3	1	3	0
1_8_5_9	2	3	1	3	0
1_8_5_10	2	3	1	4	0
1_8_5_11	3	3	1	4	0
1_8_5_12	3	3	1	4	0
1_8_5_13	3	3	1	4	0
1_8_5_14	3	3	1	4	0
1_8_5_15	3	3	1	4	0
1_8_5_16	3	3	1	4	0
1_8_5_17	3	3	1	4	0
1_8_5_18	2	3	1	4	0
1_8_5_19	2	3	1	4	0
1_8_5_20	2	3	1	4	0
1_9_1_1	2	3	4	1	0
1_9_1_2	2	3	4	1	0
1_9_1_3	3	3	4	1	0
1_9_1_4	3	3	4	1	0
1_9_1_5	3	3	4	1	0
1_9_1_6	3	3	4	1	0
1_9_1_7	2	3	4	1	0
1_9_1_8	2	3	4	1	0
1_9_1_9	2	3	4	1	0
1_9_1_10	2	2	4	1	0
1_9_1_11	2	2	4	1	0
1_9_1_12	2	2	4	1	0
1_9_1_13	2	2	4	1	0
1_9_1_14	2	2	4	1	0
1_9_1_15	2	2	4	1	0
1_9_1_16	2	2	4	1	0
1_9_1_17	2	2	4	1	0
1_9_1_18	2	2	4	1	0
1_9_1_19	2	2	4	1	0
1_9_1_20	2	3	4	1	0
1_9_2_1	2	3	4	1	0
1_9_2_2	2	3	4	1	0
1_9_2_3	2	3	4	1	0
1_9_2_4	2	3	4	1	0
1_9_2_5	2	3	4	1	0
1_9_2_6	2	3	4	1	0
1_9_2_7	2	3	4	1	0
1_9_2_8	2	3	4	1	0
1_9_2_9	3	3	4	1	0
1_9_2_10	3	3	4	1	0
1_9_2_11	3	3	4	1	0
1_9_2_12	3	3	4	1	0
1_9_2_13	3	3	4	1	0
1_9_2_14	3	3	4	1	0
1_9_2_15	3	3	4	1	0
1_9_2_16	3	3	4	1	0
1_9_2_17	3	3	4	1	0
1_9_2_18	3	3	4	1	0
1_9_2_19	2	3	4	1	0
1_9_2_20	2	3	4	1	0
1_9_3_1	2	3	4	1	0
1_9_3_2	2	3	4	1	0
1_9_3_3	2	3	4	1	0
1_9_3_4	2	4	4	1	0
1_9_3_5	2	4	4	1	0
1_9_3_6	2	4	4	1	0
1_9_3_7	2	4	4	1	0
1_9_3_8	2	4	4	1	0
1_9_3_9	2	2	4	1	0
1_9_3_10	2	2	4	1	0
1_9_3_11	2	2	4	1	0
1_9_3_12	2	2	4	1	0
1_9_3_13	2	2	4	1	0
1_9_3_14	2	2	4	1	0
1_9_3_15	2	2	4	1	0
1_9_3_16	2	2	4	1	0
1_9_3_17	2	3	4	1	0
1_9_3_18	2	3	4	1	0
1_9_3_19	2	3	4	1	0
1_9_3_20	2	2	4	1	0
1_9_4_1	2	2	1	4	0
1_9_4_2	2	2	1	4	0
1_9_4_3	2	4	1	4	0
1_9_4_4	2	4	1	4	0
1_9_4_5	2	4	1	4	0
1_9_4_6	2	4	1	4	0
1_9_4_7	2	4	1	4	0
1_9_4_8	3	4	1	4	0
1_9_4_9	3	2	1	4	0
1_9_4_10	3	2	1	4	0
1_9_4_11	3	3	1	4	0
1_9_4_12	3	2	1	4	0
1_9_4_13	3	2	1	4	0
1_9_4_14	3	2	1	4	0
1_9_4_15	3	2	1	4	0
1_9_4_16	2	2	1	4	0
1_9_4_17	2	2	1	4	0
1_9_4_18	2	2	1	4	0
1_9_4_19	3	2	1	4	0
1_9_4_20	3	3	1	4	0
1_9_5_1	3	3	1	4	0
1_9_5_2	2	3	1	4	0
1_9_5_3	2	3	1	4	0
1_9_5_4	2	3	1	4	0
1_9_5_5	2	3	1	4	0
1_9_5_6	2	3	1	4	0
1_9_5_7	2	3	1	4	0
1_9_5_8	3	3	1	4	0
1_9_5_9	3	3	1	4	0
1_9_5_10	3	3	1	4	0
1_9_5_11	3	3	1	4	0
1_9_5_12	3	3	1	4	0
1_9_5_13	3	3	1	4	0
1_9_5_14	3	3	1	4	0
1_9_5_15	3	3	1	4	0
1_9_5_16	3	3	1	4	0
1_9_5_17	3	3	1	4	0
1_9_5_18	3	3	1	4	0
1_9_5_19	2	3	1	4	0
1_9_5_20	2	3	1	4	0
1_10_1_1	2	3	4	1	0
1_10_1_2	2	3	4	1	0
1_10_1_3	2	3	4	1	0
1_10_1_4	2	3	4	1	0
1_10_1_5	2	3	4	1	0
1_10_1_6	2	3	4	1	0
1_10_1_7	2	3	4	1	0
1_10_1_8	2	3	4	1	0
1_10_1_9	2	3	4	1	0
1_10_1_10	2	3	4	1	0
1_10_1_11	2	3	4	1	0
1_10_1_12	2	3	2	4	0
1_10_1_13	2	3	2	4	0
1_10_1_14	2	3	2	4	0
1_10_1_15	2	3	2	4	0
1_10_1_16	2	3	4	1	0
1_10_1_17	2	3	4	1	0
1_10_1_18	2	3	4	1	0
1_10_1_19	2	3	4	1	0
1_10_1_20	2	3	4	1	0
1_10_2_1	2	3	4	1	0
1_10_2_2	2	3	4	1	0
1_10_2_3	2	3	4	1	0
1_10_2_4	2	3	4	1	0
1_10_2_5	2	3	4	1	0
1_10_2_6	2	3	4	1	0
1_10_2_7	2	3	4	1	0
1_10_2_8	2	3	4	1	0
1_10_2_9	2	3	4	1	0
1_10_2_10	2	3	4	1	0
1_10_2_11	2	3	1	4	0
1_10_2_12	2	3	1	4	0
1_10_2_13	2	3	1	4	0
1_10_2_14	2	3	1	4	0
1_10_2_15	2	3	1	4	0
1_10_2_16	2	3	1	4	0
1_10_2_17	2	3	1	4	0
1_10_2_18	2	3	4	1	0
1_10_2_19	2	3	4	1	0
1_10_2_20	2	3	4	1	0
1_10_3_1	2	3	4	1	0
1_10_3_2	2	3	4	1	0
1_10_3_3	2	3	4	1	0
1_10_3_4	2	3	4	1	0
1_10_3_5	2	3	4	1	0
1_10_3_6	2	3	4	1	0
1_10_3_7	2	3	4	1	0
1_10_3_8	2	3	4	1	0
1_10_3_9	2	3	4	1	0
1_10_3_10	2	3	1	4	0
1_10_3_11	2	3	1	4	0
1_10_3_12	2	3	1	4	0
1_10_3_13	2	3	1	4	0
1_10_3_14	2	3	1	4	0
1_10_3_15	2	3	1	4	0
1_10_3_16	2	3	1	4	0
1_10_3_17	2	3	1	4	0
1_10_3_18	2	3	1	4	0
1_10_3_19	2	3	1	4	0
1_10_3_20	2	3	1	4	0
1_10_4_1	2	3	4	1	0
1_10_4_2	2	3	4	1	0
1_10_4_3	2	3	4	1	0
1_10_4_4	2	3	4	1	0
1_10_4_5	2	3	4	1	0
1_10_4_6	2	3	4	1	0
1_10_4_7	2	3	4	1	0
1_10_4_8	2	3	4	1	0
1_10_4_9	2	3	4	1	0
1_10_4_10	2	3	1	4	0
1_10_4_11	2	3	1	4	0
1_10_4_12	2	3	1	4	0
1_10_4_13	2	3	1	4	0
1_10_4_14	2	3	1	4	0
1_10_4_15	2	3	1	4	0
1_10_4_16	2	3	1	4	0
1_10_4_17	2	3	1	4	0
1_10_4_18	2	3	1	4	0
1_10_4_19	2	3	1	4	0
1_10_4_20	2	3	1	4	0
1_10_5_1	2	3	1	4	0
1_10_5_2	2	3	1	4	0
1_10_5_3	2	3	1	4	0
1_10_5_4	2	3	1	4	0
1_10_5_5	2	3	1	4	0
1_10_5_6	2	3	1	4	0
1_10_5_7	2	3	1	4	0
1_10_5_8	2	3	1	4	0
1_10_5_9	2	3	1	4	0
1_10_5_10	2	3	1	4	0
1_10_5_11	2	3	1	4	0
1_10_5_12	2	3	1	4	0
1_10_5_13	2	3	1	4	0
1_10_5_14	2	3	1	4	0
1_10_5_15	2	3	1	4	0
1_10_5_16	2	3	1	4	0
1_10_5_17	2	3	1	4	0
1_10_5_18	2	3	1	4	0
1_10_5_19	2	3	1	4	0
1_10_5_20	2	3	1	4	0
1_11_1_1	2	3	4	1	0
1_11_1_2	2	3	4	1	0
1_11_1_3	2	3	4	1	0
1_11_1_4	2	3	4	1	0
1_11_1_5	2	3	4	1	0
1_11_1_6	2	3	4	1	0
1_11_1_7	2	3	4	1	0
1_11_1_8	2	3	4	1	0
1_11_1_9	2	3	4	1	0
1_11_1_10	2	3	4	1	0
1_11_1_11	2	3	4	1	0
1_11_1_12	2	3	4	1	0
1_11_1_13	2	3	4	1	0
1_11_1_14	2	3	4	1	0
1_11_1_15	2	3	4	1	0
1_11_1_16	2	3	4	1	0
1_11_1_17	2	3	4	1	0
1_11_1_18	2	3	4	1	0
1_11_1_19	2	3	4	1	0
1_11_1_20	2	3	4	1	0
1_11_2_1	2	3	4	1	0
1_11_2_2	2	3	4	1	0
1_11_2_3	2	3	4	1	0
1_11_2_4	2	3	4	1	0
1_11_2_5	2	3	4	1	0
1_11_2_6	2	3	4	1	0
1_11_2_7	2	3	4	1	0
1_11_2_8	2	3	4	1	0
1_11_2_9	2	3	4	1	0
1_11_2_10	2	3	4	1	0
1_11_2_11	2	3	4	1	0
1_11_2_12	2	3	4	1	0
1_11_2_13	2	3	4	1	0
1_11_2_14	2	3	4	1	0
1_11_2_15	2	3	4	1	0
1_11_2_16	2	3	4	1	0
1_11_2_17	2	3	4	1	0
1_11_2_18	2	3	4	1	0
1_11_2_19	2	3	4	1	0
1_11_2_20	2	3	4	1	0
1_11_3_1	2	3	4	1	0
1_11_3_2	2	3	4	1	0
1_11_3_3	2	3	4	1	0
1_11_3_4	2	3	1	4	0
1_11_3_5	2	3	1	4	0
1_11_3_6	2	3	1	4	0
1_11_3_7	2	3	1	4	0
1_11_3_8	2	3	1	4	0
1_11_3_9	2	3	1	4	0
1_11_3_10	2	3	1	4	0
1_11_3_11	2	3	1	4	0
1_11_3_12	2	3	1	4	0
1_11_3_13	2	3	1	4	0
1_11_3_14	2	3	1	4	0
1_11_3_15	2	3	1	4	0
1_11_3_16	2	3	1	4	0
1_11_3_17	2	3	4	1	0
1_11_3_18	2	3	4	1	0
1_11_3_19	2	3	4	1	0
1_11_3_20	2	3	4	1	0
1_11_4_1	2	3	1	4	0
1_11_4_2	2	3	1	4	0
1_11_4_3	2	3	1	4	0
1_11_4_4	2	3	1	4	0
1_11_4_5	2	3	1	4	0
1_11_4_6	2	3	1	4	0
1_11_4_7	2	3	1	4	0
1_11_4_8	2	3	1	4	0
1_11_4_9	2	3	1	4	0
1_11_4_10	2	3	1	4	0
1_11_4_11	2	2	1	4	0
1_11_4_12	2	2	1	4	0
1_11_4_13	2	2	1	4	0
1_11_4_14	2	2	1	4	0
1_11_4_15	2	2	1	4	0
1_11_4_16	2	2	1	4	0
1_11_4_17	2	2	1	4	0
1_11_4_18	2	2	1	4	0
1_11_4_19	2	2	1	4	0
1_11_4_20	2	3	1	4	0
1_11_5_1	2	3	1	4	0
1_11_5_2	2	3	1	4	0
1_11_5_3	2	3	1	4	0
1_11_5_4	2	3	1	4	0
1_11_5_5	2	3	1	4	0
1_11_5_6	2	3	1	4	0
1_11_5_7	2	3	1	4	0
1_11_5_8	2	3	1	4	0
1_11_5_9	2	3	1	4	0
1_11_5_10	3	3	1	4	0
1_11_5_11	3	3	1	4	0
1_11_5_12	3	3	1	4	0
1_11_5_13	3	3	1	4	0
1_11_5_14	3	3	1	4	0
1_11_5_15	3	3	1	4	0
1_11_5_16	3	3	1	4	0
1_11_5_17	3	3	1	4	0
1_11_5_18	3	3	1	4	0
1_11_5_19	2	3	1	4	0
1_11_5_20	2	3	1	4	0
1_15_1_1	2	3	4	1	0
1_15_1_2	2	3	4	1	0
1_15_1_3	2	3	4	1	0
1_15_1_4	2	3	4	1	0
1_15_1_5	2	3	4	1	0
1_15_1_6	2	3	4	1	0
1_15_1_7	2	3	4	1	0
1_15_1_8	2	3	4	1	0
1_15_1_9	2	3	4	1	0
1_15_1_10	2	3	4	1	0
1_15_1_11	2	3	4	1	0
1_15_1_12	2	3	4	1	0
1_15_1_13	2	3	4	1	0
1_15_1_14	2	3	4	1	0
1_15_1_15	2	3	4	1	0
1_15_1_16	2	3	4	1	0
1_15_1_17	2	3	4	1	0
1_15_1_18	2	3	4	1	0
1_15_1_19	2	3	4	1	0
1_15_1_20	2	3	4	1	0
1_15_2_1	2	3	4	1	0
1_15_2_2	2	3	4	1	0
1_15_2_3	2	3	4	1	0
1_15_2_4	2	3	4	1	0
1_15_2_5	2	3	4	1	0
1_15_2_6	2	3	4	1	0
1_15_2_7	2	3	4	1	0
1_15_2_8	2	3	4	1	0
1_15_2_9	2	3	4	1	0
1_15_2_10	2	3	4	1	0
1_15_2_11	2	3	4	1	0
1_15_2_12	2	3	4	1	0
1_15_2_13	2	3	4	1	0
1_15_2_14	2	3	4	1	0
1_15_2_15	2	3	4	1	0
1_15_2_16	2	3	4	1	0
1_15_2_17	2	3	4	1	0
1_15_2_18	2	3	4	1	0
1_15_2_19	2	3	4	1	0
1_15_2_20	2	3	4	1	0
1_15_3_1	2	3	1	4	0
1_15_3_2	2	3	1	4	0
1_15_3_3	2	3	1	4	0
1_15_3_4	2	3	1	4	0
1_15_3_5	2	3	1	4	0
1_15_3_6	2	3	1	4	0
1_15_3_7	2	3	1	4	0
1_15_3_8	2	3	1	4	0
1_15_3_9	2	3	1	4	0
1_15_3_10	2	3	1	4	0
1_15_3_11	2	3	1	4	0
1_15_3_12	2	3	1	4	0
1_15_3_13	2	3	1	4	0
1_15_3_14	2	3	1	4	0
1_15_3_15	2	3	1	4	0
1_15_3_16	2	3	1	4	0
1_15_3_17	2	3	1	4	0
1_15_3_18	2	3	1	4	0
1_15_3_19	2	3	1	4	0
1_15_3_20	2	3	1	4	0
1_15_4_1	2	3	1	4	0
1_15_4_2	2	3	1	4	0
1_15_4_3	2	3	1	4	0
1_15_4_4	2	3	1	4	0
1_15_4_5	2	3	1	4	0
1_15_4_6	2	3	1	4	0
1_15_4_7	2	3	1	4	0
1_15_4_8	2	3	1	4	0
1_15_4_9	2	3	1	4	0
1_15_4_10	2	3	1	4	0
1_15_4_11	2	3	1	4	0
1_15_4_12	2	3	1	4	0
1_15_4_13	2	3	1	4	0
1_15_4_14	2	3	1	4	0
1_15_4_15	2	3	1	4	0
1_15_4_16	2	3	1	4	0
1_15_4_17	2	3	1	4	0
1_15_4_18	2	3	1	4	0
1_15_4_19	2	3	1	4	0
1_15_4_20	2	3	1	4	0
1_15_5_1	2	3	1	4	0
1_15_5_2	2	3	1	4	0
1_15_5_3	2	3	1	4	0
1_15_5_4	2	3	1	4	0
1_15_5_5	2	3	1	4	0
1_15_5_6	2	3	1	4	0
1_15_5_7	2	3	1	4	0
1_15_5_8	2	3	1	4	0
1_15_5_9	2	3	1	4	0
1_15_5_10	2	3	1	4	0
1_15_5_11	2	3	1	4	0
1_15_5_12	2	3	1	4	0
1_15_5_13	2	3	1	4	0
1_15_5_14	2	3	1	4	0
1_15_5_15	2	3	1	4	0
1_15_5_16	2	3	1	4	0
1_15_5_17	2	3	1	4	0
1_15_5_18	2	3	1	4	0
1_15_5_19	2	3	1	4	0
1_15_5_20	2	3	1	4	0
1_16_1_1	2	3	4	1	0
1_16_1_2	2	3	4	1	0
1_16_1_3	2	3	1	4	0
1_16_1_4	2	3	1	4	0
1_16_1_5	2	3	1	4	0
1_16_1_6	2	3	1	4	0
1_16_1_7	2	3	1	4	0
1_16_1_8	2	3	4	1	0
1_16_1_9	2	3	4	1	0
1_16_1_10	2	3	4	1	0
1_16_1_11	2	3	4	1	0
1_16_1_12	2	3	4	1	0
1_16_1_13	2	3	4	1	0
1_16_1_14	2	3	4	1	0
1_16_1_15	2	3	4	1	0
1_16_1_16	2	3	4	1	0
1_16_1_17	2	3	4	1	0
1_16_1_18	2	3	4	1	0
1_16_1_19	2	3	4	1	0
1_16_1_20	2	3	4	1	0
1_16_2_1	2	3	4	1	0
1_16_2_2	2	3	4	1	0
1_16_2_3	2	3	1	4	0
1_16_2_4	2	3	1	4	0
1_16_2_5	2	3	1	4	0
1_16_2_6	2	3	1	4	0
1_16_2_7	2	3	4	1	0
1_16_2_8	2	3	4	1	0
1_16_2_9	2	3	4	1	0
1_16_2_10	2	3	4	1	0
1_16_2_11	2	3	4	1	0
1_16_2_12	2	3	4	1	0
1_16_2_13	2	3	4	1	0
1_16_2_14	2	3	4	1	0
1_16_2_15	2	3	4	1	0
1_16_2_16	2	3	4	1	0
1_16_2_17	2	3	4	1	0
1_16_2_18	2	3	4	1	0
1_16_2_19	2	3	4	1	0
1_16_2_20	2	3	4	1	0
1_16_3_1	2	3	1	4	0
1_16_3_2	2	3	1	4	0
1_16_3_3	2	3	1	4	0
1_16_3_4	2	3	1	4	0
1_16_3_5	2	3	1	4	0
1_16_3_6	2	3	4	1	0
1_16_3_7	2	3	4	1	0
1_16_3_8	2	3	4	1	0
1_16_3_9	2	3	4	1	0
1_16_3_10	2	3	4	1	0
1_16_3_11	2	3	4	1	0
1_16_3_12	2	3	4	1	0
1_16_3_13	2	3	4	1	0
1_16_3_14	2	3	4	1	0
1_16_3_15	2	3	4	1	0
1_16_3_16	2	3	4	1	0
1_16_3_17	2	3	4	1	0
1_16_3_18	2	3	4	1	0
1_16_3_19	2	3	4	1	0
1_16_3_20	2	3	4	1	0
1_16_4_1	2	3	1	4	0
1_16_4_2	2	3	1	4	0
1_16_4_3	2	3	1	4	0
1_16_4_4	2	3	1	4	0
1_16_4_5	2	3	4	1	0
1_16_4_6	2	3	4	1	0
1_16_4_7	2	3	4	1	0
1_16_4_8	2	3	1	4	0
1_16_4_9	2	3	1	4	0
1_16_4_10	2	3	1	4	0
1_16_4_11	2	3	1	4	0
1_16_4_12	2	3	1	4	0
1_16_4_13	2	3	1	4	0
1_16_4_14	2	3	1	4	0
1_16_4_15	2	3	1	4	0
1_16_4_16	2	3	1	4	0
1_16_4_17	2	3	1	4	0
1_16_4_18	2	3	1	4	0
1_16_4_19	2	3	1	4	0
1_16_4_20	2	3	1	4	0
1_16_5_1	2	3	1	4	0
1_16_5_2	2	2	1	4	0
1_16_5_3	2	2	1	4	0
1_16_5_4	2	2	4	1	0
1_16_5_5	2	2	4	1	0
1_16_5_6	2	2	4	1	0
1_16_5_7	2	2	1	4	0
1_16_5_8	2	2	1	4	0
1_16_5_9	2	2	1	4	0
1_16_5_10	2	2	1	4	0
1_16_5_11	2	2	1	4	0
1_16_5_12	2	2	1	4	0
1_16_5_13	2	2	1	4	0
1_16_5_14	2	2	1	4	0
1_16_5_15	2	2	1	4	0
1_16_5_16	2	2	1	4	0
1_16_5_17	2	2	1	4	0
1_16_5_18	2	2	1	4	0
1_16_5_19	2	2	1	4	0
1_16_5_20	2	2	1	4	0
1_18_1_1	2	3	4	1	0
1_18_1_2	2	3	4	1	0
1_18_1_3	2	3	4	1	0
1_18_1_4	2	3	4	1	0
1_18_1_5	2	3	4	1	0
1_18_1_6	2	3	4	1	0
1_18_1_7	2	3	4	1	0
1_18_1_8	2	3	4	1	0
1_18_1_9	2	3	4	1	0
1_18_1_10	2	3	4	1	0
1_18_1_11	2	3	4	1	0
1_18_1_12	2	3	4	1	0
1_18_1_13	2	3	4	1	0
1_18_1_14	2	3	4	1	0
1_18_1_15	2	3	4	1	0
1_18_1_16	2	3	4	1	0
1_18_1_17	2	3	4	1	0
1_18_1_18	2	3	4	1	0
1_18_1_19	2	3	4	1	0
1_18_1_20	2	3	4	1	0
1_18_2_1	2	3	4	1	0
1_18_2_2	2	3	4	1	0
1_18_2_3	2	3	4	1	0
1_18_2_4	2	3	4	1	0
1_18_2_5	2	3	4	1	0
1_18_2_6	2	3	4	1	0
1_18_2_7	2	3	4	1	0
1_18_2_8	2	3	4	1	0
1_18_2_9	2	3	4	1	0
1_18_2_10	2	3	4	1	0
1_18_2_11	2	3	4	1	0
1_18_2_12	2	3	4	1	0
1_18_2_13	2	3	4	1	0
1_18_2_14	2	3	4	1	0
1_18_2_15	2	3	4	1	0
1_18_2_16	2	3	4	1	0
1_18_2_17	2	3	4	1	0
1_18_2_18	2	3	4	1	0
1_18_2_19	2	3	4	1	0
1_18_2_20	2	3	4	1	0
1_18_3_1	1	3	4	2	0
1_18_3_2	1	3	4	2	0
1_18_3_3	1	3	4	2	0
1_18_3_4	1	3	4	2	0
1_18_3_5	1	3	4	2	0
1_18_3_6	1	3	4	2	0
1_18_3_7	1	3	4	2	0
1_18_3_8	1	3	4	2	0
1_18_3_9	1	3	4	2	0
1_18_3_10	1	3	4	2	0
1_18_3_11	1	3	4	2	0
1_18_3_12	1	3	4	2	0
1_18_3_13	1	3	4	2	0
1_18_3_14	1	3	4	2	0
1_18_3_15	1	3	4	2	0
1_18_3_16	1	3	4	2	0
1_18_3_17	1	3	4	2	0
1_18_3_18	1	3	4	2	0
1_18_3_19	1	3	4	2	0
1_18_3_20	1	3	4	2	0
1_18_4_1	2	3	1	4	0
1_18_4_2	2	3	1	4	0
1_18_4_3	2	3	1	4	0
1_18_4_4	2	3	1	4	0
1_18_4_5	2	3	1	4	0
1_18_4_6	2	3	1	4	0
1_18_4_7	2	3	1	4	0
1_18_4_8	2	3	1	4	0
1_18_4_9	2	3	1	4	0
1_18_4_10	2	3	1	4	0
1_18_4_11	2	3	1	4	0
1_18_4_12	2	3	1	4	0
1_18_4_13	2	3	1	4	0
1_18_4_14	2	3	1	4	0
1_18_4_15	2	3	1	4	0
1_18_4_16	2	3	1	4	0
1_18_4_17	2	3	1	4	0
1_18_4_18	2	3	1	4	0
1_18_4_19	2	3	1	4	0
1_18_4_20	2	3	1	4	0
1_18_5_1	3	2	1	4	0
1_18_5_2	3	2	1	4	0
1_18_5_3	3	2	1	4	0
1_18_5_4	3	2	1	4	0
1_18_5_5	3	2	1	4	0
1_18_5_6	3	2	1	4	0
1_18_5_7	3	2	1	4	0
1_18_5_8	3	2	1	4	0
1_18_5_9	3	2	1	4	0
1_18_5_10	3	2	1	4	0
1_18_5_11	3	2	1	4	0
1_18_5_12	3	2	1	4	0
1_18_5_13	3	2	1	4	0
1_18_5_14	3	2	1	4	0
1_18_5_15	3	2	1	4	0
1_18_5_16	3	2	1	4	0
1_18_5_17	3	2	1	4	0
1_18_5_18	3	2	1	4	0
1_18_5_19	3	2	1	4	0
1_18_5_20	3	2	1	4	0
1_18_6_1	3	2	1	4	0
1_18_6_2	3	2	1	4	0
1_18_6_3	3	2	1	4	0
1_18_6_4	3	2	1	4	0
1_18_6_5	3	2	1	4	0
1_18_6_6	3	2	1	4	0
1_18_6_7	3	2	1	4	0
1_18_6_8	3	2	1	4	0
1_18_6_9	3	2	1	4	0
1_18_6_10	3	2	1	4	0
1_18_6_11	3	2	1	4	0
1_18_6_12	3	2	1	4	0
1_18_6_13	3	2	1	4	0
1_18_6_14	3	2	1	4	0
1_18_6_15	3	2	1	4	0
1_18_6_16	3	2	1	4	0
1_18_6_17	3	2	1	4	0
1_18_6_18	3	2	1	4	0
1_18_6_19	3	2	1	4	0
1_18_6_20	3	2	1	4	0
1_18_7_1	2	1	1	3	0
1_18_7_2	2	1	1	3	0
1_18_7_3	2	1	1	3	0
1_18_7_4	2	1	1	3	0
1_18_7_5	2	1	1	3	0
1_18_7_6	2	1	1	3	0
1_18_7_7	2	1	1	3	0
1_18_7_8	2	1	1	3	0
1_18_7_9	2	1	1	3	0
1_18_7_10	2	1	1	3	0
1_18_7_11	2	1	1	3	0
1_18_7_12	2	1	1	3	0
1_18_7_13	2	1	1	3	0
1_18_7_14	2	1	1	3	0
1_18_7_15	2	1	1	3	0
1_18_7_16	2	1	1	3	0
1_18_7_17	2	1	1	3	0
1_18_7_18	2	1	1	3	0
1_18_7_19	2	1	1	3	0
1_18_7_20	2	1	1	3	0
1_18_8_1	3	1	1	2	0
1_18_8_2	3	1	1	2	0
1_18_8_3	3	1	1	2	0
1_18_8_4	3	1	1	2	0
1_18_8_5	3	1	1	2	0
1_18_8_6	3	1	1	2	0
1_18_8_7	3	1	1	2	0
1_18_8_8	3	1	1	2	0
1_18_8_9	3	1	1	2	0
1_18_8_10	3	1	1	2	0
1_18_8_11	3	1	1	2	0
1_18_8_12	3	1	1	2	0
1_18_8_13	3	1	1	2	0
1_18_8_14	3	1	1	2	0
1_18_8_15	3	1	1	2	0
1_18_8_16	3	1	1	2	0
1_18_8_17	3	1	1	2	0
1_18_8_18	3	1	1	2	0
1_18_8_19	3	1	1	2	0
1_18_8_20	3	1	1	2	0
1_51_1_1	2	2	4	1	0
1_51_1_2	2	2	4	1	0
1_51_1_3	2	2	4	1	0
1_51_1_4	2	2	4	1	0
1_51_1_5	2	2	4	1	0
1_51_1_6	2	2	4	1	0
1_51_1_7	2	2	4	1	0
1_51_1_8	2	2	4	1	0
1_51_1_9	2	2	4	1	0
1_51_1_10	2	2	4	1	0
1_51_1_11	2	2	4	1	0
1_51_1_12	2	2	4	1	0
1_51_1_13	2	2	4	1	0
1_51_1_14	2	2	4	1	0
1_51_1_15	2	2	4	1	0
1_51_1_16	2	2	4	1	0
1_51_1_17	2	2	4	1	0
1_51_1_18	2	2	4	1	0
1_51_1_19	3	2	4	1	0
1_51_1_20	3	2	4	1	0
1_51_2_1	3	2	4	1	0
1_51_2_2	3	2	4	1	0
1_51_2_3	3	2	4	1	0
1_51_2_4	3	2	4	1	0
1_51_2_5	3	2	4	1	0
1_51_2_6	3	2	4	1	0
1_51_2_7	3	2	4	1	0
1_51_2_8	3	2	4	1	0
1_51_2_9	3	2	4	1	0
1_51_2_10	3	2	4	1	0
1_51_2_11	3	2	4	1	0
1_51_2_12	3	2	4	1	0
1_51_2_13	3	2	4	1	0
1_51_2_14	3	2	4	1	0
1_51_2_15	3	2	4	1	0
1_51_2_16	3	2	4	1	0
1_51_2_17	3	2	4	1	0
1_51_2_18	3	2	4	1	0
1_51_2_19	3	2	4	1	0
1_51_2_20	3	2	4	1	0
1_51_3_1	3	2	1	4	0
1_51_3_2	3	2	1	4	0
1_51_3_3	3	2	1	4	0
1_51_3_4	3	2	1	4	0
1_51_3_5	3	2	1	4	0
1_51_3_6	3	2	1	4	0
1_51_3_7	3	2	1	4	0
1_51_3_8	3	2	1	4	0
1_51_3_9	3	2	1	4	0
1_51_3_10	3	2	1	4	0
1_51_3_11	3	2	1	4	0
1_51_3_12	3	2	1	4	0
1_51_3_13	3	2	1	4	0
1_51_3_14	3	2	1	4	0
1_51_3_15	3	2	1	4	0
1_51_3_16	3	2	1	4	0
1_51_3_17	3	2	1	4	0
1_51_3_18	3	2	1	4	0
1_51_3_19	3	2	1	4	0
1_51_3_20	3	2	1	4	0
1_51_4_1	3	2	1	4	0
1_51_4_2	3	2	1	4	0
1_51_4_3	3	2	1	4	0
1_51_4_4	3	2	1	4	0
1_51_4_5	3	2	1	4	0
1_51_4_6	3	2	1	4	0
1_51_4_7	3	2	1	4	0
1_51_4_8	3	2	1	4	0
1_51_4_9	3	2	1	4	0
1_51_4_10	3	2	1	4	0
1_51_4_11	3	2	1	4	0
1_51_4_12	3	2	1	4	0
1_51_4_13	3	2	1	4	0
1_51_4_14	3	2	1	4	0
1_51_4_15	3	2	1	4	0
1_51_4_16	3	2	1	4	0
1_51_4_17	3	2	1	4	0
1_51_4_18	3	2	1	4	0
1_51_4_19	3	2	1	4	0
1_51_4_20	3	2	1	4	0
1_51_5_1	3	2	1	4	0
1_51_5_2	3	2	1	4	0
1_51_5_3	3	2	1	4	0
1_51_5_4	3	2	1	4	0
1_51_5_5	3	2	1	4	0
1_51_5_6	3	2	1	4	0
1_51_5_7	3	2	1	4	0
1_51_5_8	3	2	1	4	0
1_51_5_9	3	2	1	4	0
1_51_5_10	3	2	1	4	0
1_51_5_11	3	2	1	4	0
1_51_5_12	3	2	1	4	0
1_51_5_13	3	2	1	4	0
1_51_5_14	3	2	1	4	0
1_51_5_15	3	2	1	4	0
1_51_5_16	3	2	1	4	0
1_51_5_17	3	2	1	4	0
1_51_5_18	3	2	1	4	0
1_51_5_19	3	2	1	4	0
1_51_5_20	3	3	1	4	0
1_52_1_1	3	3	4	1	0
1_52_1_2	3	3	4	1	0
1_52_1_3	3	3	4	1	0
1_52_1_4	3	3	4	1	0
1_52_1_5	3	3	4	1	0
1_52_1_6	3	3	4	1	0
1_52_1_7	3	3	4	1	0
1_52_1_8	3	3	4	1	0
1_52_1_9	3	3	4	1	0
1_52_1_10	3	3	4	1	0
1_52_1_11	3	3	4	1	0
1_52_1_12	3	3	4	1	0
1_52_1_13	3	3	4	1	0
1_52_1_14	3	3	4	1	0
1_52_1_15	3	3	4	1	0
1_52_1_16	3	3	4	1	0
1_52_1_17	3	3	4	1	0
1_52_1_18	3	3	4	1	0
1_52_1_19	2	3	4	1	0
1_52_1_20	2	3	4	1	0
1_52_2_1	2	3	4	1	0
1_52_2_2	2	3	4	1	0
1_52_2_3	2	3	4	1	0
1_52_2_4	2	3	4	1	0
1_52_2_5	2	3	4	1	0
1_52_2_6	2	3	4	1	0
1_52_2_7	2	3	4	1	0
1_52_2_8	2	3	4	1	0
1_52_2_9	2	3	4	1	0
1_52_2_10	2	3	4	1	0
1_52_2_11	2	3	4	1	0
1_52_2_12	2	3	4	1	0
1_52_2_13	2	3	4	1	0
1_52_2_14	2	3	4	1	0
1_52_2_15	2	3	4	1	0
1_52_2_16	2	3	4	1	0
1_52_2_17	2	3	4	1	0
1_52_2_18	2	3	4	1	0
1_52_2_19	2	3	4	1	0
1_52_2_20	2	3	4	1	0
1_52_3_1	2	3	1	4	0
1_52_3_2	2	3	1	4	0
1_52_3_3	2	3	1	4	0
1_52_3_4	2	3	1	4	0
1_52_3_5	2	3	1	4	0
1_52_3_6	2	3	1	4	0
1_52_3_7	2	3	1	4	0
1_52_3_8	2	3	1	4	0
1_52_3_9	2	3	1	4	0
1_52_3_10	2	3	1	4	0
1_52_3_11	2	3	1	4	0
1_52_3_12	2	3	1	4	0
1_52_3_13	2	3	1	4	0
1_52_3_14	2	3	1	4	0
1_52_3_15	2	3	1	4	0
1_52_3_16	2	3	1	4	0
1_52_3_17	2	3	1	4	0
1_52_3_18	2	3	1	4	0
1_52_3_19	2	3	1	4	0
1_52_3_20	2	3	1	4	0
1_52_4_1	2	3	1	4	0
1_52_4_2	2	3	1	4	0
1_52_4_3	2	3	1	4	0
1_52_4_4	2	3	1	4	0
1_52_4_5	2	3	1	4	0
1_52_4_6	2	3	1	4	0
1_52_4_7	2	3	1	4	0
1_52_4_8	2	3	1	4	0
1_52_4_9	2	3	1	4	0
1_52_4_10	2	3	1	4	0
1_52_4_11	2	3	1	4	0
1_52_4_12	2	3	1	4	0
1_52_4_13	2	3	1	4	0
1_52_4_14	2	3	1	4	0
1_52_4_15	2	3	1	4	0
1_52_4_16	2	3	1	4	0
1_52_4_17	2	3	1	4	0
1_52_4_18	2	3	1	4	0
1_52_4_19	2	3	1	4	0
1_52_4_20	2	3	1	4	0
1_52_5_1	2	3	1	4	0
1_52_5_2	2	3	1	4	0
1_52_5_3	2	3	1	4	0
1_52_5_4	2	3	1	4	0
1_52_5_5	2	3	1	4	0
1_52_5_6	2	3	1	4	0
1_52_5_7	2	3	1	4	0
1_52_5_8	2	3	1	4	0
1_52_5_9	2	3	1	4	0
1_52_5_10	2	3	1	4	0
1_52_5_11	2	3	1	4	0
1_52_5_12	2	3	1	4	0
1_52_5_13	2	3	1	4	0
1_52_5_14	2	3	1	4	0
1_52_5_15	2	3	1	4	0
1_52_5_16	2	3	1	4	0
1_52_5_17	2	3	1	4	0
1_52_5_18	2	3	1	4	0
1_52_5_19	2	3	1	4	0
1_52_5_20	2	3	1	4	0
1_54_1_1	2	3	4	1	0
1_54_1_2	2	3	4	1	0
1_54_1_3	2	3	4	1	0
1_54_1_4	2	3	4	1	0
1_54_1_5	2	3	4	1	0
1_54_1_6	2	3	4	1	0
1_54_1_7	2	3	4	1	0
1_54_1_8	2	3	1	4	0
1_54_1_9	2	3	1	4	0
1_54_1_10	2	3	1	4	0
1_54_1_11	2	3	1	4	0
1_54_1_12	2	3	1	4	0
1_54_1_13	2	3	1	4	0
1_54_1_14	2	3	1	4	0
1_54_1_15	2	3	1	4	0
1_54_1_16	2	3	1	4	0
1_54_1_17	2	3	1	4	0
1_54_1_18	2	3	1	4	0
1_54_1_19	2	3	1	4	0
1_54_1_20	2	3	1	4	0
1_54_2_1	2	3	4	1	0
1_54_2_2	2	3	4	1	0
1_54_2_3	2	3	4	1	0
1_54_2_4	2	3	4	1	0
1_54_2_5	2	3	4	1	0
1_54_2_6	2	3	4	1	0
1_54_2_7	2	3	4	1	0
1_54_2_8	2	3	1	4	0
1_54_2_9	2	3	1	4	0
1_54_2_10	2	3	1	4	0
1_54_2_11	2	3	1	4	0
1_54_2_12	2	3	1	4	0
1_54_2_13	2	3	1	4	0
1_54_2_14	2	3	1	4	0
1_54_2_15	2	3	1	4	0
1_54_2_16	2	3	1	4	0
1_54_2_17	2	3	1	4	0
1_54_2_18	2	3	1	4	0
1_54_2_19	2	3	1	4	0
1_54_2_20	2	3	1	4	0
1_54_3_1	2	3	4	1	0
1_54_3_2	2	3	4	1	0
1_54_3_3	2	3	4	1	0
1_54_3_4	2	3	4	1	0
1_54_3_5	2	3	4	1	0
1_54_3_6	2	3	4	1	0
1_54_3_7	2	3	1	4	0
1_54_3_8	2	3	1	4	0
1_54_3_9	2	3	1	4	0
1_54_3_10	2	3	1	4	0
1_54_3_11	2	3	1	4	0
1_54_3_12	2	3	1	4	0
1_54_3_13	2	3	1	4	0
1_54_3_14	2	3	1	4	0
1_54_3_15	2	3	1	4	0
1_54_3_16	2	3	1	4	0
1_54_3_17	2	3	1	4	0
1_54_3_18	2	3	1	4	0
1_54_3_19	2	3	1	4	0
1_54_3_20	2	2	1	4	0
1_54_4_1	2	2	1	4	0
1_54_4_2	2	2	1	4	0
1_54_4_3	2	2	1	4	0
1_54_4_4	2	2	1	4	0
1_54_4_5	2	2	1	4	0
1_54_4_6	2	2	1	4	0
1_54_4_7	2	2	1	4	0
1_54_4_8	2	2	1	4	0
1_54_4_9	2	2	1	4	0
1_54_4_10	2	2	1	4	0
1_54_4_11	2	2	1	4	0
1_54_4_12	2	2	1	4	0
1_54_4_13	2	2	1	4	0
1_54_4_14	2	2	1	4	0
1_54_4_15	2	2	1	4	0
1_54_4_16	2	2	1	4	0
1_54_4_17	2	2	1	4	0
1_54_4_18	2	2	1	4	0
1_54_4_19	3	2	1	4	0
1_54_4_20	3	2	1	4	0
1_54_5_1	3	2	1	4	0
1_54_5_2	3	2	1	4	0
1_54_5_3	3	2	1	4	0
1_54_5_4	3	2	1	4	0
1_54_5_5	3	2	1	4	0
1_54_5_6	3	2	1	4	0
1_54_5_7	3	2	1	4	0
1_54_5_8	3	2	1	4	0
1_54_5_9	3	2	1	4	0
1_54_5_10	3	2	1	4	0
1_54_5_11	3	2	1	4	0
1_54_5_12	3	2	1	4	0
1_54_5_13	3	2	1	4	0
1_54_5_14	3	2	1	4	0
1_54_5_15	3	2	1	4	0
1_54_5_16	3	2	1	4	0
1_54_5_17	3	2	1	4	0
1_54_5_18	3	2	1	4	0
1_54_5_19	3	2	1	4	0
1_54_5_20	3	2	1	4	0
