INT	INT	INT	INT	INT	STRING
MapId	RegionNum	MonsterId	MonsterNum	Special	SpecialResurrection
50042	8	10001	144	0	-1
50113	8	10002	144	0	-1
50114	8	10003	144	0	-1
50115	8	9996	144	0	-1
50107	8	10004	64	0	-1
50107	8	11004	64	0	-1
50107	1	9998	1	0	-1
50107	1	9999	1	0	-1
50116	8	10005	64	0	-1
50116	8	11005	64	0	-1
50116	1	9998	1	0	-1
50116	1	9999	1	0	-1
50117	4	10004	32	0	-1
50117	4	10005	16	0	-1
50117	2	10006	4	0	-1
50117	4	11004	32	0	-1
50117	4	11005	16	0	-1
50117	2	11006	4	0	-1
50117	1	9998	1	0	-1
50117	1	9999	1	0	-1
50118	4	10004	32	0	-1
50118	4	10005	16	0	-1
50118	2	10006	4	0	-1
50118	4	11004	32	0	-1
50118	4	11005	16	0	-1
50118	2	11006	4	0	-1
50118	1	9998	1	0	-1
50118	1	9999	1	0	-1
50140	4	10004	48	0	-1
50140	4	10005	48	0	-1
50140	4	10006	24	0	-1
50140	4	10007	24	0	-1
50140	4	10008	24	0	-1
50140	4	10009	8	0	-1
50140	4	10010	8	0	-1
50140	4	10011	8	0	-1
50140	1	10012	4	0	-1
50140	1	10013	4	0	-1
50140	1	10014	2	0	-1
50140	1	10015	2	0	-1
50140	1	9997	2	0	-1
50140	4	11004	48	0	-1
50140	4	11005	48	0	-1
50140	4	11006	24	0	-1
50140	4	11007	24	0	-1
50140	4	11008	24	0	-1
50140	4	11009	8	0	-1
50140	4	11010	8	0	-1
50140	4	11011	8	0	-1
50140	1	11012	4	0	-1
50140	1	11013	4	0	-1
50140	1	11014	2	0	-1
50140	1	11015	2	0	-1
50140	1	10032	1	0	-1
50140	1	10034	1	0	-1
50140	1	9998	2	0	-1
50140	1	9999	2	0	-1
50106	4	10004	48	0	-1
50106	4	10005	48	0	-1
50106	4	10006	24	0	-1
50106	4	10007	24	0	-1
50106	4	10008	24	0	-1
50106	4	10009	8	0	-1
50106	4	10010	8	0	-1
50106	4	10011	8	0	-1
50106	1	10012	4	0	-1
50106	1	10013	4	0	-1
50106	1	10014	2	0	-1
50106	1	10015	2	0	-1
50106	1	9997	2	0	-1
50106	4	11004	48	0	-1
50106	4	11005	48	0	-1
50106	4	11006	24	0	-1
50106	4	11007	24	0	-1
50106	4	11008	24	0	-1
50106	4	11009	8	0	-1
50106	4	11010	8	0	-1
50106	4	11011	8	0	-1
50106	1	11012	4	0	-1
50106	1	11013	4	0	-1
50106	1	11014	2	0	-1
50106	1	11015	2	0	-1
50106	1	10033	1	0	-1
50106	1	10034	1	0	-1
50106	1	9998	2	0	-1
50106	1	9999	2	0	-1
50111	4	10004	24	0	-1
50111	4	10005	8	0	-1
50111	4	10006	16	0	-1
50111	2	10007	4	0	-1
50111	4	11004	24	0	-1
50111	4	11005	8	0	-1
50111	4	11006	16	0	-1
50111	2	11007	4	0	-1
50111	1	9998	1	0	-1
50111	1	9999	1	0	-1
50119	4	10004	24	0	-1
50119	4	10005	8	0	-1
50119	4	10006	16	0	-1
50119	2	10007	4	0	-1
50119	4	11004	24	0	-1
50119	4	11005	8	0	-1
50119	4	11006	16	0	-1
50119	2	11007	4	0	-1
50119	1	9998	1	0	-1
50119	1	9999	1	0	-1
50120	4	10004	24	0	-1
50120	4	10005	8	0	-1
50120	4	10006	8	0	-1
50120	2	10007	16	0	-1
50120	4	11004	24	0	-1
50120	4	11005	8	0	-1
50120	4	11006	8	0	-1
50120	2	11007	16	0	-1
50120	1	9998	1	0	-1
50120	1	9999	1	0	-1
50121	4	10004	24	0	-1
50121	4	10005	8	0	-1
50121	4	10006	8	0	-1
50121	2	10007	16	0	-1
50121	4	11004	24	0	-1
50121	4	11005	8	0	-1
50121	4	11006	8	0	-1
50121	2	11007	16	0	-1
50121	1	9998	1	0	-1
50121	1	9999	1	0	-1
50101	4	10005	12	0	-1
50101	4	10006	12	0	-1
50101	4	10007	8	0	-1
50101	4	10008	12	0	-1
50101	4	10009	4	0	-1
50101	4	11005	12	0	-1
50101	4	11006	12	0	-1
50101	4	11007	8	0	-1
50101	4	11008	12	0	-1
50101	4	11009	4	0	-1
50101	1	9998	1	0	-1
50101	1	9999	1	0	-1
50122	4	10005	12	0	-1
50122	4	10006	12	0	-1
50122	4	10007	8	0	-1
50122	4	10008	12	0	-1
50122	4	10009	4	0	-1
50122	4	11005	12	0	-1
50122	4	11006	12	0	-1
50122	4	11007	8	0	-1
50122	4	11008	12	0	-1
50122	4	11009	4	0	-1
50122	1	9998	1	0	-1
50122	1	9999	1	0	-1
50123	4	10005	12	0	-1
50123	4	10006	12	0	-1
50123	4	10007	8	0	-1
50123	4	10008	4	0	-1
50123	4	10009	8	0	-1
50123	4	11005	12	0	-1
50123	4	11006	12	0	-1
50123	4	11007	8	0	-1
50123	4	11008	4	0	-1
50123	4	11009	8	0	-1
50123	1	9998	1	0	-1
50123	1	9999	1	0	-1
50124	4	10005	12	0	-1
50124	4	10006	12	0	-1
50124	4	10007	8	0	-1
50124	4	10008	4	0	-1
50124	4	10009	8	0	-1
50124	4	11005	12	0	-1
50124	4	11006	12	0	-1
50124	4	11007	8	0	-1
50124	4	11008	4	0	-1
50124	4	11009	8	0	-1
50124	1	9998	1	0	-1
50124	1	9999	1	0	-1
50024	2	10004	6	0	-1
50024	2	10005	6	0	-1
50024	2	10006	6	0	-1
50024	2	10007	6	0	-1
50024	2	11004	6	0	-1
50024	2	11005	6	0	-1
50024	2	11006	6	0	-1
50024	2	11007	6	0	-1
50024	1	9998	1	0	-1
50024	1	9999	1	0	-1
50025	1	10005	5	0	-1
50025	1	10006	5	0	-1
50025	1	10007	5	0	-1
50025	1	10008	5	0	-1
50025	1	10009	5	0	-1
50025	1	11005	5	0	-1
50025	1	11006	5	0	-1
50025	1	11007	5	0	-1
50025	1	11008	5	0	-1
50025	1	11009	5	0	-1
50025	1	9998	1	0	-1
50025	1	9999	1	0	-1
50026	2	10005	4	0	-1
50026	2	10006	4	0	-1
50026	2	10007	4	0	-1
50026	2	10008	4	0	-1
50026	2	10009	4	0	-1
50026	2	10010	4	0	-1
50026	2	11005	4	0	-1
50026	2	11006	4	0	-1
50026	2	11007	4	0	-1
50026	2	11008	4	0	-1
50026	2	11009	4	0	-1
50026	2	11010	4	0	-1
50026	1	9998	1	0	-1
50026	1	9999	1	0	-1
50027	2	10007	4	0	-1
50027	2	10008	4	0	-1
50027	2	10009	4	0	-1
50027	2	10010	4	0	-1
50027	2	10011	4	0	-1
50027	2	10012	4	0	-1
50027	2	11007	4	0	-1
50027	2	11008	4	0	-1
50027	2	11009	4	0	-1
50027	2	11010	4	0	-1
50027	2	11011	4	0	-1
50027	2	11012	4	0	-1
50027	1	9998	1	0	-1
50027	1	9999	1	0	-1
50028	2	10009	4	0	-1
50028	2	10010	4	0	-1
50028	2	10011	4	0	-1
50028	2	10012	2	0	-1
50028	2	10013	2	0	-1
50028	2	10014	2	0	-1
50028	2	11009	4	0	-1
50028	2	11010	4	0	-1
50028	2	11011	4	0	-1
50028	2	11012	2	0	-1
50028	2	11013	2	0	-1
50028	2	11014	2	0	-1
50028	1	10016	1	0	-1
50028	1	9998	1	0	-1
50028	1	9999	1	0	-1
50029	2	10011	2	0	-1
50029	2	10012	2	0	-1
50029	2	10013	2	0	-1
50029	2	10014	2	0	-1
50029	2	10015	2	0	-1
50029	2	9997	2	0	-1
50029	2	11011	2	0	-1
50029	2	11012	2	0	-1
50029	2	11013	2	0	-1
50029	2	11014	2	0	-1
50029	2	11015	2	0	-1
50029	2	11016	2	0	-1
50029	1	10016	1	0	-1
50029	1	10017	1	0	-1
50029	1	10018	1	0	-1
50029	1	9998	1	0	-1
50029	1	9999	1	0	-1
50030	2	10011	2	0	-1
50030	2	10012	2	0	-1
50030	2	10013	2	0	-1
50030	2	10014	2	0	-1
50030	2	10015	2	0	-1
50030	2	9997	2	0	-1
50030	2	11011	2	0	-1
50030	2	11012	4	0	-1
50030	2	11013	2	0	-1
50030	2	11014	2	0	-1
50030	2	11015	2	0	-1
50030	2	11016	2	0	-1
50030	1	10016	1	0	-1
50030	1	10017	1	0	-1
50030	1	10018	1	0	-1
50030	1	10019	1	0	-1
50030	2	10020	2	0	-1
50030	1	9998	1	0	-1
50030	1	9999	1	0	-1
50031	2	10012	2	0	-1
50031	2	10013	2	0	-1
50031	2	10014	2	0	-1
50031	2	10015	2	0	-1
50031	2	9997	2	0	-1
50031	2	11012	2	0	-1
50031	2	11013	2	0	-1
50031	2	11014	2	0	-1
50031	2	11015	2	0	-1
50031	2	11016	2	0	-1
50031	1	10016	1	0	-1
50031	1	10017	1	0	-1
50031	1	10018	1	0	-1
50031	1	10019	1	0	-1
50031	1	10020	1	0	-1
50031	1	10021	1	0	-1
50031	1	10022	1	0	-1
50031	1	9998	1	0	-1
50031	1	9999	1	0	-1
50032	2	10013	2	0	-1
50032	2	10014	2	0	-1
50032	2	10015	2	0	-1
50032	2	9997	2	0	-1
50032	2	11013	2	0	-1
50032	2	11014	2	0	-1
50032	2	11015	2	0	-1
50032	2	11016	2	0	-1
50032	1	10016	1	0	-1
50032	1	10017	1	0	-1
50032	1	10018	1	0	-1
50032	1	10019	1	0	-1
50032	1	10020	1	0	-1
50032	1	10021	1	0	-1
50032	1	10022	1	0	-1
50032	1	10023	1	0	-1
50032	1	10024	1	0	-1
50032	1	9998	1	0	-1
50032	1	9999	1	0	-1
50033	2	10014	2	0	-1
50033	2	10015	2	0	-1
50033	2	9997	2	0	-1
50033	2	11014	2	0	-1
50033	2	11015	2	0	-1
50033	2	11016	2	0	-1
50033	1	10016	1	0	-1
50033	1	10017	1	0	-1
50033	1	10018	1	0	-1
50033	1	10019	1	0	-1
50033	1	10020	1	0	-1
50033	1	10021	1	0	-1
50033	1	10022	1	0	-1
50033	1	10023	1	0	-1
50033	1	10024	1	0	-1
50033	1	10025	1	0	-1
50033	1	10026	1	0	-1
50033	1	9998	1	0	-1
50033	1	9999	1	0	-1
50035	1	9998	1	0	-1
50035	1	9999	1	0	-1
50035	2	10009	2	0	-1
50035	2	10010	2	0	-1
50035	2	10011	2	0	-1
50035	2	10012	2	0	-1
50035	2	10013	2	0	-1
50035	2	10014	2	0	-1
50035	2	11009	2	0	-1
50035	2	11010	2	0	-1
50035	2	11011	2	0	-1
50035	2	11012	2	0	-1
50035	2	11013	2	0	-1
50035	2	11014	2	0	-1
50035	1	10016	1	0	-1
50035	1	10017	1	0	-1
50036	1	9998	1	0	-1
50036	1	9999	1	0	-1
50036	2	10010	2	0	-1
50036	2	10011	2	0	-1
50036	2	10012	2	0	-1
50036	2	10013	2	0	-1
50036	2	10014	2	0	-1
50036	1	10015	1	0	-1
50036	1	9997	1	0	-1
50036	2	11010	2	0	-1
50036	2	11011	2	0	-1
50036	2	11012	2	0	-1
50036	2	11013	2	0	-1
50036	2	11014	2	0	-1
50036	1	11015	1	0	-1
50036	1	11016	1	0	-1
50036	1	10016	1	0	-1
50036	1	10017	1	0	-1
50036	1	10018	1	0	-1
50036	1	10019	1	0	-1
50037	1	9998	1	0	-1
50037	1	9999	1	0	-1
50037	2	10012	2	0	-1
50037	2	10013	2	0	-1
50037	2	10014	2	0	-1
50037	2	10015	2	0	-1
50037	2	9997	2	0	-1
50037	2	11012	2	0	-1
50037	2	11013	2	0	-1
50037	2	11014	2	0	-1
50037	2	11015	2	0	-1
50037	2	11016	2	0	-1
50037	1	10016	1	0	-1
50037	1	10017	1	0	-1
50037	1	10018	1	0	-1
50037	1	10019	1	0	-1
50037	1	10020	1	0	-1
50037	1	10021	1	0	-1
50038	1	9998	1	0	-1
50038	1	9999	1	0	-1
50038	2	10013	2	0	-1
50038	2	10014	2	0	-1
50038	2	10015	2	0	-1
50038	2	9997	2	0	-1
50038	2	11013	2	0	-1
50038	2	11014	2	0	-1
50038	2	11015	2	0	-1
50038	2	11016	2	0	-1
50038	1	10016	1	0	-1
50038	1	10017	1	0	-1
50038	1	10018	1	0	-1
50038	1	10019	1	0	-1
50038	1	10020	1	0	-1
50038	1	10021	1	0	-1
50038	1	10022	1	0	-1
50038	1	10023	1	0	-1
50112	1	9998	1	0	-1
50112	1	9999	1	0	-1
50112	1	10014	0	0	-1
50112	1	10015	0	0	-1
50112	1	9997	0	0	-1
50112	2	11014	8	0	-1
50112	2	11015	8	0	-1
50112	2	11016	8	0	-1
50112	1	10032	1	0	-1
50112	1	10033	1	0	-1
50112	1	10034	1	0	-1
50112	1	10035	1	0	-1
50112	1	10036	1	0	-1
50112	1	10037	1	0	-1
50112	1	10038	1	0	-1
50112	1	10039	1	0	-1
50112	1	10040	0	0	-1
50112	1	10041	1	0	-1
50102	4	10005	12	0	-1
50102	4	10006	12	0	-1
50102	4	10007	12	0	-1
50102	2	10008	6	0	-1
50102	2	10009	6	0	-1
50102	2	10010	8	0	-1
50102	4	11005	12	0	-1
50102	4	11006	12	0	-1
50102	4	11007	12	0	-1
50102	2	11008	6	0	-1
50102	2	11009	6	0	-1
50102	2	11010	8	0	-1
50102	1	9998	1	0	-1
50102	1	9999	1	0	-1
50103	4	10006	12	0	-1
50103	4	10007	12	0	-1
50103	4	10008	12	0	-1
50103	2	10009	4	0	-1
50103	2	10010	4	0	-1
50103	2	10011	6	0	-1
50103	4	11006	12	0	-1
50103	4	11007	12	0	-1
50103	4	11008	12	0	-1
50103	2	11009	4	0	-1
50103	2	11010	4	0	-1
50103	2	11011	6	0	-1
50103	1	9998	1	0	-1
50103	1	9999	1	0	-1
50092	4	10007	12	0	-1
50092	4	10008	12	0	-1
50092	4	10009	8	0	-1
50092	2	10010	4	0	-1
50092	2	10011	4	0	-1
50092	2	10012	4	0	-1
50092	4	11007	12	0	-1
50092	4	11008	12	0	-1
50092	4	11009	8	0	-1
50092	2	11010	4	0	-1
50092	2	11011	4	0	-1
50092	2	11012	4	0	-1
50092	1	9998	1	0	-1
50092	1	9999	1	0	-1
50094	4	10008	12	0	-1
50094	4	10009	8	0	-1
50094	4	10010	4	0	-1
50094	2	10011	4	0	-1
50094	2	10012	4	0	-1
50094	2	10013	2	0	-1
50094	4	11008	12	0	-1
50094	4	11009	8	0	-1
50094	4	11010	4	0	-1
50094	2	11011	4	0	-1
50094	2	11012	4	0	-1
50094	2	11013	2	0	-1
50094	1	9998	1	0	-1
50094	1	9999	1	0	-1
50131	2	10009	8	0	-1
50131	2	10010	4	0	-1
50131	2	10011	4	0	-1
50131	2	10012	2	0	-1
50131	2	10013	2	0	-1
50131	2	10014	2	0	-1
50131	1	10016	1	0	-1
50131	2	11009	8	0	-1
50131	2	11010	4	0	-1
50131	2	11011	4	0	-1
50131	2	11012	2	0	-1
50131	2	11013	2	0	-1
50131	2	11014	2	0	-1
50131	1	9998	1	0	-1
50131	1	9999	1	0	-1
50132	2	10010	8	0	-1
50132	2	10011	4	0	-1
50132	2	10012	4	0	-1
50132	2	10013	2	0	-1
50132	2	10014	2	0	-1
50132	1	10015	1	0	-1
50132	1	10016	1	0	-1
50132	1	10017	1	0	-1
50132	2	11010	2	0	-1
50132	2	11011	2	0	-1
50132	2	11012	2	0	-1
50132	2	11013	2	0	-1
50132	2	11014	2	0	-1
50132	1	11015	1	0	-1
50132	1	9998	1	0	-1
50132	1	9999	1	0	-1
50052	1	10010	1	0	-1
50052	1	10011	1	0	-1
50052	1	10012	1	0	-1
50052	1	10013	1	0	-1
50052	1	10014	1	0	-1
50052	1	10015	1	0	-1
50052	1	9997	1	0	-1
50052	1	10016	1	0	-1
50052	1	10017	1	0	-1
50052	1	10018	1	0	-1
50052	2	11010	8	0	-1
50052	2	11011	4	0	-1
50052	2	11012	4	0	-1
50052	2	11013	2	0	-1
50052	2	11014	2	0	-1
50052	2	11015	2	0	-1
50052	1	11016	1	0	-1
50052	1	9998	1	0	-1
50052	1	9999	1	0	-1
50093	2	10011	8	0	-1
50093	2	10012	4	0	-1
50093	2	10013	4	0	-1
50093	2	10014	2	0	-1
50093	2	10015	2	0	-1
50093	2	9997	2	0	-1
50093	1	11011	1	0	-1
50093	1	11012	1	0	-1
50093	1	11013	1	0	-1
50093	1	11014	1	0	-1
50093	1	11015	1	0	-1
50093	1	11016	1	0	-1
50093	1	10016	1	0	-1
50093	1	10017	1	0	-1
50093	1	10018	1	0	-1
50093	1	10019	1	0	-1
50093	1	9998	1	0	-1
50093	1	9999	1	0	-1
50139	1	10011	1	0	-1
50139	1	10012	1	0	-1
50139	1	10013	1	0	-1
50139	1	10014	1	0	-1
50139	1	10015	1	0	-1
50139	1	9997	1	0	-1
50139	2	11011	8	0	-1
50139	2	11012	2	0	-1
50139	2	11013	2	0	-1
50139	2	11014	2	0	-1
50139	2	11015	2	0	-1
50139	2	11016	2	0	-1
50139	1	10016	1	0	-1
50139	1	10017	1	0	-1
50139	1	10018	1	0	-1
50139	1	10019	1	0	-1
50139	1	10020	2	0	-1
50139	1	9998	1	0	-1
50139	1	9999	1	0	-1
50155	2	10012	8	0	-1
50155	2	10013	4	0	-1
50155	2	10014	2	0	-1
50155	2	10015	2	0	-1
50155	2	9997	2	0	-1
50155	2	11012	2	0	-1
50155	1	11013	1	0	-1
50155	1	11014	1	0	-1
50155	1	11015	1	0	-1
50155	1	11016	1	0	-1
50155	1	10016	1	0	-1
50155	1	10017	1	0	-1
50155	1	10018	1	0	-1
50155	1	10019	1	0	-1
50155	1	10020	1	0	-1
50155	1	10021	1	0	-1
50155	1	9998	1	0	-1
50155	1	9999	1	0	-1
50159	1	10012	1	0	-1
50159	1	10013	1	0	-1
50159	1	10014	1	0	-1
50159	1	10015	1	0	-1
50159	1	9997	1	0	-1
50159	2	11012	8	0	-1
50159	2	11013	4	0	-1
50159	2	11014	2	0	-1
50159	2	11015	2	0	-1
50159	2	11016	2	0	-1
50159	1	10016	1	0	-1
50159	1	10017	1	0	-1
50159	1	10018	1	0	-1
50159	1	10019	1	0	-1
50159	1	10020	1	0	-1
50159	1	10021	1	0	-1
50159	1	10022	1	0	-1
50159	1	9998	1	0	-1
50159	1	9999	1	0	-1
50160	2	10013	8	0	-1
50160	2	10014	4	0	-1
50160	2	10015	2	0	-1
50160	2	9997	2	0	-1
50160	1	11013	1	0	-1
50160	1	11014	1	0	-1
50160	1	11015	1	0	-1
50160	1	11016	1	0	-1
50160	1	10016	1	0	-1
50160	1	10017	1	0	-1
50160	1	10018	1	0	-1
50160	1	10019	1	0	-1
50160	1	10020	1	0	-1
50160	1	10021	1	0	-1
50160	1	10022	1	0	-1
50160	1	10023	1	0	-1
50160	1	9998	1	0	-1
50160	1	9999	1	0	-1
50070	1	10029	0	0	-1
50070	1	10030	0	0	-1
50070	1	10031	0	0	-1
50070	1	10048	0	0	-1
50070	1	10044	7	0	-1
50070	2	10045	6	0	-1
50070	2	10046	6	0	-1
50070	2	10047	6	0	-1
50070	1	10032	1	0	-1
50070	1	10033	1	0	-1
50070	1	10034	1	0	-1
50070	1	10035	1	0	-1
50070	1	10036	2	0	-1
50070	1	10037	0	0	-1
50070	1	10038	2	0	-1
50070	1	10039	0	0	-1
50070	1	10040	1	0	-1
50070	1	9998	1	0	-1
50070	1	9999	1	0	-1
50070	4	10051	0	0	-1
50071	1	10030	0	0	-1
50071	1	10031	0	0	-1
50071	1	10048	0	0	-1
50071	1	10045	8	0	-1
50071	1	10046	8	0	-1
50071	1	10047	8	0	-1
50071	1	10032	1	0	-1
50071	1	10033	1	0	-1
50071	1	10034	1	0	-1
50071	1	10035	1	0	-1
50071	1	10036	0	0	-1
50071	1	10037	2	0	-1
50071	1	10038	0	0	-1
50071	1	10039	2	0	-1
50071	1	10040	0	0	-1
50071	1	10041	1	0	-1
50071	1	9998	1	0	-1
50071	1	9999	1	0	-1
50071	4	10051	0	0	-1
50072	1	10030	0	0	-1
50072	1	10031	0	0	-1
50072	1	10048	0	0	-1
50072	2	10045	8	0	-1
50072	2	10046	8	0	-1
50072	2	10047	8	0	-1
50072	1	10032	1	0	-1
50072	1	10033	1	0	-1
50072	1	10034	1	0	-1
50072	1	10035	1	0	-1
50072	1	10036	2	0	-1
50072	1	10037	0	0	-1
50072	1	10038	2	0	-1
50072	1	10039	0	0	-1
50072	1	10040	0	0	-1
50072	1	10041	0	0	-1
50072	1	10042	1	0	-1
50072	1	9998	1	0	-1
50072	1	9999	1	0	-1
50073	1	10031	0	0	-1
50073	1	10048	0	0	-1
50073	2	10046	12	0	-1
50073	2	10047	12	0	-1
50073	1	10032	1	0	-1
50073	1	10033	1	0	-1
50073	1	10034	1	0	-1
50073	1	10035	1	0	-1
50073	1	10036	0	0	-1
50073	1	10037	2	0	-1
50073	1	10038	0	0	-1
50073	1	10039	2	0	-1
50073	1	10040	0	0	-1
50073	1	10041	0	0	-1
50073	1	10042	0	0	-1
50073	1	10043	1	0	-1
50073	1	9998	1	0	-1
50073	1	9999	1	0	-1
50074	1	9998	1	0	-1
50074	1	9999	1	0	-1
50074	2	10004	4	0	-1
50074	2	10005	4	0	-1
50074	2	10006	4	0	-1
50074	2	10007	4	0	-1
50074	2	10008	4	0	-1
50074	2	10009	2	0	-1
50074	2	10010	2	0	-1
50074	2	11004	4	0	-1
50074	2	11005	4	0	-1
50074	2	11006	4	0	-1
50074	2	11007	4	0	-1
50074	2	11008	4	0	-1
50074	2	11009	2	0	-1
50074	2	11010	2	0	-1
50075	1	9998	1	0	-1
50075	1	9999	1	0	-1
50075	2	10005	4	0	-1
50075	2	10006	4	0	-1
50075	2	10007	4	0	-1
50075	2	10008	4	0	-1
50075	2	10009	4	0	-1
50075	2	10010	2	0	-1
50075	2	10011	2	0	-1
50075	2	11005	4	0	-1
50075	2	11006	4	0	-1
50075	2	11007	4	0	-1
50075	2	11008	4	0	-1
50075	2	11009	4	0	-1
50075	2	11010	2	0	-1
50075	2	11011	2	0	-1
50076	1	9998	1	0	-1
50076	1	9999	1	0	-1
50076	2	10006	4	0	-1
50076	2	10007	4	0	-1
50076	2	10008	4	0	-1
50076	2	10009	4	0	-1
50076	2	10010	4	0	-1
50076	2	10011	2	0	-1
50076	2	10012	2	0	-1
50076	2	11006	4	0	-1
50076	2	11007	4	0	-1
50076	2	11008	4	0	-1
50076	2	11009	4	0	-1
50076	2	11010	4	0	-1
50076	2	11011	2	0	-1
50076	2	11012	2	0	-1
50077	1	9998	1	0	-1
50077	1	9999	1	0	-1
50077	2	10007	4	0	-1
50077	2	10008	4	0	-1
50077	2	10009	4	0	-1
50077	2	10010	4	0	-1
50077	2	10011	4	0	-1
50077	2	10012	2	0	-1
50077	2	10013	2	0	-1
50077	2	11007	4	0	-1
50077	2	11008	4	0	-1
50077	2	11009	4	0	-1
50077	2	11010	4	0	-1
50077	2	11011	4	0	-1
50077	2	11012	2	0	-1
50077	2	11013	2	0	-1
50078	1	9998	1	0	-1
50078	1	9999	1	0	-1
50078	2	10008	4	0	-1
50078	2	10009	4	0	-1
50078	2	10010	4	0	-1
50078	2	10011	4	0	-1
50078	2	10012	2	0	-1
50078	2	10013	2	0	-1
50078	2	10014	2	0	-1
50078	2	11008	4	0	-1
50078	2	11009	4	0	-1
50078	2	11010	4	0	-1
50078	2	11011	4	0	-1
50078	2	11012	2	0	-1
50078	2	11013	2	0	-1
50078	2	11014	2	0	-1
50079	1	9998	1	0	-1
50079	1	9999	1	0	-1
50079	2	10009	4	0	-1
50079	2	10010	4	0	-1
50079	2	10011	4	0	-1
50079	2	10012	2	0	-1
50079	2	10013	2	0	-1
50079	2	10014	2	0	-1
50079	2	10015	2	0	-1
50079	2	11009	4	0	-1
50079	2	11010	4	0	-1
50079	2	11011	4	0	-1
50079	2	11012	2	0	-1
50079	2	11013	2	0	-1
50079	2	11014	2	0	-1
50079	2	11015	2	0	-1
50080	1	9998	1	0	-1
50080	1	9999	1	0	-1
50080	2	10009	4	0	-1
50080	2	10010	4	0	-1
50080	2	10011	4	0	-1
50080	2	10012	2	0	-1
50080	2	10013	2	0	-1
50080	2	10014	2	0	-1
50080	2	10015	2	0	-1
50080	2	9997	2	0	-1
50080	2	11009	4	0	-1
50080	2	11010	4	0	-1
50080	2	11011	4	0	-1
50080	2	11012	2	0	-1
50080	2	11013	2	0	-1
50080	2	11014	2	0	-1
50080	2	11015	2	0	-1
50080	2	11016	2	0	-1
50081	1	9998	1	0	-1
50081	1	9999	1	0	-1
50081	2	10009	4	0	-1
50081	2	10010	4	0	-1
50081	2	10011	4	0	-1
50081	2	10012	2	0	-1
50081	2	10013	2	0	-1
50081	2	10014	2	0	-1
50081	2	10015	2	0	-1
50081	2	9997	2	0	-1
50081	2	11009	4	0	-1
50081	2	11010	4	0	-1
50081	2	11011	4	0	-1
50081	2	11012	2	0	-1
50081	2	11013	2	0	-1
50081	2	11014	2	0	-1
50081	2	11015	2	0	-1
50081	2	11016	2	0	-1
50081	1	10016	1	0	-1
50082	1	9998	1	0	-1
50082	1	9999	1	0	-1
50082	2	10009	4	0	-1
50082	2	10010	4	0	-1
50082	2	10011	4	0	-1
50082	2	10012	2	0	-1
50082	2	10013	2	0	-1
50082	2	10014	2	0	-1
50082	2	10015	2	0	-1
50082	2	9997	2	0	-1
50082	2	11009	4	0	-1
50082	2	11010	4	0	-1
50082	2	11011	4	0	-1
50082	2	11012	2	0	-1
50082	2	11013	2	0	-1
50082	2	11014	2	0	-1
50082	2	11015	2	0	-1
50082	2	11016	2	0	-1
50082	1	10016	1	0	-1
50082	1	10017	1	0	-1
50083	1	9998	1	0	-1
50083	1	9999	1	0	-1
50083	2	10010	2	0	-1
50083	2	10011	2	0	-1
50083	2	10012	2	0	-1
50083	2	10013	4	0	-1
50083	2	10014	2	0	-1
50083	2	10015	2	0	-1
50083	2	9997	2	0	-1
50083	2	11010	2	0	-1
50083	2	11011	2	0	-1
50083	2	11012	2	0	-1
50083	2	11013	4	0	-1
50083	2	11014	2	0	-1
50083	2	11015	2	0	-1
50083	2	11016	2	0	-1
50083	1	10016	1	0	-1
50083	1	10017	1	0	-1
50083	1	10018	1	0	-1
50083	1	10019	1	0	-1
50084	1	9998	1	0	-1
50084	1	9999	1	0	-1
50084	2	10010	2	0	-1
50084	2	10011	2	0	-1
50084	2	10012	2	0	-1
50084	2	10013	2	0	-1
50084	2	10014	4	0	-1
50084	2	10015	2	0	-1
50084	2	9997	2	0	-1
50084	2	11010	2	0	-1
50084	2	11011	2	0	-1
50084	2	11012	2	0	-1
50084	2	11013	2	0	-1
50084	2	11014	4	0	-1
50084	2	11015	2	0	-1
50084	2	11016	2	0	-1
50084	1	10016	1	0	-1
50084	1	10017	1	0	-1
50084	1	10018	1	0	-1
50084	1	10019	1	0	-1
50084	1	10020	1	0	-1
50085	1	9998	1	0	-1
50085	1	9999	1	0	-1
50085	2	10011	2	0	-1
50085	2	10012	2	0	-1
50085	2	10013	2	0	-1
50085	2	10014	2	0	-1
50085	2	10015	4	0	-1
50085	2	9997	2	0	-1
50085	2	11011	2	0	-1
50085	2	11012	2	0	-1
50085	2	11013	2	0	-1
50085	2	11014	2	0	-1
50085	2	11015	4	0	-1
50085	2	11016	2	0	-1
50085	1	10016	1	0	-1
50085	1	10017	1	0	-1
50085	1	10018	1	0	-1
50085	1	10019	1	0	-1
50085	1	10020	1	0	-1
50085	1	10021	1	0	-1
50086	1	9998	1	0	-1
50086	1	9999	1	0	-1
50086	2	10011	2	0	-1
50086	2	10012	2	0	-1
50086	2	10013	2	0	-1
50086	2	10014	2	0	-1
50086	2	10015	2	0	-1
50086	2	9997	2	0	-1
50086	2	11011	2	0	-1
50086	2	11012	2	0	-1
50086	2	11013	2	0	-1
50086	2	11014	2	0	-1
50086	2	11015	2	0	-1
50086	2	11016	2	0	-1
50086	1	10016	1	0	-1
50086	1	10017	1	0	-1
50086	1	10018	1	0	-1
50086	1	10019	1	0	-1
50086	1	10020	1	0	-1
50086	1	10021	1	0	-1
50086	1	10022	1	0	-1
50087	1	9998	1	0	-1
50087	1	9999	1	0	-1
50087	2	10012	2	0	-1
50087	2	10013	2	0	-1
50087	2	10014	2	0	-1
50087	2	10015	2	0	-1
50087	2	9997	2	0	-1
50087	2	11012	2	0	-1
50087	2	11013	2	0	-1
50087	2	11014	2	0	-1
50087	2	11015	2	0	-1
50087	2	11016	2	0	-1
50087	1	10016	1	0	-1
50087	1	10017	1	0	-1
50087	1	10018	1	0	-1
50087	1	10019	1	0	-1
50087	1	10020	1	0	-1
50087	1	10021	1	0	-1
50087	1	10022	1	0	-1
50087	1	10023	1	0	-1
50088	1	9998	1	0	-1
50088	1	9999	1	0	-1
50088	2	10012	2	0	-1
50088	2	10013	2	0	-1
50088	2	10014	2	0	-1
50088	2	10015	2	0	-1
50088	2	9997	2	0	-1
50088	2	11012	2	0	-1
50088	2	11013	2	0	-1
50088	2	11014	2	0	-1
50088	2	11015	2	0	-1
50088	2	11016	2	0	-1
50088	1	10016	1	0	-1
50088	1	10017	1	0	-1
50088	1	10018	1	0	-1
50088	1	10019	1	0	-1
50088	1	10020	1	0	-1
50088	1	10021	1	0	-1
50088	1	10022	1	0	-1
50088	1	10023	1	0	-1
50088	1	10024	1	0	-1
50089	1	9998	1	0	-1
50089	1	9999	1	0	-1
50089	2	10013	2	0	-1
50089	2	10014	2	0	-1
50089	2	10015	2	0	-1
50089	2	9997	2	0	-1
50089	2	11013	2	0	-1
50089	2	11014	2	0	-1
50089	2	11015	2	0	-1
50089	2	11016	2	0	-1
50089	1	10016	1	0	-1
50089	1	10017	1	0	-1
50089	1	10018	1	0	-1
50089	1	10019	1	0	-1
50089	1	10020	1	0	-1
50089	1	10021	1	0	-1
50089	1	10022	1	0	-1
50089	1	10023	1	0	-1
50089	1	10024	1	0	-1
50089	1	10025	1	0	-1
50090	1	9998	1	0	-1
50090	1	9999	1	0	-1
50090	2	10013	2	0	-1
50090	2	10014	2	0	-1
50090	2	10015	2	0	-1
50090	2	9997	2	0	-1
50090	2	11013	2	0	-1
50090	2	11014	2	0	-1
50090	2	11015	2	0	-1
50090	2	11016	2	0	-1
50090	1	10016	1	0	-1
50090	1	10017	1	0	-1
50090	1	10018	1	0	-1
50090	1	10019	1	0	-1
50090	1	10020	1	0	-1
50090	1	10021	1	0	-1
50090	1	10022	1	0	-1
50090	1	10023	1	0	-1
50090	1	10024	1	0	-1
50090	1	10025	1	0	-1
50090	1	10026	1	0	-1
50091	1	9998	1	0	-1
50091	1	9999	1	0	-1
50091	2	10014	2	0	-1
50091	2	10015	2	0	-1
50091	2	9997	2	0	-1
50091	2	11014	2	0	-1
50091	2	11015	2	0	-1
50091	2	11016	2	0	-1
50091	1	10016	2	0	-1
50091	1	10017	2	0	-1
50091	1	10018	2	0	-1
50091	1	10019	2	0	-1
50091	1	10020	1	0	-1
50091	1	10021	1	0	-1
50091	1	10022	1	0	-1
50091	1	10023	1	0	-1
50091	1	10024	1	0	-1
50091	1	10025	1	0	-1
50091	1	10026	1	0	-1
50091	1	10027	1	0	-1
50178	1	9998	1	0	-1
50178	1	9999	1	0	-1
50178	2	10014	2	0	-1
50178	2	10015	2	0	-1
50178	2	9997	2	0	-1
50178	2	11014	2	0	-1
50178	2	11015	2	0	-1
50178	2	11016	2	0	-1
50178	1	10016	2	0	-1
50178	1	10017	2	0	-1
50178	1	10018	2	0	-1
50178	1	10019	2	0	-1
50178	1	10020	1	0	-1
50178	1	10021	1	0	-1
50178	1	10022	1	0	-1
50178	1	10023	1	0	-1
50178	1	10024	1	0	-1
50178	1	10025	1	0	-1
50178	1	10026	1	0	-1
50178	1	10027	1	0	-1
50179	1	9998	1	0	-1
50179	1	9999	1	0	-1
50179	2	10014	2	0	-1
50179	2	10015	2	0	-1
50179	2	9997	2	0	-1
50179	2	11014	2	0	-1
50179	2	11015	2	0	-1
50179	2	11016	2	0	-1
50179	1	10016	2	0	-1
50179	1	10017	2	0	-1
50179	1	10018	2	0	-1
50179	1	10019	2	0	-1
50179	1	10020	1	0	-1
50179	1	10021	1	0	-1
50179	1	10022	1	0	-1
50179	1	10023	1	0	-1
50179	1	10024	1	0	-1
50179	1	10025	1	0	-1
50179	1	10026	1	0	-1
50179	1	10027	1	0	-1
50180	1	9998	1	0	-1
50180	1	9999	1	0	-1
50180	2	10014	2	0	-1
50180	2	10015	2	0	-1
50180	2	9997	2	0	-1
50180	2	11014	2	0	-1
50180	2	11015	2	0	-1
50180	2	11016	2	0	-1
50180	1	10016	2	0	-1
50180	1	10017	2	0	-1
50180	1	10018	2	0	-1
50180	1	10019	2	0	-1
50180	1	10020	1	0	-1
50180	1	10021	1	0	-1
50180	1	10022	1	0	-1
50180	1	10023	1	0	-1
50180	1	10024	1	0	-1
50180	1	10025	1	0	-1
50180	1	10026	1	0	-1
50180	1	10027	1	0	-1
50125	1	10013	2	0	-1
50125	1	10014	2	0	-1
50125	1	10015	2	0	-1
50125	1	9997	2	0	-1
50125	1	11013	2	0	-1
50125	1	11014	2	0	-1
50125	1	11015	2	0	-1
50125	1	11016	2	0	-1
50125	1	10016	1	0	-1
50125	1	10017	1	0	-1
50125	1	10018	1	0	-1
50125	1	10019	1	0	-1
50125	1	9998	1	0	-1
50125	1	9999	1	0	-1
50126	1	10014	2	0	-1
50126	1	10015	2	0	-1
50126	1	9997	2	0	-1
50126	1	11014	2	0	-1
50126	1	11015	2	0	-1
50126	1	11016	2	0	-1
50126	1	10016	1	0	-1
50126	1	10017	1	0	-1
50126	1	10018	1	0	-1
50126	1	10019	1	0	-1
50126	1	10020	1	0	-1
50126	1	10021	1	0	-1
50126	1	10022	1	0	-1
50126	1	10023	1	0	-1
50126	1	9998	1	0	-1
50126	1	9999	1	0	-1
50127	1	10016	2	0	-1
50127	1	10017	2	0	-1
50127	1	10018	2	0	-1
50127	1	10019	2	0	-1
50127	1	10020	1	0	-1
50127	1	10021	1	0	-1
50127	1	10022	1	0	-1
50127	1	10023	1	0	-1
50127	1	10024	1	0	-1
50127	1	10025	1	0	-1
50127	1	10026	1	0	-1
50127	1	10027	1	0	-1
50127	1	9998	1	0	-1
50127	1	9999	1	0	-1
50128	2	10020	2	0	-1
50128	2	10021	2	0	-1
50128	2	10022	2	0	-1
50128	2	10023	2	0	-1
50128	2	10024	2	0	-1
50128	2	10025	2	0	-1
50128	2	10026	2	0	-1
50128	2	10027	2	0	-1
50128	1	9998	1	0	-1
50128	1	9999	1	0	-1
50134	2	10010	2	0	-1
50134	2	10011	2	0	-1
50134	2	10012	2	0	-1
50134	2	10013	2	0	-1
50134	2	10014	2	0	-1
50134	2	10015	2	0	-1
50134	2	9997	2	0	-1
50134	2	11010	2	0	-1
50134	2	11011	2	0	-1
50134	2	11012	2	0	-1
50134	2	11013	2	0	-1
50134	2	11014	2	0	-1
50134	2	11015	2	0	-1
50134	2	11016	2	0	-1
50134	1	10016	1	0	-1
50134	1	10017	1	0	-1
50134	1	10018	1	0	-1
50134	1	10019	1	0	-1
50134	1	10020	1	0	-1
50134	1	9998	1	0	-1
50134	1	9999	1	0	-1
50141	8	9001	80	0	-1
50141	8	9002	80	0	-1
50141	8	9003	80	0	-1
50141	8	9004	80	0	-1
50141	2	22	2	0	-1
50141	2	23	2	0	-1
50141	2	24	2	0	-1
50141	2	25	2	0	-1
50142	8	9001	80	0	-1
50142	8	9002	80	0	-1
50142	8	9003	80	0	-1
50142	8	9004	80	0	-1
50142	2	22	2	0	-1
50142	2	23	2	0	-1
50142	2	24	2	0	-1
50142	2	25	2	0	-1
50143	8	9001	80	0	-1
50143	8	9002	80	0	-1
50143	8	9003	80	0	-1
50143	8	9004	80	0	-1
50143	2	22	2	0	-1
50143	2	23	2	0	-1
50143	2	24	2	0	-1
50143	2	25	2	0	-1
50144	8	9001	80	0	-1
50144	8	9002	80	0	-1
50144	8	9003	80	0	-1
50144	8	9004	80	0	-1
50144	2	22	2	0	-1
50144	2	23	2	0	-1
50144	2	24	2	0	-1
50144	2	25	2	0	-1
50145	8	9001	80	0	-1
50145	8	9002	80	0	-1
50145	8	9003	80	0	-1
50145	8	9004	80	0	-1
50145	2	22	2	0	-1
50145	2	23	2	0	-1
50145	2	24	2	0	-1
50145	2	25	2	0	-1
50146	8	9001	80	0	-1
50146	8	9002	80	0	-1
50146	8	9003	80	0	-1
50146	8	9004	80	0	-1
50146	2	22	2	0	-1
50146	2	23	2	0	-1
50146	2	24	2	0	-1
50146	2	25	2	0	-1
50147	8	9001	80	0	-1
50147	8	9002	80	0	-1
50147	8	9003	80	0	-1
50147	8	9004	80	0	-1
50147	2	22	2	0	-1
50147	2	23	2	0	-1
50147	2	24	2	0	-1
50147	2	25	2	0	-1
50148	8	9001	80	0	-1
50148	8	9002	80	0	-1
50148	8	9003	80	0	-1
50148	8	9004	80	0	-1
50148	2	22	2	0	-1
50148	2	23	2	0	-1
50148	2	24	2	0	-1
50148	2	25	2	0	-1
50149	8	9001	80	0	-1
50149	8	9002	80	0	-1
50149	8	9003	80	0	-1
50149	8	9004	80	0	-1
50149	2	22	2	0	-1
50149	2	23	2	0	-1
50149	2	24	2	0	-1
50149	2	25	2	0	-1
50150	8	9001	80	0	-1
50150	8	9002	80	0	-1
50150	8	9003	80	0	-1
50150	8	9004	80	0	-1
50150	2	22	2	0	-1
50150	2	23	2	0	-1
50150	2	24	2	0	-1
50150	2	25	2	0	-1
50152	4	9036	200	0	-1
50152	4	9037	200	0	-1
50169	1	9998	1	0	-1
50169	1	9999	1	0	-1
50169	4	14009	20	0	-1
50169	4	14010	20	0	-1
50169	4	14011	20	0	-1
50169	4	14012	20	0	-1
50169	1	14017	1	0	-1
50169	1	14018	1	0	-1
50169	1	14019	1	0	-1
50169	1	14020	1	0	-1
50169	1	14029	1	0	-1
50170	1	9998	1	0	-1
50170	1	9999	1	0	-1
50170	4	14011	20	0	-1
50170	4	14012	20	0	-1
50170	4	14013	20	0	-1
50170	4	14014	20	0	-1
50170	1	14018	1	0	-1
50170	1	14020	1	0	-1
50170	1	14022	2	0	-1
50170	1	14030	1	0	-1
50171	1	9998	1	0	-1
50171	1	9999	1	0	-1
50171	4	14013	36	0	-1
50171	4	14014	36	0	-1
50171	4	14015	36	0	-1
50171	4	14016	36	0	-1
50171	1	14018	1	0	-1
50171	1	14020	1	0	-1
50171	1	14026	2	0	-1
50171	1	14031	1	0	-1
50173	4	37001	20	0	-1
50173	4	37002	20	0	-1
50173	4	37003	16	0	-1
50173	4	37004	16	0	-1
50173	4	37005	16	0	-1
50173	4	37006	16	0	-1
50173	4	37007	8	0	-1
50173	4	37008	16	0	-1
50173	1	37009	1	0	-1
50173	1	37010	1	0	-1
50173	1	37011	1	0	-1
50173	2	37012	2	0	-1
50182	4	15001	20	0	-1
50182	4	15002	20	0	-1
50182	4	15003	20	0	-1
50186	3	15003	15	0	-1
50186	3	15004	15	0	-1
50186	3	15005	15	0	-1
50186	3	15006	15	0	-1
50183	3	15006	12	0	-1
50183	3	15007	12	0	-1
50183	3	15008	12	0	-1
50183	3	15009	12	0	-1
50187	3	15009	12	0	-1
50187	3	15010	12	0	-1
50187	3	15011	12	0	-1
50187	3	15012	12	0	-1
50184	3	15011	12	0	-1
50184	3	15012	12	0	-1
50184	3	15013	12	0	-1
50184	3	15014	12	0	-1
50184	1	15019	1	0	-1
50188	3	15013	12	0	-1
50188	3	15014	12	0	-1
50188	3	15015	12	0	-1
50188	3	15016	12	0	-1
50188	1	15019	1	0	-1
50188	1	15020	1	0	-1
50185	2	15015	10	0	-1
50185	2	15016	10	0	-1
50185	2	15017	10	0	-1
50185	2	15018	10	0	-1
50185	1	15019	1	0	-1
50185	1	15020	1	0	-1
50185	1	15021	1	0	-1
50185	1	15022	1	0	-1
50189	4	15017	20	0	-1
50189	4	15018	20	0	-1
50189	2	15019	2	0	-1
50189	2	15020	2	0	-1
50189	2	15021	2	0	-1
50189	2	15022	2	0	-1
