INT	INT	INT	INT	INT	INT	STRING	STRING	STRING	STRING	INT	STRING	INT	STRING	INT	INT	STRING
TalentId	TalentLevel	SkillId	Belong	MaxLevel	LearnLevel	LearnSkill	Name	CostItem	PowerSkill	SkillType	ParamType	Battle	ZhePic	MaxExp	GongGao	LearnDesc
1	1	1	1	5	1	-1	重斩	-1	-1	0	0	30	-1	10000	-1	-1
1	2	2	1	5	1	-1	重斩	-1	-1	0	0	40	-1	20000	-1	-1
1	3	3	1	5	1	-1	重斩	-1	-1	0	0	50	-1	30000	-1	-1
1	4	4	1	5	1	-1	重斩	-1	-1	0	0	60	-1	40000	-1	-1
1	5	5	1	5	1	-1	重斩	-1	-1	0	0	70	-1	50000	-1	-1
1	6	6	1	5	1	-1	重斩	-1	-1	0	0	100	-1	60000	-1	-1
1	7	7	1	5	1	-1	重斩	-1	-1	0	0	110	-1	70000	-1	-1
1	8	8	1	5	1	-1	重斩	-1	-1	0	0	120	-1	80000	-1	-1
1	9	9	1	5	1	-1	重斩	-1	-1	0	0	130	-1	90000	-1	-1
1	10	10	1	5	1	-1	重斩	-1	-1	0	0	160	-1	100000	-1	-1
2	1	21	0	5	30	-1	击晕	-1	-1	0	0	0	-1	10000	-1	-1
2	2	22	0	5	30	-1	击晕	-1	-1	0	0	0	-1	20000	-1	-1
2	3	23	0	5	30	-1	击晕	-1	-1	0	0	0	-1	30000	-1	-1
2	4	24	0	5	30	-1	击晕	-1	-1	0	0	0	-1	40000	-1	-1
2	5	25	0	5	30	-1	击晕	-1	-1	0	0	0	-1	50000	-1	-1
2	6	26	0	5	30	-1	击晕	-1	-1	0	0	0	-1	60000	-1	-1
2	7	27	0	5	30	-1	击晕	-1	-1	0	0	0	-1	70000	-1	-1
2	8	28	0	5	30	-1	击晕	-1	-1	0	0	0	-1	80000	-1	-1
2	9	29	0	5	30	-1	击晕	-1	-1	0	0	0	-1	90000	-1	-1
2	10	30	0	5	30	-1	击晕	-1	-1	0	0	0	-1	100000	-1	-1
3	1	41	1	10	1	-1	十步一杀	409:1:1	-1	0	0	0	-1	81900	-1	-1
3	2	42	1	10	125	-1	十步一杀	409:1:1	-1	0	0	0	-1	191100	-1	-1
3	3	43	1	10	225	-1	十步一杀	409:1:1	-1	0	0	0	-1	546000	-1	-1
3	4	44	1	10	325	-1	十步一杀	409:1:1	-1	0	0	0	-1	955500	-1	-1
3	5	45	1	10	375	-1	十步一杀	409:1:1	-1	0	0	0	-1	1365000	-1	-1
3	6	46	1	10	425	-1	十步一杀	409:1:1	-1	0	0	0	-1	2730000	-1	-1
3	7	47	1	10	475	-1	十步一杀	409:1:1	-1	0	0	0	-1	4641000	-1	-1
3	8	48	1	10	525	-1	十步一杀	409:1:1	-1	0	0	0	-1	8190000	-1	-1
3	9	49	1	10	555	-1	十步一杀	409:1:1	-1	0	0	0	-1	11700000	-1	-1
3	10	50	1	10	595	-1	十步一杀	409:1:1	-1	0	0	0	-1	11700000	-1	-1
4	1	61	1	5	20	181:5	旋风斩	-1	-1	0	0	60	-1	10000	-1	-1
4	2	62	1	5	20	181:5	旋风斩	-1	-1	0	0	80	-1	20000	-1	-1
4	3	63	1	5	20	181:5	旋风斩	-1	-1	0	0	100	-1	30000	-1	-1
4	4	64	1	5	20	181:5	旋风斩	-1	-1	0	0	120	-1	40000	-1	-1
4	5	65	1	5	20	181:5	旋风斩	-1	-1	0	0	140	-1	50000	-1	-1
4	6	66	1	5	20	181:5	旋风斩	-1	-1	0	0	200	-1	60000	-1	-1
4	7	67	1	5	20	181:5	旋风斩	-1	-1	0	0	220	-1	70000	-1	-1
4	8	68	1	5	20	181:5	旋风斩	-1	-1	0	0	240	-1	80000	-1	-1
4	9	69	1	5	20	181:5	旋风斩	-1	-1	0	0	260	-1	90000	-1	-1
4	10	70	1	5	20	181:5	旋风斩	-1	-1	0	0	320	-1	100000	-1	-1
11	1	151	2	5	30	-1	战斗之吼	-1	-1	0	0	30	-1	10000	-1	-1
11	2	152	2	5	30	-1	战斗之吼	-1	-1	0	0	40	-1	20000	-1	-1
11	3	153	2	5	30	-1	战斗之吼	-1	-1	0	0	50	-1	30000	-1	-1
11	4	154	2	5	30	-1	战斗之吼	-1	-1	0	0	60	-1	40000	-1	-1
11	5	155	2	5	30	-1	战斗之吼	-1	-1	0	0	70	-1	50000	-1	-1
11	6	156	2	5	30	-1	战斗之吼	-1	-1	0	0	100	-1	60000	-1	-1
11	7	157	2	5	30	-1	战斗之吼	-1	-1	0	0	110	-1	70000	-1	-1
11	8	158	2	5	30	-1	战斗之吼	-1	-1	0	0	120	-1	80000	-1	-1
11	9	159	2	5	30	-1	战斗之吼	-1	-1	0	0	130	-1	90000	-1	-1
11	10	160	2	5	30	-1	战斗之吼	-1	-1	0	0	160	-1	100000	-1	-1
12	1	171	2	5	35	11:5	警示之吼	-1	-1	0	0	50	-1	10000	-1	-1
12	2	172	2	5	35	11:5	警示之吼	-1	-1	0	0	65	-1	20000	-1	-1
12	3	173	2	5	35	11:5	警示之吼	-1	-1	0	0	80	-1	30000	-1	-1
12	4	174	2	5	35	11:5	警示之吼	-1	-1	0	0	95	-1	40000	-1	-1
12	5	175	2	5	35	11:5	警示之吼	-1	-1	0	0	110	-1	50000	-1	-1
12	6	176	2	5	35	11:5	警示之吼	-1	-1	0	0	160	-1	60000	-1	-1
12	7	177	2	5	35	11:5	警示之吼	-1	-1	0	0	175	-1	70000	-1	-1
12	8	178	2	5	35	11:5	警示之吼	-1	-1	0	0	190	-1	80000	-1	-1
12	9	179	2	5	35	11:5	警示之吼	-1	-1	0	0	205	-1	90000	-1	-1
12	10	180	2	5	35	11:5	警示之吼	-1	-1	0	0	265	-1	100000	-1	-1
13	1	191	0	5	1	-1	血性之吼	-1	-1	0	0	0	-1	10000	-1	-1
13	2	192	0	5	1	-1	血性之吼	-1	-1	0	0	0	-1	20000	-1	-1
13	3	193	0	5	1	-1	血性之吼	-1	-1	0	0	0	-1	30000	-1	-1
13	4	194	0	5	1	-1	血性之吼	-1	-1	0	0	0	-1	40000	-1	-1
13	5	195	0	5	1	-1	血性之吼	-1	-1	0	0	0	-1	50000	-1	-1
13	6	196	0	5	1	-1	血性之吼	-1	-1	0	0	0	-1	60000	-1	-1
13	7	197	0	5	1	-1	血性之吼	-1	-1	0	0	0	-1	70000	-1	-1
13	8	198	0	5	1	-1	血性之吼	-1	-1	0	0	0	-1	80000	-1	-1
13	9	199	0	5	1	-1	血性之吼	-1	-1	0	0	0	-1	90000	-1	-1
13	10	200	0	5	1	-1	血性之吼	-1	-1	0	0	0	-1	100000	-1	-1
14	1	211	2	5	45	192:5	狂暴之吼	-1	-1	0	0	60	-1	10000	-1	-1
14	2	212	2	5	45	192:5	狂暴之吼	-1	-1	0	0	80	-1	20000	-1	-1
14	3	213	2	5	45	192:5	狂暴之吼	-1	-1	0	0	100	-1	30000	-1	-1
14	4	214	2	5	45	192:5	狂暴之吼	-1	-1	0	0	120	-1	40000	-1	-1
14	5	215	2	5	45	192:5	狂暴之吼	-1	-1	0	0	140	-1	50000	-1	-1
14	6	216	2	5	45	192:5	狂暴之吼	-1	-1	0	0	200	-1	60000	-1	-1
14	7	217	2	5	45	192:5	狂暴之吼	-1	-1	0	0	220	-1	70000	-1	-1
14	8	218	2	5	45	192:5	狂暴之吼	-1	-1	0	0	240	-1	80000	-1	-1
14	9	219	2	5	45	192:5	狂暴之吼	-1	-1	0	0	260	-1	90000	-1	-1
14	10	220	2	5	45	192:5	狂暴之吼	-1	-1	0	0	320	-1	100000	-1	-1
21	1	301	3	5	1	-1	圣光斩	-1	-1	0	0	30	-1	10000	-1	-1
21	2	302	3	5	1	-1	圣光斩	-1	-1	0	0	40	-1	20000	-1	-1
21	3	303	3	5	1	-1	圣光斩	-1	-1	0	0	50	-1	30000	-1	-1
21	4	304	3	5	1	-1	圣光斩	-1	-1	0	0	60	-1	40000	-1	-1
21	5	305	3	5	1	-1	圣光斩	-1	-1	0	0	70	-1	50000	-1	-1
21	6	306	3	5	1	-1	圣光斩	-1	-1	0	0	100	-1	60000	-1	-1
21	7	307	3	5	1	-1	圣光斩	-1	-1	0	0	110	-1	70000	-1	-1
21	8	308	3	5	1	-1	圣光斩	-1	-1	0	0	120	-1	80000	-1	-1
21	9	309	3	5	1	-1	圣光斩	-1	-1	0	0	130	-1	90000	-1	-1
21	10	310	3	5	1	-1	圣光斩	-1	-1	0	0	160	-1	100000	-1	-1
22	1	321	0	5	1	-1	牺牲	-1	-1	0	0	0	-1	10000	-1	-1
22	2	322	0	5	1	-1	牺牲	-1	-1	0	0	0	-1	20000	-1	-1
22	3	323	0	5	1	-1	牺牲	-1	-1	0	0	0	-1	30000	-1	-1
22	4	324	0	5	1	-1	牺牲	-1	-1	0	0	0	-1	40000	-1	-1
22	5	325	0	5	1	-1	牺牲	-1	-1	0	0	0	-1	50000	-1	-1
22	6	326	0	5	1	-1	牺牲	-1	-1	0	0	0	-1	60000	-1	-1
22	7	327	0	5	1	-1	牺牲	-1	-1	0	0	0	-1	70000	-1	-1
22	8	328	0	5	1	-1	牺牲	-1	-1	0	0	0	-1	80000	-1	-1
22	9	329	0	5	1	-1	牺牲	-1	-1	0	0	0	-1	90000	-1	-1
22	10	330	0	5	1	-1	牺牲	-1	-1	0	0	0	-1	100000	-1	-1
23	1	341	3	5	10	21:5	祝福之锤	-1	-1	0	0	50	-1	10000	-1	-1
23	2	342	3	5	10	21:5	祝福之锤	-1	-1	0	0	65	-1	20000	-1	-1
23	3	343	3	5	10	21:5	祝福之锤	-1	-1	0	0	80	-1	30000	-1	-1
23	4	344	3	5	10	21:5	祝福之锤	-1	-1	0	0	95	-1	40000	-1	-1
23	5	345	3	5	10	21:5	祝福之锤	-1	-1	0	0	110	-1	50000	-1	-1
23	6	346	3	5	10	21:5	祝福之锤	-1	-1	0	0	160	-1	60000	-1	-1
23	7	347	3	5	10	21:5	祝福之锤	-1	-1	0	0	175	-1	70000	-1	-1
23	8	348	3	5	10	21:5	祝福之锤	-1	-1	0	0	190	-1	80000	-1	-1
23	9	349	3	5	10	21:5	祝福之锤	-1	-1	0	0	205	-1	90000	-1	-1
23	10	350	3	5	10	21:5	祝福之锤	-1	-1	0	0	265	-1	100000	-1	-1
24	1	361	3	5	20	202:5	天堂之拳	-1	-1	0	0	60	-1	10000	-1	-1
24	2	362	3	5	20	202:5	天堂之拳	-1	-1	0	0	80	-1	20000	-1	-1
24	3	363	3	5	20	202:5	天堂之拳	-1	-1	0	0	100	-1	30000	-1	-1
24	4	364	3	5	20	202:5	天堂之拳	-1	-1	0	0	120	-1	40000	-1	-1
24	5	365	3	5	20	202:5	天堂之拳	-1	-1	0	0	140	-1	50000	-1	-1
24	6	366	3	5	20	202:5	天堂之拳	-1	-1	0	0	200	-1	60000	-1	-1
24	7	367	3	5	20	202:5	天堂之拳	-1	-1	0	0	220	-1	70000	-1	-1
24	8	368	3	5	20	202:5	天堂之拳	-1	-1	0	0	240	-1	80000	-1	-1
24	9	369	3	5	20	202:5	天堂之拳	-1	-1	0	0	260	-1	90000	-1	-1
24	10	370	3	5	20	202:5	天堂之拳	-1	-1	0	0	320	-1	100000	-1	-1
31	1	451	4	5	30	-1	冰锥术	-1	-1	0	0	30	-1	10000	-1	-1
31	2	452	4	5	30	-1	冰锥术	-1	-1	0	0	40	-1	20000	-1	-1
31	3	453	4	5	30	-1	冰锥术	-1	-1	0	0	50	-1	30000	-1	-1
31	4	454	4	5	30	-1	冰锥术	-1	-1	0	0	60	-1	40000	-1	-1
31	5	455	4	5	30	-1	冰锥术	-1	-1	0	0	70	-1	50000	-1	-1
31	6	456	4	5	30	-1	冰锥术	-1	-1	0	0	100	-1	60000	-1	-1
31	7	457	4	5	30	-1	冰锥术	-1	-1	0	0	110	-1	70000	-1	-1
31	8	458	4	5	30	-1	冰锥术	-1	-1	0	0	120	-1	80000	-1	-1
31	9	459	4	5	30	-1	冰锥术	-1	-1	0	0	130	-1	90000	-1	-1
31	10	460	4	5	30	-1	冰锥术	-1	-1	0	0	160	-1	100000	-1	-1
32	1	471	0	5	1	-1	冰封球	-1	-1	0	0	0	-1	10000	-1	-1
32	2	472	0	5	1	-1	冰封球	-1	-1	0	0	0	-1	20000	-1	-1
32	3	473	0	5	1	-1	冰封球	-1	-1	0	0	0	-1	30000	-1	-1
32	4	474	0	5	1	-1	冰封球	-1	-1	0	0	0	-1	40000	-1	-1
32	5	475	0	5	1	-1	冰封球	-1	-1	0	0	0	-1	50000	-1	-1
32	6	476	0	5	1	-1	冰封球	-1	-1	0	0	0	-1	60000	-1	-1
32	7	477	0	5	1	-1	冰封球	-1	-1	0	0	0	-1	70000	-1	-1
32	8	478	0	5	1	-1	冰封球	-1	-1	0	0	0	-1	80000	-1	-1
32	9	479	0	5	1	-1	冰封球	-1	-1	0	0	0	-1	90000	-1	-1
32	10	480	0	5	1	-1	冰封球	-1	-1	0	0	0	-1	100000	-1	-1
33	1	491	0	5	1	-1	多重冰锥术	-1	-1	0	0	0	-1	10000	-1	-1
33	2	492	0	5	1	-1	多重冰锥术	-1	-1	0	0	0	-1	20000	-1	-1
33	3	493	0	5	1	-1	多重冰锥术	-1	-1	0	0	0	-1	30000	-1	-1
33	4	494	0	5	1	-1	多重冰锥术	-1	-1	0	0	0	-1	40000	-1	-1
33	5	495	0	5	1	-1	多重冰锥术	-1	-1	0	0	0	-1	50000	-1	-1
33	6	496	0	5	1	-1	多重冰锥术	-1	-1	0	0	0	-1	60000	-1	-1
33	7	497	0	5	1	-1	多重冰锥术	-1	-1	0	0	0	-1	70000	-1	-1
33	8	498	0	5	1	-1	多重冰锥术	-1	-1	0	0	0	-1	80000	-1	-1
33	9	499	0	5	1	-1	多重冰锥术	-1	-1	0	0	0	-1	90000	-1	-1
33	10	500	0	5	1	-1	多重冰锥术	-1	-1	0	0	0	-1	100000	-1	-1
34	1	511	4	5	45	211:5	暴风雪	-1	-1	0	0	60	-1	10000	-1	-1
34	2	512	4	5	45	211:5	暴风雪	-1	-1	0	0	80	-1	20000	-1	-1
34	3	513	4	5	45	211:5	暴风雪	-1	-1	0	0	100	-1	30000	-1	-1
34	4	514	4	5	45	211:5	暴风雪	-1	-1	0	0	120	-1	40000	-1	-1
34	5	515	4	5	45	211:5	暴风雪	-1	-1	0	0	140	-1	50000	-1	-1
34	6	516	4	5	45	211:5	暴风雪	-1	-1	0	0	200	-1	60000	-1	-1
34	7	517	4	5	45	211:5	暴风雪	-1	-1	0	0	220	-1	70000	-1	-1
34	8	518	4	5	45	211:5	暴风雪	-1	-1	0	0	240	-1	80000	-1	-1
34	9	519	4	5	45	211:5	暴风雪	-1	-1	0	0	260	-1	90000	-1	-1
34	10	520	4	5	45	211:5	暴风雪	-1	-1	0	0	320	-1	100000	-1	-1
35	1	531	4	5	35	31:5	冰霜新星	-1	-1	0	0	50	-1	10000	-1	-1
35	2	532	4	5	35	31:5	冰霜新星	-1	-1	0	0	65	-1	20000	-1	-1
35	3	533	4	5	35	31:5	冰霜新星	-1	-1	0	0	80	-1	30000	-1	-1
35	4	534	4	5	35	31:5	冰霜新星	-1	-1	0	0	95	-1	40000	-1	-1
35	5	535	4	5	35	31:5	冰霜新星	-1	-1	0	0	110	-1	50000	-1	-1
35	6	536	4	5	35	31:5	冰霜新星	-1	-1	0	0	160	-1	60000	-1	-1
35	7	537	4	5	35	31:5	冰霜新星	-1	-1	0	0	175	-1	70000	-1	-1
35	8	538	4	5	35	31:5	冰霜新星	-1	-1	0	0	190	-1	80000	-1	-1
35	9	539	4	5	35	31:5	冰霜新星	-1	-1	0	0	205	-1	90000	-1	-1
35	10	540	4	5	35	31:5	冰霜新星	-1	-1	0	0	265	-1	100000	-1	-1
41	1	601	5	5	1	-1	烈焰之风	-1	-1	0	0	30	-1	10000	-1	-1
41	2	602	5	5	1	-1	烈焰之风	-1	-1	0	0	40	-1	20000	-1	-1
41	3	603	5	5	1	-1	烈焰之风	-1	-1	0	0	50	-1	30000	-1	-1
41	4	604	5	5	1	-1	烈焰之风	-1	-1	0	0	60	-1	40000	-1	-1
41	5	605	5	5	1	-1	烈焰之风	-1	-1	0	0	70	-1	50000	-1	-1
41	6	606	5	5	1	-1	烈焰之风	-1	-1	0	0	100	-1	60000	-1	-1
41	7	607	5	5	1	-1	烈焰之风	-1	-1	0	0	110	-1	70000	-1	-1
41	8	608	5	5	1	-1	烈焰之风	-1	-1	0	0	120	-1	80000	-1	-1
41	9	609	5	5	1	-1	烈焰之风	-1	-1	0	0	130	-1	90000	-1	-1
41	10	610	5	5	1	-1	烈焰之风	-1	-1	0	0	160	-1	100000	-1	-1
42	1	621	5	5	10	41:5	烈焰死光	-1	-1	0	0	50	-1	10000	-1	-1
42	2	622	5	5	10	41:5	烈焰死光	-1	-1	0	0	65	-1	20000	-1	-1
42	3	623	5	5	10	41:5	烈焰死光	-1	-1	0	0	80	-1	30000	-1	-1
42	4	624	5	5	10	41:5	烈焰死光	-1	-1	0	0	95	-1	40000	-1	-1
42	5	625	5	5	10	41:5	烈焰死光	-1	-1	0	0	110	-1	50000	-1	-1
42	6	626	5	5	10	41:5	烈焰死光	-1	-1	0	0	160	-1	60000	-1	-1
42	7	627	5	5	10	41:5	烈焰死光	-1	-1	0	0	175	-1	70000	-1	-1
42	8	628	5	5	10	41:5	烈焰死光	-1	-1	0	0	190	-1	80000	-1	-1
42	9	629	5	5	10	41:5	烈焰死光	-1	-1	0	0	205	-1	90000	-1	-1
42	10	630	5	5	10	41:5	烈焰死光	-1	-1	0	0	265	-1	100000	-1	-1
43	1	641	0	5	1	163:5	火焰魔眼	-1	-1	0	0	0	-1	10000	-1	-1
43	2	642	0	5	1	163:5	火焰魔眼	-1	-1	0	0	0	-1	20000	-1	-1
43	3	643	0	5	1	163:5	火焰魔眼	-1	-1	0	0	0	-1	30000	-1	-1
43	4	644	0	5	1	163:5	火焰魔眼	-1	-1	0	0	0	-1	40000	-1	-1
43	5	645	0	5	1	163:5	火焰魔眼	-1	-1	0	0	0	-1	50000	-1	-1
43	6	646	0	5	1	163:5	火焰魔眼	-1	-1	0	0	0	-1	60000	-1	-1
43	7	647	0	5	1	163:5	火焰魔眼	-1	-1	0	0	0	-1	70000	-1	-1
43	8	648	0	5	1	163:5	火焰魔眼	-1	-1	0	0	0	-1	80000	-1	-1
43	9	649	0	5	1	163:5	火焰魔眼	-1	-1	0	0	0	-1	90000	-1	-1
43	10	650	0	5	1	163:5	火焰魔眼	-1	-1	0	0	0	-1	100000	-1	-1
44	1	661	0	5	1	222:5	火旋风	-1	-1	0	0	0	-1	10000	-1	-1
44	2	662	0	5	1	222:5	火旋风	-1	-1	0	0	0	-1	20000	-1	-1
44	3	663	0	5	1	222:5	火旋风	-1	-1	0	0	0	-1	30000	-1	-1
44	4	664	0	5	1	222:5	火旋风	-1	-1	0	0	0	-1	40000	-1	-1
44	5	665	0	5	1	222:5	火旋风	-1	-1	0	0	0	-1	50000	-1	-1
44	6	666	0	5	1	222:5	火旋风	-1	-1	0	0	0	-1	60000	-1	-1
44	7	667	0	5	1	222:5	火旋风	-1	-1	0	0	0	-1	70000	-1	-1
44	8	668	0	5	1	222:5	火旋风	-1	-1	0	0	0	-1	80000	-1	-1
44	9	669	0	5	1	222:5	火旋风	-1	-1	0	0	0	-1	90000	-1	-1
44	10	670	0	5	1	222:5	火旋风	-1	-1	0	0	0	-1	100000	-1	-1
45	1	681	5	5	20	222:5	天火陨石	-1	-1	0	0	60	-1	10000	-1	-1
45	2	682	5	5	20	222:5	天火陨石	-1	-1	0	0	80	-1	20000	-1	-1
45	3	683	5	5	20	222:5	天火陨石	-1	-1	0	0	100	-1	30000	-1	-1
45	4	684	5	5	20	222:5	天火陨石	-1	-1	0	0	120	-1	40000	-1	-1
45	5	685	5	5	20	222:5	天火陨石	-1	-1	0	0	140	-1	50000	-1	-1
45	6	686	5	5	20	222:5	天火陨石	-1	-1	0	0	200	-1	60000	-1	-1
45	7	687	5	5	20	222:5	天火陨石	-1	-1	0	0	220	-1	70000	-1	-1
45	8	688	5	5	20	222:5	天火陨石	-1	-1	0	0	240	-1	80000	-1	-1
45	9	689	5	5	20	222:5	天火陨石	-1	-1	0	0	260	-1	90000	-1	-1
45	10	690	5	5	20	222:5	天火陨石	-1	-1	0	0	320	-1	100000	-1	-1
51	1	751	6	5	1	-1	白骨之魂	-1	-1	0	0	30	-1	10000	-1	-1
51	2	752	6	5	1	-1	白骨之魂	-1	-1	0	0	40	-1	20000	-1	-1
51	3	753	6	5	1	-1	白骨之魂	-1	-1	0	0	50	-1	30000	-1	-1
51	4	754	6	5	1	-1	白骨之魂	-1	-1	0	0	60	-1	40000	-1	-1
51	5	755	6	5	1	-1	白骨之魂	-1	-1	0	0	70	-1	50000	-1	-1
51	6	756	6	5	1	-1	白骨之魂	-1	-1	0	0	100	-1	60000	-1	-1
51	7	757	6	5	1	-1	白骨之魂	-1	-1	0	0	110	-1	70000	-1	-1
51	8	758	6	5	1	-1	白骨之魂	-1	-1	0	0	120	-1	80000	-1	-1
51	9	759	6	5	1	-1	白骨之魂	-1	-1	0	0	130	-1	90000	-1	-1
51	10	760	6	5	1	-1	白骨之魂	-1	-1	0	0	160	-1	100000	-1	-1
52	1	771	6	5	20	231:5	召唤骷髅	-1	-1	0	0	60	-1	10000	-1	-1
52	2	772	6	5	20	231:5	召唤骷髅	-1	-1	0	0	80	-1	20000	-1	-1
52	3	773	6	5	20	231:5	召唤骷髅	-1	-1	0	0	100	-1	30000	-1	-1
52	4	774	6	5	20	231:5	召唤骷髅	-1	-1	0	0	120	-1	40000	-1	-1
52	5	775	6	5	20	231:5	召唤骷髅	-1	-1	0	0	140	-1	50000	-1	-1
52	6	776	6	5	20	231:5	召唤骷髅	-1	-1	0	0	200	-1	60000	-1	-1
52	7	777	6	5	20	231:5	召唤骷髅	-1	-1	0	0	220	-1	70000	-1	-1
52	8	778	6	5	20	231:5	召唤骷髅	-1	-1	0	0	240	-1	80000	-1	-1
52	9	779	6	5	20	231:5	召唤骷髅	-1	-1	0	0	260	-1	90000	-1	-1
52	10	780	6	5	20	231:5	召唤骷髅	-1	-1	0	0	320	-1	100000	-1	-1
53	1	791	6	5	10	51:5	剧毒新星	-1	-1	0	0	50	-1	10000	-1	-1
53	2	792	6	5	10	51:5	剧毒新星	-1	-1	0	0	65	-1	20000	-1	-1
53	3	793	6	5	10	51:5	剧毒新星	-1	-1	0	0	80	-1	30000	-1	-1
53	4	794	6	5	10	51:5	剧毒新星	-1	-1	0	0	95	-1	40000	-1	-1
53	5	795	6	5	10	51:5	剧毒新星	-1	-1	0	0	110	-1	50000	-1	-1
53	6	796	6	5	10	51:5	剧毒新星	-1	-1	0	0	160	-1	60000	-1	-1
53	7	797	6	5	10	51:5	剧毒新星	-1	-1	0	0	175	-1	70000	-1	-1
53	8	798	6	5	10	51:5	剧毒新星	-1	-1	0	0	190	-1	80000	-1	-1
53	9	799	6	5	10	51:5	剧毒新星	-1	-1	0	0	205	-1	90000	-1	-1
53	10	800	6	5	10	51:5	剧毒新星	-1	-1	0	0	265	-1	100000	-1	-1
54	1	811	6	5	1	-1	召唤地狱火	-1	-1	0	0	0	-1	10000	-1	-1
54	2	812	6	5	1	-1	召唤地狱火	-1	-1	0	0	0	-1	20000	-1	-1
54	3	813	6	5	1	-1	召唤地狱火	-1	-1	0	0	0	-1	30000	-1	-1
54	4	814	6	5	1	-1	召唤地狱火	-1	-1	0	0	0	-1	40000	-1	-1
54	5	815	6	5	1	-1	召唤地狱火	-1	-1	0	0	0	-1	50000	-1	-1
54	6	816	6	5	1	-1	召唤地狱火	-1	-1	0	0	0	-1	60000	-1	-1
54	7	817	6	5	1	-1	召唤地狱火	-1	-1	0	0	0	-1	70000	-1	-1
54	8	818	6	5	1	-1	召唤地狱火	-1	-1	0	0	0	-1	80000	-1	-1
54	9	819	6	5	1	-1	召唤地狱火	-1	-1	0	0	0	-1	90000	-1	-1
54	10	820	6	5	1	-1	召唤地狱火	-1	-1	0	0	0	-1	100000	-1	-1
61	1	901	7	5	30	-1	飞刀	-1	-1	0	0	30	-1	10000	-1	-1
61	2	902	7	5	30	-1	飞刀	-1	-1	0	0	40	-1	20000	-1	-1
61	3	903	7	5	30	-1	飞刀	-1	-1	0	0	50	-1	30000	-1	-1
61	4	904	7	5	30	-1	飞刀	-1	-1	0	0	60	-1	40000	-1	-1
61	5	905	7	5	30	-1	飞刀	-1	-1	0	0	70	-1	50000	-1	-1
61	6	906	7	5	30	-1	飞刀	-1	-1	0	0	100	-1	60000	-1	-1
61	7	907	7	5	30	-1	飞刀	-1	-1	0	0	110	-1	70000	-1	-1
61	8	908	7	5	30	-1	飞刀	-1	-1	0	0	120	-1	80000	-1	-1
61	9	909	7	5	30	-1	飞刀	-1	-1	0	0	130	-1	90000	-1	-1
61	10	910	7	5	30	-1	飞刀	-1	-1	0	0	160	-1	100000	-1	-1
62	1	921	7	5	35	61:5	旋转飞刃	-1	-1	0	0	50	-1	10000	-1	-1
62	2	922	7	5	35	61:5	旋转飞刃	-1	-1	0	0	65	-1	20000	-1	-1
62	3	923	7	5	35	61:5	旋转飞刃	-1	-1	0	0	80	-1	30000	-1	-1
62	4	924	7	5	35	61:5	旋转飞刃	-1	-1	0	0	95	-1	40000	-1	-1
62	5	925	7	5	35	61:5	旋转飞刃	-1	-1	0	0	110	-1	50000	-1	-1
62	6	926	7	5	35	61:5	旋转飞刃	-1	-1	0	0	160	-1	60000	-1	-1
62	7	927	7	5	35	61:5	旋转飞刃	-1	-1	0	0	175	-1	70000	-1	-1
62	8	928	7	5	35	61:5	旋转飞刃	-1	-1	0	0	190	-1	80000	-1	-1
62	9	929	7	5	35	61:5	旋转飞刃	-1	-1	0	0	205	-1	90000	-1	-1
62	10	930	7	5	35	61:5	旋转飞刃	-1	-1	0	0	265	-1	100000	-1	-1
63	1	941	7	5	1	-1	闪电陷阱	-1	-1	0	0	0	-1	10000	-1	-1
63	2	942	7	5	1	-1	闪电陷阱	-1	-1	0	0	0	-1	20000	-1	-1
63	3	943	7	5	1	-1	闪电陷阱	-1	-1	0	0	0	-1	30000	-1	-1
63	4	944	7	5	1	-1	闪电陷阱	-1	-1	0	0	0	-1	40000	-1	-1
63	5	945	7	5	1	-1	闪电陷阱	-1	-1	0	0	0	-1	50000	-1	-1
63	6	946	7	5	1	-1	闪电陷阱	-1	-1	0	0	0	-1	60000	-1	-1
63	7	947	7	5	1	-1	闪电陷阱	-1	-1	0	0	0	-1	70000	-1	-1
63	8	948	7	5	1	-1	闪电陷阱	-1	-1	0	0	0	-1	80000	-1	-1
63	9	949	7	5	1	-1	闪电陷阱	-1	-1	0	0	0	-1	90000	-1	-1
63	10	950	7	5	1	-1	闪电陷阱	-1	-1	0	0	0	-1	100000	-1	-1
64	1	961	7	5	45	241:5	千刃	-1	-1	0	0	60	-1	10000	-1	-1
64	2	962	7	5	45	241:5	千刃	-1	-1	0	0	80	-1	20000	-1	-1
64	3	963	7	5	45	241:5	千刃	-1	-1	0	0	100	-1	30000	-1	-1
64	4	964	7	5	45	241:5	千刃	-1	-1	0	0	120	-1	40000	-1	-1
64	5	965	7	5	45	241:5	千刃	-1	-1	0	0	140	-1	50000	-1	-1
64	6	966	7	5	45	241:5	千刃	-1	-1	0	0	200	-1	60000	-1	-1
64	7	967	7	5	45	241:5	千刃	-1	-1	0	0	220	-1	70000	-1	-1
64	8	968	7	5	45	241:5	千刃	-1	-1	0	0	240	-1	80000	-1	-1
64	9	969	7	5	45	241:5	千刃	-1	-1	0	0	260	-1	90000	-1	-1
64	10	970	7	5	45	241:5	千刃	-1	-1	0	0	320	-1	100000	-1	-1
71	1	1051	8	5	1	-1	虎击	-1	-1	0	0	30	-1	10000	-1	-1
71	2	1052	8	5	1	-1	虎击	-1	-1	0	0	40	-1	20000	-1	-1
71	3	1053	8	5	1	-1	虎击	-1	-1	0	0	50	-1	30000	-1	-1
71	4	1054	8	5	1	-1	虎击	-1	-1	0	0	60	-1	40000	-1	-1
71	5	1055	8	5	1	-1	虎击	-1	-1	0	0	70	-1	50000	-1	-1
71	6	1056	8	5	1	-1	虎击	-1	-1	0	0	100	-1	60000	-1	-1
71	7	1057	8	5	1	-1	虎击	-1	-1	0	0	110	-1	70000	-1	-1
71	8	1058	8	5	1	-1	虎击	-1	-1	0	0	120	-1	80000	-1	-1
71	9	1059	8	5	1	-1	虎击	-1	-1	0	0	130	-1	90000	-1	-1
71	10	1060	8	5	1	-1	虎击	-1	-1	0	0	160	-1	100000	-1	-1
72	1	1071	8	5	10	71:5	飞龙在天	-1	-1	0	0	50	-1	10000	-1	-1
72	2	1072	8	5	10	71:5	飞龙在天	-1	-1	0	0	65	-1	20000	-1	-1
72	3	1073	8	5	10	71:5	飞龙在天	-1	-1	0	0	80	-1	30000	-1	-1
72	4	1074	8	5	10	71:5	飞龙在天	-1	-1	0	0	95	-1	40000	-1	-1
72	5	1075	8	5	10	71:5	飞龙在天	-1	-1	0	0	110	-1	50000	-1	-1
72	6	1076	8	5	10	71:5	飞龙在天	-1	-1	0	0	160	-1	60000	-1	-1
72	7	1077	8	5	10	71:5	飞龙在天	-1	-1	0	0	175	-1	70000	-1	-1
72	8	1078	8	5	10	71:5	飞龙在天	-1	-1	0	0	190	-1	80000	-1	-1
72	9	1079	8	5	10	71:5	飞龙在天	-1	-1	0	0	205	-1	90000	-1	-1
72	10	1080	8	5	10	71:5	飞龙在天	-1	-1	0	0	265	-1	100000	-1	-1
74	1	1111	8	5	20	251:5	凤凰攻击	-1	1111:1131:1151	0	0	60	-1	10000	-1	-1
74	2	1112	8	5	20	251:5	凤凰攻击	-1	1112:1132:1152	0	0	80	-1	20000	-1	-1
74	3	1113	8	5	20	251:5	凤凰攻击	-1	1113:1133:1153	0	0	100	-1	30000	-1	-1
74	4	1114	8	5	20	251:5	凤凰攻击	-1	1114:1134:1154	0	0	120	-1	40000	-1	-1
74	5	1115	8	5	20	251:5	凤凰攻击	-1	1115:1135:1155	0	0	140	-1	50000	-1	-1
74	6	1116	8	5	20	251:5	凤凰攻击	-1	1116:1136:1156	0	0	200	-1	60000	-1	-1
74	7	1117	8	5	20	251:5	凤凰攻击	-1	1117:1137:1157	0	0	220	-1	70000	-1	-1
74	8	1118	8	5	20	251:5	凤凰攻击	-1	1118:1138:1158	0	0	240	-1	80000	-1	-1
74	9	1119	8	5	20	251:5	凤凰攻击	-1	1119:1139:1159	0	0	260	-1	90000	-1	-1
74	10	1120	8	5	20	251:5	凤凰攻击	-1	1120:1140:1160	0	0	320	-1	100000	-1	-1
81	1	1201	9	5	1	-1	影击	-1	-1	0	0	30	-1	10000	-1	-1
81	2	1202	9	5	1	-1	影击	-1	-1	0	0	40	-1	20000	-1	-1
81	3	1203	9	5	1	-1	影击	-1	-1	0	0	50	-1	30000	-1	-1
81	4	1204	9	5	1	-1	影击	-1	-1	0	0	60	-1	40000	-1	-1
81	5	1205	9	5	1	-1	影击	-1	-1	0	0	70	-1	50000	-1	-1
81	6	1206	9	5	1	-1	影击	-1	-1	0	0	100	-1	60000	-1	-1
81	7	1207	9	5	1	-1	影击	-1	-1	0	0	110	-1	70000	-1	-1
81	8	1208	9	5	1	-1	影击	-1	-1	0	0	120	-1	80000	-1	-1
81	9	1209	9	5	1	-1	影击	-1	-1	0	0	130	-1	90000	-1	-1
81	10	1210	9	5	1	-1	影击	-1	-1	0	0	160	-1	100000	-1	-1
82	1	1221	9	5	10	81:5	幻影之舞	-1	-1	0	0	50	-1	10000	-1	-1
82	2	1222	9	5	10	81:5	幻影之舞	-1	-1	0	0	65	-1	20000	-1	-1
82	3	1223	9	5	10	81:5	幻影之舞	-1	-1	0	0	80	-1	30000	-1	-1
82	4	1224	9	5	10	81:5	幻影之舞	-1	-1	0	0	95	-1	40000	-1	-1
82	5	1225	9	5	10	81:5	幻影之舞	-1	-1	0	0	110	-1	50000	-1	-1
82	6	1226	9	5	10	81:5	幻影之舞	-1	-1	0	0	160	-1	60000	-1	-1
82	7	1227	9	5	10	81:5	幻影之舞	-1	-1	0	0	175	-1	70000	-1	-1
82	8	1228	9	5	10	81:5	幻影之舞	-1	-1	0	0	190	-1	80000	-1	-1
82	9	1229	9	5	10	81:5	幻影之舞	-1	-1	0	0	205	-1	90000	-1	-1
82	10	1230	9	5	10	81:5	幻影之舞	-1	-1	0	0	265	-1	100000	-1	-1
84	1	1261	9	5	20	262:5	召唤影子	-1	-1	0	0	60	-1	10000	-1	-1
84	2	1262	9	5	20	262:5	召唤影子	-1	-1	0	0	80	-1	20000	-1	-1
84	3	1263	9	5	20	262:5	召唤影子	-1	-1	0	0	100	-1	30000	-1	-1
84	4	1264	9	5	20	262:5	召唤影子	-1	-1	0	0	120	-1	40000	-1	-1
84	5	1265	9	5	20	262:5	召唤影子	-1	-1	0	0	140	-1	50000	-1	-1
84	6	1266	9	5	20	262:5	召唤影子	-1	-1	0	0	200	-1	60000	-1	-1
84	7	1267	9	5	20	262:5	召唤影子	-1	-1	0	0	220	-1	70000	-1	-1
84	8	1268	9	5	20	262:5	召唤影子	-1	-1	0	0	240	-1	80000	-1	-1
84	9	1269	9	5	20	262:5	召唤影子	-1	-1	0	0	260	-1	90000	-1	-1
84	10	1270	9	5	20	262:5	召唤影子	-1	-1	0	0	320	-1	100000	-1	-1
91	1	5001	1	5	80	186:5	狂战士	-1	-1	0	0	0	-1	10000	-1	-1
91	2	5002	1	5	80	186:5	狂战士	-1	-1	0	0	0	-1	20000	-1	-1
91	3	5003	1	5	80	186:5	狂战士	-1	-1	0	0	0	-1	30000	-1	-1
91	4	5004	1	5	80	186:5	狂战士	-1	-1	0	0	0	-1	40000	-1	-1
91	5	5005	1	5	80	186:5	狂战士	-1	-1	0	0	0	-1	50000	-1	-1
91	6	5006	1	5	80	186:5	狂战士	-1	-1	0	0	0	-1	60000	-1	-1
91	7	5007	1	5	80	186:5	狂战士	-1	-1	0	0	0	-1	70000	-1	-1
91	8	5008	1	5	80	186:5	狂战士	-1	-1	0	0	0	-1	80000	-1	-1
91	9	5009	1	5	80	186:5	狂战士	-1	-1	0	0	0	-1	90000	-1	-1
91	10	5010	1	5	80	186:5	狂战士	-1	-1	0	0	0	-1	100000	-1	-1
101	1	5201	2	5	80	191:5	搜索	-1	-1	0	0	0	-1	10000	-1	-1
101	2	5202	2	5	80	191:5	搜索	-1	-1	0	0	0	-1	20000	-1	-1
101	3	5203	2	5	80	191:5	搜索	-1	-1	0	0	0	-1	30000	-1	-1
101	4	5204	2	5	80	191:5	搜索	-1	-1	0	0	0	-1	40000	-1	-1
101	5	5205	2	5	80	191:5	搜索	-1	-1	0	0	0	-1	50000	-1	-1
101	6	5206	2	5	80	191:5	搜索	-1	-1	0	0	0	-1	60000	-1	-1
101	7	5207	2	5	80	191:5	搜索	-1	-1	0	0	0	-1	70000	-1	-1
101	8	5208	2	5	80	191:5	搜索	-1	-1	0	0	0	-1	80000	-1	-1
101	9	5209	2	5	80	191:5	搜索	-1	-1	0	0	0	-1	90000	-1	-1
101	10	5210	2	5	80	191:5	搜索	-1	-1	0	0	0	-1	100000	-1	-1
102	1	5221	2	5	80	195:5	音障	-1	-1	0	0	0	-1	10000	-1	-1
102	2	5222	2	5	80	195:5	音障	-1	-1	0	0	0	-1	20000	-1	-1
102	3	5223	2	5	80	195:5	音障	-1	-1	0	0	0	-1	30000	-1	-1
102	4	5224	2	5	80	195:5	音障	-1	-1	0	0	0	-1	40000	-1	-1
102	5	5225	2	5	80	195:5	音障	-1	-1	0	0	0	-1	50000	-1	-1
102	6	5226	2	5	80	195:5	音障	-1	-1	0	0	0	-1	60000	-1	-1
102	7	5227	2	5	80	195:5	音障	-1	-1	0	0	0	-1	70000	-1	-1
102	8	5228	2	5	80	195:5	音障	-1	-1	0	0	0	-1	80000	-1	-1
102	9	5229	2	5	80	195:5	音障	-1	-1	0	0	0	-1	90000	-1	-1
102	10	5230	2	5	80	195:5	音障	-1	-1	0	0	0	-1	100000	-1	-1
111	1	5401	3	5	80	206:5	圣十字军	-1	-1	0	0	0	-1	10000	-1	-1
111	2	5402	3	5	80	206:5	圣十字军	-1	-1	0	0	0	-1	20000	-1	-1
111	3	5403	3	5	80	206:5	圣十字军	-1	-1	0	0	0	-1	30000	-1	-1
111	4	5404	3	5	80	206:5	圣十字军	-1	-1	0	0	0	-1	40000	-1	-1
111	5	5405	3	5	80	206:5	圣十字军	-1	-1	0	0	0	-1	50000	-1	-1
111	6	5406	3	5	80	206:5	圣十字军	-1	-1	0	0	0	-1	60000	-1	-1
111	7	5407	3	5	80	206:5	圣十字军	-1	-1	0	0	0	-1	70000	-1	-1
111	8	5408	3	5	80	206:5	圣十字军	-1	-1	0	0	0	-1	80000	-1	-1
111	9	5409	3	5	80	206:5	圣十字军	-1	-1	0	0	0	-1	90000	-1	-1
111	10	5410	3	5	80	206:5	圣十字军	-1	-1	0	0	0	-1	100000	-1	-1
121	1	5601	4	5	55	34:5	极度深寒	-1	-1	0	0	50	-1	10000	-1	-1
121	2	5602	4	5	55	34:5	极度深寒	-1	-1	0	0	65	-1	20000	-1	-1
121	3	5603	4	5	55	34:5	极度深寒	-1	-1	0	0	80	-1	30000	-1	-1
121	4	5604	4	5	55	34:5	极度深寒	-1	-1	0	0	95	-1	40000	-1	-1
121	5	5605	4	5	55	34:5	极度深寒	-1	-1	0	0	110	-1	50000	-1	-1
121	6	5606	4	5	55	34:5	极度深寒	-1	-1	0	0	160	-1	60000	-1	-1
121	7	5607	4	5	55	34:5	极度深寒	-1	-1	0	0	175	-1	70000	-1	-1
121	8	5608	4	5	55	34:5	极度深寒	-1	-1	0	0	190	-1	80000	-1	-1
121	9	5609	4	5	55	34:5	极度深寒	-1	-1	0	0	205	-1	90000	-1	-1
121	10	5610	4	5	55	34:5	极度深寒	-1	-1	0	0	265	-1	100000	-1	-1
122	1	5621	4	5	80	121:5	寒冰之王	-1	-1	0	0	0	-1	10000	-1	-1
122	2	5622	4	5	80	121:5	寒冰之王	-1	-1	0	0	0	-1	20000	-1	-1
122	3	5623	4	5	80	121:5	寒冰之王	-1	-1	0	0	0	-1	30000	-1	-1
122	4	5624	4	5	80	121:5	寒冰之王	-1	-1	0	0	0	-1	40000	-1	-1
122	5	5625	4	5	80	121:5	寒冰之王	-1	-1	0	0	0	-1	50000	-1	-1
122	6	5626	4	5	80	121:5	寒冰之王	-1	-1	0	0	0	-1	60000	-1	-1
122	7	5627	4	5	80	121:5	寒冰之王	-1	-1	0	0	0	-1	70000	-1	-1
122	8	5628	4	5	80	121:5	寒冰之王	-1	-1	0	0	0	-1	80000	-1	-1
122	9	5629	4	5	80	121:5	寒冰之王	-1	-1	0	0	0	-1	90000	-1	-1
122	10	5630	4	5	80	121:5	寒冰之王	-1	-1	0	0	0	-1	100000	-1	-1
131	1	5801	5	5	80	226:5	薪之王	-1	-1	0	0	0	-1	10000	-1	-1
131	2	5802	5	5	80	226:5	薪之王	-1	-1	0	0	0	-1	20000	-1	-1
131	3	5803	5	5	80	226:5	薪之王	-1	-1	0	0	0	-1	30000	-1	-1
131	4	5804	5	5	80	226:5	薪之王	-1	-1	0	0	0	-1	40000	-1	-1
131	5	5805	5	5	80	226:5	薪之王	-1	-1	0	0	0	-1	50000	-1	-1
131	6	5806	5	5	80	226:5	薪之王	-1	-1	0	0	0	-1	60000	-1	-1
131	7	5807	5	5	80	226:5	薪之王	-1	-1	0	0	0	-1	70000	-1	-1
131	8	5808	5	5	80	226:5	薪之王	-1	-1	0	0	0	-1	80000	-1	-1
131	9	5809	5	5	80	226:5	薪之王	-1	-1	0	0	0	-1	90000	-1	-1
131	10	5810	5	5	80	226:5	薪之王	-1	-1	0	0	0	-1	100000	-1	-1
141	1	6001	6	5	55	53:5	死亡迫近	-1	-1	0	0	50	-1	10000	-1	-1
141	2	6002	6	5	55	53:5	死亡迫近	-1	-1	0	0	65	-1	20000	-1	-1
141	3	6003	6	5	55	53:5	死亡迫近	-1	-1	0	0	80	-1	30000	-1	-1
141	4	6004	6	5	55	53:5	死亡迫近	-1	-1	0	0	95	-1	40000	-1	-1
141	5	6005	6	5	55	53:5	死亡迫近	-1	-1	0	0	110	-1	50000	-1	-1
141	6	6006	6	5	55	53:5	死亡迫近	-1	-1	0	0	160	-1	60000	-1	-1
141	7	6007	6	5	55	53:5	死亡迫近	-1	-1	0	0	175	-1	70000	-1	-1
141	8	6008	6	5	55	53:5	死亡迫近	-1	-1	0	0	190	-1	80000	-1	-1
141	9	6009	6	5	55	53:5	死亡迫近	-1	-1	0	0	205	-1	90000	-1	-1
141	10	6010	6	5	55	53:5	死亡迫近	-1	-1	0	0	265	-1	100000	-1	-1
142	1	6021	6	5	80	235:5	幽邃圣者	-1	-1	0	0	0	-1	10000	-1	-1
142	2	6022	6	5	80	235:5	幽邃圣者	-1	-1	0	0	0	-1	20000	-1	-1
142	3	6023	6	5	80	235:5	幽邃圣者	-1	-1	0	0	0	-1	30000	-1	-1
142	4	6024	6	5	80	235:5	幽邃圣者	-1	-1	0	0	0	-1	40000	-1	-1
142	5	6025	6	5	80	235:5	幽邃圣者	-1	-1	0	0	0	-1	50000	-1	-1
142	6	6026	6	5	80	235:5	幽邃圣者	-1	-1	0	0	0	-1	60000	-1	-1
142	7	6027	6	5	80	235:5	幽邃圣者	-1	-1	0	0	0	-1	70000	-1	-1
142	8	6028	6	5	80	235:5	幽邃圣者	-1	-1	0	0	0	-1	80000	-1	-1
142	9	6029	6	5	80	235:5	幽邃圣者	-1	-1	0	0	0	-1	90000	-1	-1
142	10	6030	6	5	80	235:5	幽邃圣者	-1	-1	0	0	0	-1	100000	-1	-1
151	1	6201	9	5	55	241:5	穿刺	-1	-1	0	0	50	-1	10000	-1	-1
151	2	6202	9	5	55	241:5	穿刺	-1	-1	0	0	65	-1	20000	-1	-1
151	3	6203	9	5	55	241:5	穿刺	-1	-1	0	0	80	-1	30000	-1	-1
151	4	6204	9	5	55	241:5	穿刺	-1	-1	0	0	95	-1	40000	-1	-1
151	5	6205	9	5	55	241:5	穿刺	-1	-1	0	0	110	-1	50000	-1	-1
151	6	6206	9	5	55	241:5	穿刺	-1	-1	0	0	160	-1	60000	-1	-1
151	7	6207	9	5	55	241:5	穿刺	-1	-1	0	0	175	-1	70000	-1	-1
151	8	6208	9	5	55	241:5	穿刺	-1	-1	0	0	190	-1	80000	-1	-1
151	9	6209	9	5	55	241:5	穿刺	-1	-1	0	0	205	-1	90000	-1	-1
151	10	6210	9	5	55	241:5	穿刺	-1	-1	0	0	265	-1	100000	-1	-1
152	1	6221	9	5	55	62:5	强化刀刃	-1	-1	0	0	50	-1	10000	-1	-1
152	2	6222	9	5	55	62:5	强化刀刃	-1	-1	0	0	65	-1	20000	-1	-1
152	3	6223	9	5	55	62:5	强化刀刃	-1	-1	0	0	80	-1	30000	-1	-1
152	4	6224	9	5	55	62:5	强化刀刃	-1	-1	0	0	95	-1	40000	-1	-1
152	5	6225	9	5	55	62:5	强化刀刃	-1	-1	0	0	110	-1	50000	-1	-1
152	6	6226	9	5	55	62:5	强化刀刃	-1	-1	0	0	160	-1	60000	-1	-1
152	7	6227	9	5	55	62:5	强化刀刃	-1	-1	0	0	175	-1	70000	-1	-1
152	8	6228	9	5	55	62:5	强化刀刃	-1	-1	0	0	190	-1	80000	-1	-1
152	9	6229	9	5	55	62:5	强化刀刃	-1	-1	0	0	205	-1	90000	-1	-1
152	10	6230	9	5	55	62:5	强化刀刃	-1	-1	0	0	265	-1	100000	-1	-1
153	1	6241	9	5	80	244:5	陷阱大师	-1	-1	0	0	30	-1	10000	-1	-1
153	2	6242	9	5	80	244:5	陷阱大师	-1	-1	0	0	40	-1	20000	-1	-1
153	3	6243	9	5	80	244:5	陷阱大师	-1	-1	0	0	50	-1	30000	-1	-1
153	4	6244	9	5	80	244:5	陷阱大师	-1	-1	0	0	60	-1	40000	-1	-1
153	5	6245	9	5	80	244:5	陷阱大师	-1	-1	0	0	70	-1	50000	-1	-1
153	6	6246	9	5	80	244:5	陷阱大师	-1	-1	0	0	100	-1	60000	-1	-1
153	7	6247	9	5	80	244:5	陷阱大师	-1	-1	0	0	110	-1	70000	-1	-1
153	8	6248	9	5	80	244:5	陷阱大师	-1	-1	0	0	120	-1	80000	-1	-1
153	9	6249	9	5	80	244:5	陷阱大师	-1	-1	0	0	130	-1	90000	-1	-1
153	10	6250	9	5	80	244:5	陷阱大师	-1	-1	0	0	160	-1	100000	-1	-1
161	1	6401	9	5	80	256:5	武学大师	-1	-1	0	0	0	-1	10000	-1	-1
161	2	6402	9	5	80	256:5	武学大师	-1	-1	0	0	0	-1	20000	-1	-1
161	3	6403	9	5	80	256:5	武学大师	-1	-1	0	0	0	-1	30000	-1	-1
161	4	6404	9	5	80	256:5	武学大师	-1	-1	0	0	0	-1	40000	-1	-1
161	5	6405	9	5	80	256:5	武学大师	-1	-1	0	0	0	-1	50000	-1	-1
161	6	6406	9	5	80	256:5	武学大师	-1	-1	0	0	0	-1	60000	-1	-1
161	7	6407	9	5	80	256:5	武学大师	-1	-1	0	0	0	-1	70000	-1	-1
161	8	6408	9	5	80	256:5	武学大师	-1	-1	0	0	0	-1	80000	-1	-1
161	9	6409	9	5	80	256:5	武学大师	-1	-1	0	0	0	-1	90000	-1	-1
161	10	6410	9	5	80	256:5	武学大师	-1	-1	0	0	0	-1	100000	-1	-1
171	1	6601	9	5	55	82:5	影武士	-1	-1	0	0	50	-1	10000	-1	-1
171	2	6602	9	5	55	82:5	影武士	-1	-1	0	0	65	-1	20000	-1	-1
171	3	6603	9	5	55	82:5	影武士	-1	-1	0	0	80	-1	30000	-1	-1
171	4	6604	9	5	55	82:5	影武士	-1	-1	0	0	95	-1	40000	-1	-1
171	5	6605	9	5	55	82:5	影武士	-1	-1	0	0	110	-1	50000	-1	-1
171	6	6606	9	5	55	82:5	影武士	-1	-1	0	0	160	-1	60000	-1	-1
171	7	6607	9	5	55	82:5	影武士	-1	-1	0	0	175	-1	70000	-1	-1
171	8	6608	9	5	55	82:5	影武士	-1	-1	0	0	190	-1	80000	-1	-1
171	9	6609	9	5	55	82:5	影武士	-1	-1	0	0	205	-1	90000	-1	-1
171	10	6610	9	5	55	82:5	影武士	-1	-1	0	0	265	-1	100000	-1	-1
172	1	6621	9	5	80	265:5	影子大师	-1	-1	0	0	0	-1	10000	-1	-1
172	2	6622	9	5	80	265:5	影子大师	-1	-1	0	0	0	-1	20000	-1	-1
172	3	6623	9	5	80	265:5	影子大师	-1	-1	0	0	0	-1	30000	-1	-1
172	4	6624	9	5	80	265:5	影子大师	-1	-1	0	0	0	-1	40000	-1	-1
172	5	6625	9	5	80	265:5	影子大师	-1	-1	0	0	0	-1	50000	-1	-1
172	6	6626	9	5	80	265:5	影子大师	-1	-1	0	0	0	-1	60000	-1	-1
172	7	6627	9	5	80	265:5	影子大师	-1	-1	0	0	0	-1	70000	-1	-1
172	8	6628	9	5	80	265:5	影子大师	-1	-1	0	0	0	-1	80000	-1	-1
172	9	6629	9	5	80	265:5	影子大师	-1	-1	0	0	0	-1	90000	-1	-1
172	10	6630	9	5	80	265:5	影子大师	-1	-1	0	0	0	-1	100000	-1	-1
181	1	10001	1	5	15	1:5	碎甲	-1	-1	0	0	50	-1	10000	-1	-1
181	2	10002	1	5	15	1:5	碎甲	-1	-1	0	0	65	-1	20000	-1	-1
181	3	10003	1	5	15	1:5	碎甲	-1	-1	0	0	80	-1	30000	-1	-1
181	4	10004	1	5	15	1:5	碎甲	-1	-1	0	0	95	-1	40000	-1	-1
181	5	10005	1	5	15	1:5	碎甲	-1	-1	0	0	110	-1	50000	-1	-1
181	6	10006	1	5	15	1:5	碎甲	-1	-1	0	0	160	-1	60000	-1	-1
181	7	10007	1	5	15	1:5	碎甲	-1	-1	0	0	175	-1	70000	-1	-1
181	8	10008	1	5	15	1:5	碎甲	-1	-1	0	0	190	-1	80000	-1	-1
181	9	10009	1	5	15	1:5	碎甲	-1	-1	0	0	205	-1	90000	-1	-1
181	10	10010	1	5	15	1:5	碎甲	-1	-1	0	0	265	-1	100000	-1	-1
182	1	10021	1	5	55	181:5	撕裂	-1	-1	0	0	50	-1	10000	-1	-1
182	2	10022	1	5	55	181:5	撕裂	-1	-1	0	0	65	-1	20000	-1	-1
182	3	10023	1	5	55	181:5	撕裂	-1	-1	0	0	80	-1	30000	-1	-1
182	4	10024	1	5	55	181:5	撕裂	-1	-1	0	0	95	-1	40000	-1	-1
182	5	10025	1	5	55	181:5	撕裂	-1	-1	0	0	110	-1	50000	-1	-1
182	6	10026	1	5	55	181:5	撕裂	-1	-1	0	0	160	-1	60000	-1	-1
182	7	10027	1	5	55	181:5	撕裂	-1	-1	0	0	175	-1	70000	-1	-1
182	8	10028	1	5	55	181:5	撕裂	-1	-1	0	0	190	-1	80000	-1	-1
182	9	10029	1	5	55	181:5	撕裂	-1	-1	0	0	205	-1	90000	-1	-1
182	10	10030	1	5	55	181:5	撕裂	-1	-1	0	0	265	-1	100000	-1	-1
183	1	10041	1	5	80	182:5	愈战愈勇	-1	-1	0	0	50	-1	10000	-1	-1
183	2	10042	1	5	80	182:5	愈战愈勇	-1	-1	0	0	65	-1	20000	-1	-1
183	3	10043	1	5	80	182:5	愈战愈勇	-1	-1	0	0	80	-1	30000	-1	-1
183	4	10044	1	5	80	182:5	愈战愈勇	-1	-1	0	0	95	-1	40000	-1	-1
183	5	10045	1	5	80	182:5	愈战愈勇	-1	-1	0	0	110	-1	50000	-1	-1
183	6	10046	1	5	80	182:5	愈战愈勇	-1	-1	0	0	160	-1	60000	-1	-1
183	7	10047	1	5	80	182:5	愈战愈勇	-1	-1	0	0	175	-1	70000	-1	-1
183	8	10048	1	5	80	182:5	愈战愈勇	-1	-1	0	0	190	-1	80000	-1	-1
183	9	10049	1	5	80	182:5	愈战愈勇	-1	-1	0	0	205	-1	90000	-1	-1
183	10	10050	1	5	80	182:5	愈战愈勇	-1	-1	0	0	265	-1	100000	-1	-1
184	1	10061	1	5	55	3:5	碾压	-1	-1	0	0	50	-1	10000	-1	-1
184	2	10062	1	5	55	3:5	碾压	-1	-1	0	0	65	-1	20000	-1	-1
184	3	10063	1	5	55	3:5	碾压	-1	-1	0	0	80	-1	30000	-1	-1
184	4	10064	1	5	55	3:5	碾压	-1	-1	0	0	95	-1	40000	-1	-1
184	5	10065	1	5	55	3:5	碾压	-1	-1	0	0	110	-1	50000	-1	-1
184	6	10066	1	5	55	3:5	碾压	-1	-1	0	0	160	-1	60000	-1	-1
184	7	10067	1	5	55	3:5	碾压	-1	-1	0	0	175	-1	70000	-1	-1
184	8	10068	1	5	55	3:5	碾压	-1	-1	0	0	190	-1	80000	-1	-1
184	9	10069	1	5	55	3:5	碾压	-1	-1	0	0	205	-1	90000	-1	-1
184	10	10070	1	5	55	3:5	碾压	-1	-1	0	0	265	-1	100000	-1	-1
185	1	10081	1	5	80	184:5	血之狂暴	-1	-1	0	0	50	-1	10000	-1	-1
185	2	10082	1	5	80	184:5	血之狂暴	-1	-1	0	0	65	-1	20000	-1	-1
185	3	10083	1	5	80	184:5	血之狂暴	-1	-1	0	0	80	-1	30000	-1	-1
185	4	10084	1	5	80	184:5	血之狂暴	-1	-1	0	0	95	-1	40000	-1	-1
185	5	10085	1	5	80	184:5	血之狂暴	-1	-1	0	0	110	-1	50000	-1	-1
185	6	10086	1	5	80	184:5	血之狂暴	-1	-1	0	0	160	-1	60000	-1	-1
185	7	10087	1	5	80	184:5	血之狂暴	-1	-1	0	0	175	-1	70000	-1	-1
185	8	10088	1	5	80	184:5	血之狂暴	-1	-1	0	0	190	-1	80000	-1	-1
185	9	10089	1	5	80	184:5	血之狂暴	-1	-1	0	0	205	-1	90000	-1	-1
185	10	10090	1	5	80	184:5	血之狂暴	-1	-1	0	0	265	-1	100000	-1	-1
186	1	10101	1	5	55	4:5	顺势斩	-1	-1	0	0	50	-1	10000	-1	-1
186	2	10102	1	5	55	4:5	顺势斩	-1	-1	0	0	65	-1	20000	-1	-1
186	3	10103	1	5	55	4:5	顺势斩	-1	-1	0	0	80	-1	30000	-1	-1
186	4	10104	1	5	55	4:5	顺势斩	-1	-1	0	0	95	-1	40000	-1	-1
186	5	10105	1	5	55	4:5	顺势斩	-1	-1	0	0	110	-1	50000	-1	-1
186	6	10106	1	5	55	4:5	顺势斩	-1	-1	0	0	160	-1	60000	-1	-1
186	7	10107	1	5	55	4:5	顺势斩	-1	-1	0	0	175	-1	70000	-1	-1
186	8	10108	1	5	55	4:5	顺势斩	-1	-1	0	0	190	-1	80000	-1	-1
186	9	10109	1	5	55	4:5	顺势斩	-1	-1	0	0	205	-1	90000	-1	-1
186	10	10110	1	5	55	4:5	顺势斩	-1	-1	0	0	265	-1	100000	-1	-1
191	1	10201	2	5	55	192:5	共振粉碎	-1	-1	0	0	50	-1	10000	-1	-1
191	2	10202	2	5	55	192:5	共振粉碎	-1	-1	0	0	65	-1	20000	-1	-1
191	3	10203	2	5	55	192:5	共振粉碎	-1	-1	0	0	80	-1	30000	-1	-1
191	4	10204	2	5	55	192:5	共振粉碎	-1	-1	0	0	95	-1	40000	-1	-1
191	5	10205	2	5	55	192:5	共振粉碎	-1	-1	0	0	110	-1	50000	-1	-1
191	6	10206	2	5	55	192:5	共振粉碎	-1	-1	0	0	160	-1	60000	-1	-1
191	7	10207	2	5	55	192:5	共振粉碎	-1	-1	0	0	175	-1	70000	-1	-1
191	8	10208	2	5	55	192:5	共振粉碎	-1	-1	0	0	190	-1	80000	-1	-1
191	9	10209	2	5	55	192:5	共振粉碎	-1	-1	0	0	205	-1	90000	-1	-1
191	10	10210	2	5	55	192:5	共振粉碎	-1	-1	0	0	265	-1	100000	-1	-1
192	1	10221	2	5	40	11:5	刺耳之音	-1	-1	0	0	50	-1	10000	-1	-1
192	2	10222	2	5	40	11:5	刺耳之音	-1	-1	0	0	65	-1	20000	-1	-1
192	3	10223	2	5	40	11:5	刺耳之音	-1	-1	0	0	80	-1	30000	-1	-1
192	4	10224	2	5	40	11:5	刺耳之音	-1	-1	0	0	95	-1	40000	-1	-1
192	5	10225	2	5	40	11:5	刺耳之音	-1	-1	0	0	110	-1	50000	-1	-1
192	6	10226	2	5	40	11:5	刺耳之音	-1	-1	0	0	160	-1	60000	-1	-1
192	7	10227	2	5	40	11:5	刺耳之音	-1	-1	0	0	175	-1	70000	-1	-1
192	8	10228	2	5	40	11:5	刺耳之音	-1	-1	0	0	190	-1	80000	-1	-1
192	9	10229	2	5	40	11:5	刺耳之音	-1	-1	0	0	205	-1	90000	-1	-1
192	10	10230	2	5	40	11:5	刺耳之音	-1	-1	0	0	265	-1	100000	-1	-1
193	1	10241	2	5	55	12:5	警戒	-1	-1	0	0	50	-1	10000	-1	-1
193	2	10242	2	5	55	12:5	警戒	-1	-1	0	0	65	-1	20000	-1	-1
193	3	10243	2	5	55	12:5	警戒	-1	-1	0	0	80	-1	30000	-1	-1
193	4	10244	2	5	55	12:5	警戒	-1	-1	0	0	95	-1	40000	-1	-1
193	5	10245	2	5	55	12:5	警戒	-1	-1	0	0	110	-1	50000	-1	-1
193	6	10246	2	5	55	12:5	警戒	-1	-1	0	0	160	-1	60000	-1	-1
193	7	10247	2	5	55	12:5	警戒	-1	-1	0	0	175	-1	70000	-1	-1
193	8	10248	2	5	55	12:5	警戒	-1	-1	0	0	190	-1	80000	-1	-1
193	9	10249	2	5	55	12:5	警戒	-1	-1	0	0	205	-1	90000	-1	-1
193	10	10250	2	5	55	12:5	警戒	-1	-1	0	0	265	-1	100000	-1	-1
194	1	10261	2	5	80	193:5	不屈	-1	-1	0	0	50	-1	10000	-1	-1
194	2	10262	2	5	80	193:5	不屈	-1	-1	0	0	65	-1	20000	-1	-1
194	3	10263	2	5	80	193:5	不屈	-1	-1	0	0	80	-1	30000	-1	-1
194	4	10264	2	5	80	193:5	不屈	-1	-1	0	0	95	-1	40000	-1	-1
194	5	10265	2	5	80	193:5	不屈	-1	-1	0	0	110	-1	50000	-1	-1
194	6	10266	2	5	80	193:5	不屈	-1	-1	0	0	160	-1	60000	-1	-1
194	7	10267	2	5	80	193:5	不屈	-1	-1	0	0	175	-1	70000	-1	-1
194	8	10268	2	5	80	193:5	不屈	-1	-1	0	0	190	-1	80000	-1	-1
194	9	10269	2	5	80	193:5	不屈	-1	-1	0	0	205	-1	90000	-1	-1
194	10	10270	2	5	80	193:5	不屈	-1	-1	0	0	265	-1	100000	-1	-1
195	1	10281	2	5	55	14:5	震慑	-1	-1	0	0	50	-1	10000	-1	-1
195	2	10282	2	5	55	14:5	震慑	-1	-1	0	0	65	-1	20000	-1	-1
195	3	10283	2	5	55	14:5	震慑	-1	-1	0	0	80	-1	30000	-1	-1
195	4	10284	2	5	55	14:5	震慑	-1	-1	0	0	95	-1	40000	-1	-1
195	5	10285	2	5	55	14:5	震慑	-1	-1	0	0	110	-1	50000	-1	-1
195	6	10286	2	5	55	14:5	震慑	-1	-1	0	0	160	-1	60000	-1	-1
195	7	10287	2	5	55	14:5	震慑	-1	-1	0	0	175	-1	70000	-1	-1
195	8	10288	2	5	55	14:5	震慑	-1	-1	0	0	190	-1	80000	-1	-1
195	9	10289	2	5	55	14:5	震慑	-1	-1	0	0	205	-1	90000	-1	-1
195	10	10290	2	5	55	14:5	震慑	-1	-1	0	0	265	-1	100000	-1	-1
201	1	10401	3	5	55	202:5	救赎	-1	-1	0	0	50	-1	10000	-1	-1
201	2	10402	3	5	55	202:5	救赎	-1	-1	0	0	65	-1	20000	-1	-1
201	3	10403	3	5	55	202:5	救赎	-1	-1	0	0	80	-1	30000	-1	-1
201	4	10404	3	5	55	202:5	救赎	-1	-1	0	0	95	-1	40000	-1	-1
201	5	10405	3	5	55	202:5	救赎	-1	-1	0	0	110	-1	50000	-1	-1
201	6	10406	3	5	55	202:5	救赎	-1	-1	0	0	160	-1	60000	-1	-1
201	7	10407	3	5	55	202:5	救赎	-1	-1	0	0	175	-1	70000	-1	-1
201	8	10408	3	5	55	202:5	救赎	-1	-1	0	0	190	-1	80000	-1	-1
201	9	10409	3	5	55	202:5	救赎	-1	-1	0	0	205	-1	90000	-1	-1
201	10	10410	3	5	55	202:5	救赎	-1	-1	0	0	265	-1	100000	-1	-1
202	1	10421	3	5	15	21:5	圣焰	-1	-1	0	0	50	-1	10000	-1	-1
202	2	10422	3	5	15	21:5	圣焰	-1	-1	0	0	65	-1	20000	-1	-1
202	3	10423	3	5	15	21:5	圣焰	-1	-1	0	0	80	-1	30000	-1	-1
202	4	10424	3	5	15	21:5	圣焰	-1	-1	0	0	95	-1	40000	-1	-1
202	5	10425	3	5	15	21:5	圣焰	-1	-1	0	0	110	-1	50000	-1	-1
202	6	10426	3	5	15	21:5	圣焰	-1	-1	0	0	160	-1	60000	-1	-1
202	7	10427	3	5	15	21:5	圣焰	-1	-1	0	0	175	-1	70000	-1	-1
202	8	10428	3	5	15	21:5	圣焰	-1	-1	0	0	190	-1	80000	-1	-1
202	9	10429	3	5	15	21:5	圣焰	-1	-1	0	0	205	-1	90000	-1	-1
202	10	10430	3	5	15	21:5	圣焰	-1	-1	0	0	265	-1	100000	-1	-1
203	1	10441	3	5	55	23:5	祝福	-1	-1	0	0	50	-1	10000	-1	-1
203	2	10442	3	5	55	23:5	祝福	-1	-1	0	0	65	-1	20000	-1	-1
203	3	10443	3	5	55	23:5	祝福	-1	-1	0	0	80	-1	30000	-1	-1
203	4	10444	3	5	55	23:5	祝福	-1	-1	0	0	95	-1	40000	-1	-1
203	5	10445	3	5	55	23:5	祝福	-1	-1	0	0	110	-1	50000	-1	-1
203	6	10446	3	5	55	23:5	祝福	-1	-1	0	0	160	-1	60000	-1	-1
203	7	10447	3	5	55	23:5	祝福	-1	-1	0	0	175	-1	70000	-1	-1
203	8	10448	3	5	55	23:5	祝福	-1	-1	0	0	190	-1	80000	-1	-1
203	9	10449	3	5	55	23:5	祝福	-1	-1	0	0	205	-1	90000	-1	-1
203	10	10450	3	5	55	23:5	祝福	-1	-1	0	0	265	-1	100000	-1	-1
204	1	10461	3	5	80	201:5	净化邪恶	-1	-1	0	0	50	-1	10000	-1	-1
204	2	10462	3	5	80	201:5	净化邪恶	-1	-1	0	0	65	-1	20000	-1	-1
204	3	10463	3	5	80	201:5	净化邪恶	-1	-1	0	0	80	-1	30000	-1	-1
204	4	10464	3	5	80	201:5	净化邪恶	-1	-1	0	0	95	-1	40000	-1	-1
204	5	10465	3	5	80	201:5	净化邪恶	-1	-1	0	0	110	-1	50000	-1	-1
204	6	10466	3	5	80	201:5	净化邪恶	-1	-1	0	0	160	-1	60000	-1	-1
204	7	10467	3	5	80	201:5	净化邪恶	-1	-1	0	0	175	-1	70000	-1	-1
204	8	10468	3	5	80	201:5	净化邪恶	-1	-1	0	0	190	-1	80000	-1	-1
204	9	10469	3	5	80	201:5	净化邪恶	-1	-1	0	0	205	-1	90000	-1	-1
204	10	10470	3	5	80	201:5	净化邪恶	-1	-1	0	0	265	-1	100000	-1	-1
205	1	10481	3	5	80	203:5	防护邪恶	-1	-1	0	0	50	-1	10000	-1	-1
205	2	10482	3	5	80	203:5	防护邪恶	-1	-1	0	0	65	-1	20000	-1	-1
205	3	10483	3	5	80	203:5	防护邪恶	-1	-1	0	0	80	-1	30000	-1	-1
205	4	10484	3	5	80	203:5	防护邪恶	-1	-1	0	0	95	-1	40000	-1	-1
205	5	10485	3	5	80	203:5	防护邪恶	-1	-1	0	0	110	-1	50000	-1	-1
205	6	10486	3	5	80	203:5	防护邪恶	-1	-1	0	0	160	-1	60000	-1	-1
205	7	10487	3	5	80	203:5	防护邪恶	-1	-1	0	0	175	-1	70000	-1	-1
205	8	10488	3	5	80	203:5	防护邪恶	-1	-1	0	0	190	-1	80000	-1	-1
205	9	10489	3	5	80	203:5	防护邪恶	-1	-1	0	0	205	-1	90000	-1	-1
205	10	10490	3	5	80	203:5	防护邪恶	-1	-1	0	0	265	-1	100000	-1	-1
206	1	10501	3	5	55	24:5	神圣闪电	-1	-1	0	0	50	-1	10000	-1	-1
206	2	10502	3	5	55	24:5	神圣闪电	-1	-1	0	0	65	-1	20000	-1	-1
206	3	10503	3	5	55	24:5	神圣闪电	-1	-1	0	0	80	-1	30000	-1	-1
206	4	10504	3	5	55	24:5	神圣闪电	-1	-1	0	0	95	-1	40000	-1	-1
206	5	10505	3	5	55	24:5	神圣闪电	-1	-1	0	0	110	-1	50000	-1	-1
206	6	10506	3	5	55	24:5	神圣闪电	-1	-1	0	0	160	-1	60000	-1	-1
206	7	10507	3	5	55	24:5	神圣闪电	-1	-1	0	0	175	-1	70000	-1	-1
206	8	10508	3	5	55	24:5	神圣闪电	-1	-1	0	0	190	-1	80000	-1	-1
206	9	10509	3	5	55	24:5	神圣闪电	-1	-1	0	0	205	-1	90000	-1	-1
206	10	10510	3	5	55	24:5	神圣闪电	-1	-1	0	0	265	-1	100000	-1	-1
211	1	10601	4	5	40	31:5	寒冰破片	-1	-1	0	0	50	-1	10000	-1	-1
211	2	10602	4	5	40	31:5	寒冰破片	-1	-1	0	0	65	-1	20000	-1	-1
211	3	10603	4	5	40	31:5	寒冰破片	-1	-1	0	0	80	-1	30000	-1	-1
211	4	10604	4	5	40	31:5	寒冰破片	-1	-1	0	0	95	-1	40000	-1	-1
211	5	10605	4	5	40	31:5	寒冰破片	-1	-1	0	0	110	-1	50000	-1	-1
211	6	10606	4	5	40	31:5	寒冰破片	-1	-1	0	0	160	-1	60000	-1	-1
211	7	10607	4	5	40	31:5	寒冰破片	-1	-1	0	0	175	-1	70000	-1	-1
211	8	10608	4	5	40	31:5	寒冰破片	-1	-1	0	0	190	-1	80000	-1	-1
211	9	10609	4	5	40	31:5	寒冰破片	-1	-1	0	0	205	-1	90000	-1	-1
211	10	10610	4	5	40	31:5	寒冰破片	-1	-1	0	0	265	-1	100000	-1	-1
212	1	10621	4	5	55	211:5	冰寒刺骨	-1	-1	0	0	50	-1	10000	-1	-1
212	2	10622	4	5	55	211:5	冰寒刺骨	-1	-1	0	0	65	-1	20000	-1	-1
212	3	10623	4	5	55	211:5	冰寒刺骨	-1	-1	0	0	80	-1	30000	-1	-1
212	4	10624	4	5	55	211:5	冰寒刺骨	-1	-1	0	0	95	-1	40000	-1	-1
212	5	10625	4	5	55	211:5	冰寒刺骨	-1	-1	0	0	110	-1	50000	-1	-1
212	6	10626	4	5	55	211:5	冰寒刺骨	-1	-1	0	0	160	-1	60000	-1	-1
212	7	10627	4	5	55	211:5	冰寒刺骨	-1	-1	0	0	175	-1	70000	-1	-1
212	8	10628	4	5	55	211:5	冰寒刺骨	-1	-1	0	0	190	-1	80000	-1	-1
212	9	10629	4	5	55	211:5	冰寒刺骨	-1	-1	0	0	205	-1	90000	-1	-1
212	10	10630	4	5	55	211:5	冰寒刺骨	-1	-1	0	0	265	-1	100000	-1	-1
213	1	10641	4	5	80	212:5	无形之冰	-1	-1	0	0	50	-1	10000	-1	-1
213	2	10642	4	5	80	212:5	无形之冰	-1	-1	0	0	65	-1	20000	-1	-1
213	3	10643	4	5	80	212:5	无形之冰	-1	-1	0	0	80	-1	30000	-1	-1
213	4	10644	4	5	80	212:5	无形之冰	-1	-1	0	0	95	-1	40000	-1	-1
213	5	10645	4	5	80	212:5	无形之冰	-1	-1	0	0	110	-1	50000	-1	-1
213	6	10646	4	5	80	212:5	无形之冰	-1	-1	0	0	160	-1	60000	-1	-1
213	7	10647	4	5	80	212:5	无形之冰	-1	-1	0	0	175	-1	70000	-1	-1
213	8	10648	4	5	80	212:5	无形之冰	-1	-1	0	0	190	-1	80000	-1	-1
213	9	10649	4	5	80	212:5	无形之冰	-1	-1	0	0	205	-1	90000	-1	-1
213	10	10650	4	5	80	212:5	无形之冰	-1	-1	0	0	265	-1	100000	-1	-1
214	1	10661	4	5	55	35:5	无暇冰霜	-1	-1	0	0	50	-1	10000	-1	-1
214	2	10662	4	5	55	35:5	无暇冰霜	-1	-1	0	0	65	-1	20000	-1	-1
214	3	10663	4	5	55	35:5	无暇冰霜	-1	-1	0	0	80	-1	30000	-1	-1
214	4	10664	4	5	55	35:5	无暇冰霜	-1	-1	0	0	95	-1	40000	-1	-1
214	5	10665	4	5	55	35:5	无暇冰霜	-1	-1	0	0	110	-1	50000	-1	-1
214	6	10666	4	5	55	35:5	无暇冰霜	-1	-1	0	0	160	-1	60000	-1	-1
214	7	10667	4	5	55	35:5	无暇冰霜	-1	-1	0	0	175	-1	70000	-1	-1
214	8	10668	4	5	55	35:5	无暇冰霜	-1	-1	0	0	190	-1	80000	-1	-1
214	9	10669	4	5	55	35:5	无暇冰霜	-1	-1	0	0	205	-1	90000	-1	-1
214	10	10670	4	5	55	35:5	无暇冰霜	-1	-1	0	0	265	-1	100000	-1	-1
215	1	10681	4	5	80	214:5	冷却	-1	-1	0	0	50	-1	10000	-1	-1
215	2	10682	4	5	80	214:5	冷却	-1	-1	0	0	65	-1	20000	-1	-1
215	3	10683	4	5	80	214:5	冷却	-1	-1	0	0	80	-1	30000	-1	-1
215	4	10684	4	5	80	214:5	冷却	-1	-1	0	0	95	-1	40000	-1	-1
215	5	10685	4	5	80	214:5	冷却	-1	-1	0	0	110	-1	50000	-1	-1
215	6	10686	4	5	80	214:5	冷却	-1	-1	0	0	160	-1	60000	-1	-1
215	7	10687	4	5	80	214:5	冷却	-1	-1	0	0	175	-1	70000	-1	-1
215	8	10688	4	5	80	214:5	冷却	-1	-1	0	0	190	-1	80000	-1	-1
215	9	10689	4	5	80	214:5	冷却	-1	-1	0	0	205	-1	90000	-1	-1
215	10	10690	4	5	80	214:5	冷却	-1	-1	0	0	265	-1	100000	-1	-1
221	1	10801	5	5	55	222:5	猛火	-1	-1	0	0	50	-1	10000	-1	-1
221	2	10802	5	5	55	222:5	猛火	-1	-1	0	0	65	-1	20000	-1	-1
221	3	10803	5	5	55	222:5	猛火	-1	-1	0	0	80	-1	30000	-1	-1
221	4	10804	5	5	55	222:5	猛火	-1	-1	0	0	95	-1	40000	-1	-1
221	5	10805	5	5	55	222:5	猛火	-1	-1	0	0	110	-1	50000	-1	-1
221	6	10806	5	5	55	222:5	猛火	-1	-1	0	0	160	-1	60000	-1	-1
221	7	10807	5	5	55	222:5	猛火	-1	-1	0	0	175	-1	70000	-1	-1
221	8	10808	5	5	55	222:5	猛火	-1	-1	0	0	190	-1	80000	-1	-1
221	9	10809	5	5	55	222:5	猛火	-1	-1	0	0	205	-1	90000	-1	-1
221	10	10810	5	5	55	222:5	猛火	-1	-1	0	0	265	-1	100000	-1	-1
222	1	10821	5	5	15	41:5	爆燃	-1	-1	0	0	50	-1	10000	-1	-1
222	2	10822	5	5	15	41:5	爆燃	-1	-1	0	0	65	-1	20000	-1	-1
222	3	10823	5	5	15	41:5	爆燃	-1	-1	0	0	80	-1	30000	-1	-1
222	4	10824	5	5	15	41:5	爆燃	-1	-1	0	0	95	-1	40000	-1	-1
222	5	10825	5	5	15	41:5	爆燃	-1	-1	0	0	110	-1	50000	-1	-1
222	6	10826	5	5	15	41:5	爆燃	-1	-1	0	0	160	-1	60000	-1	-1
222	7	10827	5	5	15	41:5	爆燃	-1	-1	0	0	175	-1	70000	-1	-1
222	8	10828	5	5	15	41:5	爆燃	-1	-1	0	0	190	-1	80000	-1	-1
222	9	10829	5	5	15	41:5	爆燃	-1	-1	0	0	205	-1	90000	-1	-1
222	10	10830	5	5	15	41:5	爆燃	-1	-1	0	0	265	-1	100000	-1	-1
223	1	10841	5	5	80	221:5	温暖小火	-1	-1	0	0	50	-1	10000	-1	-1
223	2	10842	5	5	80	221:5	温暖小火	-1	-1	0	0	65	-1	20000	-1	-1
223	3	10843	5	5	80	221:5	温暖小火	-1	-1	0	0	80	-1	30000	-1	-1
223	4	10844	5	5	80	221:5	温暖小火	-1	-1	0	0	95	-1	40000	-1	-1
223	5	10845	5	5	80	221:5	温暖小火	-1	-1	0	0	110	-1	50000	-1	-1
223	6	10846	5	5	80	221:5	温暖小火	-1	-1	0	0	160	-1	60000	-1	-1
223	7	10847	5	5	80	221:5	温暖小火	-1	-1	0	0	175	-1	70000	-1	-1
223	8	10848	5	5	80	221:5	温暖小火	-1	-1	0	0	190	-1	80000	-1	-1
223	9	10849	5	5	80	221:5	温暖小火	-1	-1	0	0	205	-1	90000	-1	-1
223	10	10850	5	5	80	221:5	温暖小火	-1	-1	0	0	265	-1	100000	-1	-1
224	1	10861	5	5	55	42:5	气化	-1	-1	0	0	50	-1	10000	-1	-1
224	2	10862	5	5	55	42:5	气化	-1	-1	0	0	65	-1	20000	-1	-1
224	3	10863	5	5	55	42:5	气化	-1	-1	0	0	80	-1	30000	-1	-1
224	4	10864	5	5	55	42:5	气化	-1	-1	0	0	95	-1	40000	-1	-1
224	5	10865	5	5	55	42:5	气化	-1	-1	0	0	110	-1	50000	-1	-1
224	6	10866	5	5	55	42:5	气化	-1	-1	0	0	160	-1	60000	-1	-1
224	7	10867	5	5	55	42:5	气化	-1	-1	0	0	175	-1	70000	-1	-1
224	8	10868	5	5	55	42:5	气化	-1	-1	0	0	190	-1	80000	-1	-1
224	9	10869	5	5	55	42:5	气化	-1	-1	0	0	205	-1	90000	-1	-1
224	10	10870	5	5	55	42:5	气化	-1	-1	0	0	265	-1	100000	-1	-1
225	1	10881	5	5	80	224:5	火凤转生	-1	-1	0	0	50	-1	10000	-1	-1
225	2	10882	5	5	80	224:5	火凤转生	-1	-1	0	0	65	-1	20000	-1	-1
225	3	10883	5	5	80	224:5	火凤转生	-1	-1	0	0	80	-1	30000	-1	-1
225	4	10884	5	5	80	224:5	火凤转生	-1	-1	0	0	95	-1	40000	-1	-1
225	5	10885	5	5	80	224:5	火凤转生	-1	-1	0	0	110	-1	50000	-1	-1
225	6	10886	5	5	80	224:5	火凤转生	-1	-1	0	0	160	-1	60000	-1	-1
225	7	10887	5	5	80	224:5	火凤转生	-1	-1	0	0	175	-1	70000	-1	-1
225	8	10888	5	5	80	224:5	火凤转生	-1	-1	0	0	190	-1	80000	-1	-1
225	9	10889	5	5	80	224:5	火凤转生	-1	-1	0	0	205	-1	90000	-1	-1
225	10	10890	5	5	80	224:5	火凤转生	-1	-1	0	0	265	-1	100000	-1	-1
226	1	10901	5	5	80	45:5	灾祸	-1	-1	0	0	50	-1	10000	-1	-1
226	2	10902	5	5	80	45:5	灾祸	-1	-1	0	0	65	-1	20000	-1	-1
226	3	10903	5	5	80	45:5	灾祸	-1	-1	0	0	80	-1	30000	-1	-1
226	4	10904	5	5	80	45:5	灾祸	-1	-1	0	0	95	-1	40000	-1	-1
226	5	10905	5	5	80	45:5	灾祸	-1	-1	0	0	110	-1	50000	-1	-1
226	6	10906	5	5	80	45:5	灾祸	-1	-1	0	0	160	-1	60000	-1	-1
226	7	10907	5	5	80	45:5	灾祸	-1	-1	0	0	175	-1	70000	-1	-1
226	8	10908	5	5	80	45:5	灾祸	-1	-1	0	0	190	-1	80000	-1	-1
226	9	10909	5	5	80	45:5	灾祸	-1	-1	0	0	205	-1	90000	-1	-1
226	10	10910	5	5	80	45:5	灾祸	-1	-1	0	0	265	-1	100000	-1	-1
231	1	11001	6	5	15	51:5	白骨毒素	-1	-1	0	0	50	-1	10000	-1	-1
231	2	11002	6	5	15	51:5	白骨毒素	-1	-1	0	0	65	-1	20000	-1	-1
231	3	11003	6	5	15	51:5	白骨毒素	-1	-1	0	0	80	-1	30000	-1	-1
231	4	11004	6	5	15	51:5	白骨毒素	-1	-1	0	0	95	-1	40000	-1	-1
231	5	11005	6	5	15	51:5	白骨毒素	-1	-1	0	0	110	-1	50000	-1	-1
231	6	11006	6	5	15	51:5	白骨毒素	-1	-1	0	0	160	-1	60000	-1	-1
231	7	11007	6	5	15	51:5	白骨毒素	-1	-1	0	0	175	-1	70000	-1	-1
231	8	11008	6	5	15	51:5	白骨毒素	-1	-1	0	0	190	-1	80000	-1	-1
231	9	11009	6	5	15	51:5	白骨毒素	-1	-1	0	0	205	-1	90000	-1	-1
231	10	11010	6	5	15	51:5	白骨毒素	-1	-1	0	0	265	-1	100000	-1	-1
232	1	11021	6	5	55	231:5	虚弱诅咒	-1	-1	0	0	50	-1	10000	-1	-1
232	2	11022	6	5	55	231:5	虚弱诅咒	-1	-1	0	0	65	-1	20000	-1	-1
232	3	11023	6	5	55	231:5	虚弱诅咒	-1	-1	0	0	80	-1	30000	-1	-1
232	4	11024	6	5	55	231:5	虚弱诅咒	-1	-1	0	0	95	-1	40000	-1	-1
232	5	11025	6	5	55	231:5	虚弱诅咒	-1	-1	0	0	110	-1	50000	-1	-1
232	6	11026	6	5	55	231:5	虚弱诅咒	-1	-1	0	0	160	-1	60000	-1	-1
232	7	11027	6	5	55	231:5	虚弱诅咒	-1	-1	0	0	175	-1	70000	-1	-1
232	8	11028	6	5	55	231:5	虚弱诅咒	-1	-1	0	0	190	-1	80000	-1	-1
232	9	11029	6	5	55	231:5	虚弱诅咒	-1	-1	0	0	205	-1	90000	-1	-1
232	10	11030	6	5	55	231:5	虚弱诅咒	-1	-1	0	0	265	-1	100000	-1	-1
233	1	11041	6	5	80	141:5	剧毒体质	-1	-1	0	0	50	-1	10000	-1	-1
233	2	11042	6	5	80	141:5	剧毒体质	-1	-1	0	0	65	-1	20000	-1	-1
233	3	11043	6	5	80	141:5	剧毒体质	-1	-1	0	0	80	-1	30000	-1	-1
233	4	11044	6	5	80	141:5	剧毒体质	-1	-1	0	0	95	-1	40000	-1	-1
233	5	11045	6	5	80	141:5	剧毒体质	-1	-1	0	0	110	-1	50000	-1	-1
233	6	11046	6	5	80	141:5	剧毒体质	-1	-1	0	0	160	-1	60000	-1	-1
233	7	11047	6	5	80	141:5	剧毒体质	-1	-1	0	0	175	-1	70000	-1	-1
233	8	11048	6	5	80	141:5	剧毒体质	-1	-1	0	0	190	-1	80000	-1	-1
233	9	11049	6	5	80	141:5	剧毒体质	-1	-1	0	0	205	-1	90000	-1	-1
233	10	11050	6	5	80	141:5	剧毒体质	-1	-1	0	0	265	-1	100000	-1	-1
234	1	11061	6	5	80	232:5	亡者意志	-1	-1	0	0	50	-1	10000	-1	-1
234	2	11062	6	5	80	232:5	亡者意志	-1	-1	0	0	65	-1	20000	-1	-1
234	3	11063	6	5	80	232:5	亡者意志	-1	-1	0	0	80	-1	30000	-1	-1
234	4	11064	6	5	80	232:5	亡者意志	-1	-1	0	0	95	-1	40000	-1	-1
234	5	11065	6	5	80	232:5	亡者意志	-1	-1	0	0	110	-1	50000	-1	-1
234	6	11066	6	5	80	232:5	亡者意志	-1	-1	0	0	160	-1	60000	-1	-1
234	7	11067	6	5	80	232:5	亡者意志	-1	-1	0	0	175	-1	70000	-1	-1
234	8	11068	6	5	80	232:5	亡者意志	-1	-1	0	0	190	-1	80000	-1	-1
234	9	11069	6	5	80	232:5	亡者意志	-1	-1	0	0	205	-1	90000	-1	-1
234	10	11070	6	5	80	232:5	亡者意志	-1	-1	0	0	265	-1	100000	-1	-1
235	1	11081	6	5	55	52:5	死亡领主	-1	-1	0	0	50	-1	10000	-1	-1
235	2	11082	6	5	55	52:5	死亡领主	-1	-1	0	0	65	-1	20000	-1	-1
235	3	11083	6	5	55	52:5	死亡领主	-1	-1	0	0	80	-1	30000	-1	-1
235	4	11084	6	5	55	52:5	死亡领主	-1	-1	0	0	95	-1	40000	-1	-1
235	5	11085	6	5	55	52:5	死亡领主	-1	-1	0	0	110	-1	50000	-1	-1
235	6	11086	6	5	55	52:5	死亡领主	-1	-1	0	0	160	-1	60000	-1	-1
235	7	11087	6	5	55	52:5	死亡领主	-1	-1	0	0	175	-1	70000	-1	-1
235	8	11088	6	5	55	52:5	死亡领主	-1	-1	0	0	190	-1	80000	-1	-1
235	9	11089	6	5	55	52:5	死亡领主	-1	-1	0	0	205	-1	90000	-1	-1
235	10	11090	6	5	55	52:5	死亡领主	-1	-1	0	0	265	-1	100000	-1	-1
241	1	11201	7	5	40	61:5	破甲	-1	-1	0	0	50	-1	10000	-1	-1
241	2	11202	7	5	40	61:5	破甲	-1	-1	0	0	65	-1	20000	-1	-1
241	3	11203	7	5	40	61:5	破甲	-1	-1	0	0	80	-1	30000	-1	-1
241	4	11204	7	5	40	61:5	破甲	-1	-1	0	0	95	-1	40000	-1	-1
241	5	11205	7	5	40	61:5	破甲	-1	-1	0	0	110	-1	50000	-1	-1
241	6	11206	7	5	40	61:5	破甲	-1	-1	0	0	160	-1	60000	-1	-1
241	7	11207	7	5	40	61:5	破甲	-1	-1	0	0	175	-1	70000	-1	-1
241	8	11208	7	5	40	61:5	破甲	-1	-1	0	0	190	-1	80000	-1	-1
241	9	11209	7	5	40	61:5	破甲	-1	-1	0	0	205	-1	90000	-1	-1
241	10	11210	7	5	40	61:5	破甲	-1	-1	0	0	265	-1	100000	-1	-1
242	1	11221	7	5	80	152:5	粘性炸弹	-1	-1	0	0	50	-1	10000	-1	-1
242	2	11222	7	5	80	152:5	粘性炸弹	-1	-1	0	0	65	-1	20000	-1	-1
242	3	11223	7	5	80	152:5	粘性炸弹	-1	-1	0	0	80	-1	30000	-1	-1
242	4	11224	7	5	80	152:5	粘性炸弹	-1	-1	0	0	95	-1	40000	-1	-1
242	5	11225	7	5	80	152:5	粘性炸弹	-1	-1	0	0	110	-1	50000	-1	-1
242	6	11226	7	5	80	152:5	粘性炸弹	-1	-1	0	0	160	-1	60000	-1	-1
242	7	11227	7	5	80	152:5	粘性炸弹	-1	-1	0	0	175	-1	70000	-1	-1
242	8	11228	7	5	80	152:5	粘性炸弹	-1	-1	0	0	190	-1	80000	-1	-1
242	9	11229	7	5	80	152:5	粘性炸弹	-1	-1	0	0	205	-1	90000	-1	-1
242	10	11230	7	5	80	152:5	粘性炸弹	-1	-1	0	0	265	-1	100000	-1	-1
243	1	11241	7	5	80	151:5	生存专家	-1	-1	0	0	50	-1	10000	-1	-1
243	2	11242	7	5	80	151:5	生存专家	-1	-1	0	0	65	-1	20000	-1	-1
243	3	11243	7	5	80	151:5	生存专家	-1	-1	0	0	80	-1	30000	-1	-1
243	4	11244	7	5	80	151:5	生存专家	-1	-1	0	0	95	-1	40000	-1	-1
243	5	11245	7	5	80	151:5	生存专家	-1	-1	0	0	110	-1	50000	-1	-1
243	6	11246	7	5	80	151:5	生存专家	-1	-1	0	0	160	-1	60000	-1	-1
243	7	11247	7	5	80	151:5	生存专家	-1	-1	0	0	175	-1	70000	-1	-1
243	8	11248	7	5	80	151:5	生存专家	-1	-1	0	0	190	-1	80000	-1	-1
243	9	11249	7	5	80	151:5	生存专家	-1	-1	0	0	205	-1	90000	-1	-1
243	10	11250	7	5	80	151:5	生存专家	-1	-1	0	0	265	-1	100000	-1	-1
244	1	11261	7	5	55	64:5	致残	-1	-1	0	0	50	-1	10000	-1	-1
244	2	11262	7	5	55	64:5	致残	-1	-1	0	0	65	-1	20000	-1	-1
244	3	11263	7	5	55	64:5	致残	-1	-1	0	0	80	-1	30000	-1	-1
244	4	11264	7	5	55	64:5	致残	-1	-1	0	0	95	-1	40000	-1	-1
244	5	11265	7	5	55	64:5	致残	-1	-1	0	0	110	-1	50000	-1	-1
244	6	11266	7	5	55	64:5	致残	-1	-1	0	0	160	-1	60000	-1	-1
244	7	11267	7	5	55	64:5	致残	-1	-1	0	0	175	-1	70000	-1	-1
244	8	11268	7	5	55	64:5	致残	-1	-1	0	0	190	-1	80000	-1	-1
244	9	11269	7	5	55	64:5	致残	-1	-1	0	0	205	-1	90000	-1	-1
244	10	11270	7	5	55	64:5	致残	-1	-1	0	0	265	-1	100000	-1	-1
251	1	11401	8	5	15	71:5	内伤	-1	-1	0	0	50	-1	10000	-1	-1
251	2	11402	8	5	15	71:5	内伤	-1	-1	0	0	65	-1	20000	-1	-1
251	3	11403	8	5	15	71:5	内伤	-1	-1	0	0	80	-1	30000	-1	-1
251	4	11404	8	5	15	71:5	内伤	-1	-1	0	0	95	-1	40000	-1	-1
251	5	11405	8	5	15	71:5	内伤	-1	-1	0	0	110	-1	50000	-1	-1
251	6	11406	8	5	15	71:5	内伤	-1	-1	0	0	160	-1	60000	-1	-1
251	7	11407	8	5	15	71:5	内伤	-1	-1	0	0	175	-1	70000	-1	-1
251	8	11408	8	5	15	71:5	内伤	-1	-1	0	0	190	-1	80000	-1	-1
251	9	11409	8	5	15	71:5	内伤	-1	-1	0	0	205	-1	90000	-1	-1
251	10	11410	8	5	15	71:5	内伤	-1	-1	0	0	265	-1	100000	-1	-1
252	1	11421	8	5	55	251:5	风从虎	-1	-1	0	0	50	-1	10000	-1	-1
252	2	11422	8	5	55	251:5	风从虎	-1	-1	0	0	65	-1	20000	-1	-1
252	3	11423	8	5	55	251:5	风从虎	-1	-1	0	0	80	-1	30000	-1	-1
252	4	11424	8	5	55	251:5	风从虎	-1	-1	0	0	95	-1	40000	-1	-1
252	5	11425	8	5	55	251:5	风从虎	-1	-1	0	0	110	-1	50000	-1	-1
252	6	11426	8	5	55	251:5	风从虎	-1	-1	0	0	160	-1	60000	-1	-1
252	7	11427	8	5	55	251:5	风从虎	-1	-1	0	0	175	-1	70000	-1	-1
252	8	11428	8	5	55	251:5	风从虎	-1	-1	0	0	190	-1	80000	-1	-1
252	9	11429	8	5	55	251:5	风从虎	-1	-1	0	0	205	-1	90000	-1	-1
252	10	11430	8	5	55	251:5	风从虎	-1	-1	0	0	265	-1	100000	-1	-1
253	1	11441	8	5	80	254:5	心眼	-1	-1	0	0	50	-1	10000	-1	-1
253	2	11442	8	5	80	254:5	心眼	-1	-1	0	0	65	-1	20000	-1	-1
253	3	11443	8	5	80	254:5	心眼	-1	-1	0	0	80	-1	30000	-1	-1
253	4	11444	8	5	80	254:5	心眼	-1	-1	0	0	95	-1	40000	-1	-1
253	5	11445	8	5	80	254:5	心眼	-1	-1	0	0	110	-1	50000	-1	-1
253	6	11446	8	5	80	254:5	心眼	-1	-1	0	0	160	-1	60000	-1	-1
253	7	11447	8	5	80	254:5	心眼	-1	-1	0	0	175	-1	70000	-1	-1
253	8	11448	8	5	80	254:5	心眼	-1	-1	0	0	190	-1	80000	-1	-1
253	9	11449	8	5	80	254:5	心眼	-1	-1	0	0	205	-1	90000	-1	-1
253	10	11450	8	5	80	254:5	心眼	-1	-1	0	0	265	-1	100000	-1	-1
254	1	11461	8	5	55	72:5	龙之缚	-1	-1	0	0	50	-1	10000	-1	-1
254	2	11462	8	5	55	72:5	龙之缚	-1	-1	0	0	65	-1	20000	-1	-1
254	3	11463	8	5	55	72:5	龙之缚	-1	-1	0	0	80	-1	30000	-1	-1
254	4	11464	8	5	55	72:5	龙之缚	-1	-1	0	0	95	-1	40000	-1	-1
254	5	11465	8	5	55	72:5	龙之缚	-1	-1	0	0	110	-1	50000	-1	-1
254	6	11466	8	5	55	72:5	龙之缚	-1	-1	0	0	160	-1	60000	-1	-1
254	7	11467	8	5	55	72:5	龙之缚	-1	-1	0	0	175	-1	70000	-1	-1
254	8	11468	8	5	55	72:5	龙之缚	-1	-1	0	0	190	-1	80000	-1	-1
254	9	11469	8	5	55	72:5	龙之缚	-1	-1	0	0	205	-1	90000	-1	-1
254	10	11470	8	5	55	72:5	龙之缚	-1	-1	0	0	265	-1	100000	-1	-1
255	1	11481	8	5	80	252:5	内力护盾	-1	-1	0	0	50	-1	10000	-1	-1
255	2	11482	8	5	80	252:5	内力护盾	-1	-1	0	0	65	-1	20000	-1	-1
255	3	11483	8	5	80	252:5	内力护盾	-1	-1	0	0	80	-1	30000	-1	-1
255	4	11484	8	5	80	252:5	内力护盾	-1	-1	0	0	95	-1	40000	-1	-1
255	5	11485	8	5	80	252:5	内力护盾	-1	-1	0	0	110	-1	50000	-1	-1
255	6	11486	8	5	80	252:5	内力护盾	-1	-1	0	0	160	-1	60000	-1	-1
255	7	11487	8	5	80	252:5	内力护盾	-1	-1	0	0	175	-1	70000	-1	-1
255	8	11488	8	5	80	252:5	内力护盾	-1	-1	0	0	190	-1	80000	-1	-1
255	9	11489	8	5	80	252:5	内力护盾	-1	-1	0	0	205	-1	90000	-1	-1
255	10	11490	8	5	80	252:5	内力护盾	-1	-1	0	0	265	-1	100000	-1	-1
256	1	11501	8	5	55	74:5	火凤展翅	-1	-1	0	0	50	-1	10000	-1	-1
256	2	11502	8	5	55	74:5	火凤展翅	-1	-1	0	0	65	-1	20000	-1	-1
256	3	11503	8	5	55	74:5	火凤展翅	-1	-1	0	0	80	-1	30000	-1	-1
256	4	11504	8	5	55	74:5	火凤展翅	-1	-1	0	0	95	-1	40000	-1	-1
256	5	11505	8	5	55	74:5	火凤展翅	-1	-1	0	0	110	-1	50000	-1	-1
256	6	11506	8	5	55	74:5	火凤展翅	-1	-1	0	0	160	-1	60000	-1	-1
256	7	11507	8	5	55	74:5	火凤展翅	-1	-1	0	0	175	-1	70000	-1	-1
256	8	11508	8	5	55	74:5	火凤展翅	-1	-1	0	0	190	-1	80000	-1	-1
256	9	11509	8	5	55	74:5	火凤展翅	-1	-1	0	0	205	-1	90000	-1	-1
256	10	11510	8	5	55	74:5	火凤展翅	-1	-1	0	0	265	-1	100000	-1	-1
261	1	11601	9	5	55	262:5	阴影标记	-1	-1	0	0	50	-1	10000	-1	-1
261	2	11602	9	5	55	262:5	阴影标记	-1	-1	0	0	65	-1	20000	-1	-1
261	3	11603	9	5	55	262:5	阴影标记	-1	-1	0	0	80	-1	30000	-1	-1
261	4	11604	9	5	55	262:5	阴影标记	-1	-1	0	0	95	-1	40000	-1	-1
261	5	11605	9	5	55	262:5	阴影标记	-1	-1	0	0	110	-1	50000	-1	-1
261	6	11606	9	5	55	262:5	阴影标记	-1	-1	0	0	160	-1	60000	-1	-1
261	7	11607	9	5	55	262:5	阴影标记	-1	-1	0	0	175	-1	70000	-1	-1
261	8	11608	9	5	55	262:5	阴影标记	-1	-1	0	0	190	-1	80000	-1	-1
261	9	11609	9	5	55	262:5	阴影标记	-1	-1	0	0	205	-1	90000	-1	-1
261	10	11610	9	5	55	262:5	阴影标记	-1	-1	0	0	265	-1	100000	-1	-1
262	1	11621	9	5	15	81:5	幻影刃	-1	-1	0	0	50	-1	10000	-1	-1
262	2	11622	9	5	15	81:5	幻影刃	-1	-1	0	0	65	-1	20000	-1	-1
262	3	11623	9	5	15	81:5	幻影刃	-1	-1	0	0	80	-1	30000	-1	-1
262	4	11624	9	5	15	81:5	幻影刃	-1	-1	0	0	95	-1	40000	-1	-1
262	5	11625	9	5	15	81:5	幻影刃	-1	-1	0	0	110	-1	50000	-1	-1
262	6	11626	9	5	15	81:5	幻影刃	-1	-1	0	0	160	-1	60000	-1	-1
262	7	11627	9	5	15	81:5	幻影刃	-1	-1	0	0	175	-1	70000	-1	-1
262	8	11628	9	5	15	81:5	幻影刃	-1	-1	0	0	190	-1	80000	-1	-1
262	9	11629	9	5	15	81:5	幻影刃	-1	-1	0	0	205	-1	90000	-1	-1
262	10	11630	9	5	15	81:5	幻影刃	-1	-1	0	0	265	-1	100000	-1	-1
263	1	11641	9	5	80	171:5	融入暗影	-1	-1	0	0	50	-1	10000	-1	-1
263	2	11642	9	5	80	171:5	融入暗影	-1	-1	0	0	65	-1	20000	-1	-1
263	3	11643	9	5	80	171:5	融入暗影	-1	-1	0	0	80	-1	30000	-1	-1
263	4	11644	9	5	80	171:5	融入暗影	-1	-1	0	0	95	-1	40000	-1	-1
263	5	11645	9	5	80	171:5	融入暗影	-1	-1	0	0	110	-1	50000	-1	-1
263	6	11646	9	5	80	171:5	融入暗影	-1	-1	0	0	160	-1	60000	-1	-1
263	7	11647	9	5	80	171:5	融入暗影	-1	-1	0	0	175	-1	70000	-1	-1
263	8	11648	9	5	80	171:5	融入暗影	-1	-1	0	0	190	-1	80000	-1	-1
263	9	11649	9	5	80	171:5	融入暗影	-1	-1	0	0	205	-1	90000	-1	-1
263	10	11650	9	5	80	171:5	融入暗影	-1	-1	0	0	265	-1	100000	-1	-1
264	1	11661	9	5	80	261:5	暗影汲取	-1	-1	0	0	50	-1	10000	-1	-1
264	2	11662	9	5	80	261:5	暗影汲取	-1	-1	0	0	65	-1	20000	-1	-1
264	3	11663	9	5	80	261:5	暗影汲取	-1	-1	0	0	80	-1	30000	-1	-1
264	4	11664	9	5	80	261:5	暗影汲取	-1	-1	0	0	95	-1	40000	-1	-1
264	5	11665	9	5	80	261:5	暗影汲取	-1	-1	0	0	110	-1	50000	-1	-1
264	6	11666	9	5	80	261:5	暗影汲取	-1	-1	0	0	160	-1	60000	-1	-1
264	7	11667	9	5	80	261:5	暗影汲取	-1	-1	0	0	175	-1	70000	-1	-1
264	8	11668	9	5	80	261:5	暗影汲取	-1	-1	0	0	190	-1	80000	-1	-1
264	9	11669	9	5	80	261:5	暗影汲取	-1	-1	0	0	205	-1	90000	-1	-1
264	10	11670	9	5	80	261:5	暗影汲取	-1	-1	0	0	265	-1	100000	-1	-1
265	1	11681	9	5	55	84:5	影缭乱	-1	-1	0	0	50	-1	10000	-1	-1
265	2	11682	9	5	55	84:5	影缭乱	-1	-1	0	0	65	-1	20000	-1	-1
265	3	11683	9	5	55	84:5	影缭乱	-1	-1	0	0	80	-1	30000	-1	-1
265	4	11684	9	5	55	84:5	影缭乱	-1	-1	0	0	95	-1	40000	-1	-1
265	5	11685	9	5	55	84:5	影缭乱	-1	-1	0	0	110	-1	50000	-1	-1
265	6	11686	9	5	55	84:5	影缭乱	-1	-1	0	0	160	-1	60000	-1	-1
265	7	11687	9	5	55	84:5	影缭乱	-1	-1	0	0	175	-1	70000	-1	-1
265	8	11688	9	5	55	84:5	影缭乱	-1	-1	0	0	190	-1	80000	-1	-1
265	9	11689	9	5	55	84:5	影缭乱	-1	-1	0	0	205	-1	90000	-1	-1
265	10	11690	9	5	55	84:5	影缭乱	-1	-1	0	0	265	-1	100000	-1	-1
3001	1	3001	0	10	0	-1	宠物普攻	-1	-1	1	1	50	-1	10000	-1	-1
3001	2	3002	0	10	0	-1	宠物普攻	-1	-1	1	2	80	-1	20000	-1	-1
3001	3	3003	0	10	0	-1	宠物普攻	-1	-1	1	3	110	-1	30000	-1	-1
3001	4	3004	0	10	0	-1	宠物普攻	-1	-1	1	4	140	-1	40000	-1	-1
3001	5	3005	0	10	0	-1	宠物普攻	-1	-1	1	5	170	-1	50000	-1	-1
3001	6	3006	0	10	0	-1	宠物普攻	-1	-1	1	6	200	-1	60000	-1	-1
3001	7	3007	0	10	0	-1	宠物普攻	-1	-1	1	7	230	-1	70000	-1	-1
3001	8	3008	0	10	0	-1	宠物普攻	-1	-1	1	8	260	-1	80000	-1	-1
3001	9	3009	0	10	0	-1	宠物普攻	-1	-1	1	9	290	-1	90000	-1	-1
3001	10	3010	0	10	0	-1	宠物普攻	-1	-1	1	10	320	-1	100000	-1	-1
3481	1	3481	0	1	0	-1	无限传送	-1	-1	0	0	0	-1	0	-1	-1
3482	1	3482	0	1	0	-1	麻痹	-1	-1	0	0	0	-1	0	-1	-1
3485	1	3485	0	1	0	-1	重生	-1	-1	0	0	0	-1	0	-1	-1
3486	1	3486	0	1	0	-1	幸运爆率	-1	-1	0	0	0	-1	0	-1	-1
3487	1	3487	0	1	0	-1	疾风之力	-1	-1	0	0	0	-1	0	-1	-1
3490	1	3490	0	10	0	-1	戮力同心	-1	-1	0	0	0	-1	0	-1	-1
3491	2	3491	0	10	0	-1	戮力同心	-1	-1	0	0	0	-1	0	-1	-1
3492	3	3492	0	10	0	-1	戮力同心	-1	-1	0	0	0	-1	0	-1	-1
3493	4	3493	0	10	0	-1	戮力同心	-1	-1	0	0	0	-1	0	-1	-1
3494	5	3494	0	10	0	-1	戮力同心	-1	-1	0	0	0	-1	0	-1	-1
3495	6	3495	0	10	0	-1	戮力同心	-1	-1	0	0	0	-1	0	-1	-1
3496	7	3496	0	10	0	-1	戮力同心	-1	-1	0	0	0	-1	0	-1	-1
3497	8	3497	0	10	0	-1	戮力同心	-1	-1	0	0	0	-1	0	-1	-1
3498	9	3498	0	10	0	-1	戮力同心	-1	-1	0	0	0	-1	0	-1	-1
3499	10	3499	0	10	0	-1	戮力同心	-1	-1	0	0	0	-1	0	-1	-1
3501	1	3501	1	10	1	-1	基本剑术	401:1:1	-1	0	0	0	-1	42000	-1	-1
3501	2	3502	1	10	1	-1	基本剑术	401:1:1	-1	0	0	0	-1	98000	-1	-1
3501	3	3503	1	10	1	-1	基本剑术	401:1:1	-1	0	0	0	-1	280000	-1	-1
3501	4	3504	1	10	1	-1	基本剑术	401:1:1	-1	0	0	0	-1	490000	401	-1
3501	5	3505	1	10	1	-1	基本剑术	401:1:1	-1	0	0	0	-1	700000	401	-1
3501	6	3506	1	10	1	-1	基本剑术	401:1:1	-1	0	0	0	-1	1400000	401	-1
3501	7	3507	1	10	1	-1	基本剑术	401:1:1	-1	0	0	0	-1	2380000	401	-1
3501	8	3508	1	10	1	-1	基本剑术	401:1:1	-1	0	0	0	-1	4200000	401	-1
3501	9	3509	1	10	1	-1	基本剑术	401:1:1	-1	0	0	0	-1	7000000	401	-1
3501	10	3510	1	10	1	-1	基本剑术	401:1:1	-1	0	0	0	-1	7000000	401	-1
3521	1	3521	1	10	1	-1	隔月斩	402:1:1	-1	0	0	0	-1	63000	-1	-1
3521	2	3522	1	10	100	-1	隔月斩	402:1:1	-1	0	0	0	-1	147000	-1	-1
3521	3	3523	1	10	200	-1	隔月斩	402:1:1	-1	0	0	0	-1	420000	-1	-1
3521	4	3524	1	10	300	-1	隔月斩	402:1:1	-1	0	0	0	-1	735000	401	-1
3521	5	3525	1	10	350	-1	隔月斩	402:1:1	-1	0	0	0	-1	1050000	401	-1
3521	6	3526	1	10	400	-1	隔月斩	402:1:1	-1	0	0	0	-1	2100000	401	-1
3521	7	3527	1	10	450	-1	隔月斩	402:1:1	-1	0	0	0	-1	3570000	401	-1
3521	8	3528	1	10	500	-1	隔月斩	402:1:1	-1	0	0	0	-1	6300000	401	-1
3521	9	3529	1	10	530	-1	隔月斩	402:1:1	-1	0	0	0	-1	9000000	401	-1
3521	10	3530	1	10	570	-1	隔月斩	402:1:1	-1	0	0	0	-1	9000000	401	-1
3541	1	3541	1	10	1	-1	旋风剑法	403:1:1	-1	0	0	0	-1	63000	-1	-1
3541	2	3542	1	10	105	-1	旋风剑法	403:1:1	-1	0	0	0	-1	147000	-1	-1
3541	3	3543	1	10	205	-1	旋风剑法	403:1:1	-1	0	0	0	-1	420000	-1	-1
3541	4	3544	1	10	305	-1	旋风剑法	403:1:1	-1	0	0	0	-1	735000	401	-1
3541	5	3545	1	10	355	-1	旋风剑法	403:1:1	-1	0	0	0	-1	1050000	401	-1
3541	6	3546	1	10	405	-1	旋风剑法	403:1:1	-1	0	0	0	-1	2100000	401	-1
3541	7	3547	1	10	455	-1	旋风剑法	403:1:1	-1	0	0	0	-1	3570000	401	-1
3541	8	3548	1	10	505	-1	旋风剑法	403:1:1	-1	0	0	0	-1	6300000	401	-1
3541	9	3549	1	10	535	-1	旋风剑法	403:1:1	-1	0	0	0	-1	9000000	401	-1
3541	10	3550	1	10	575	-1	旋风剑法	403:1:1	-1	0	0	0	-1	9000000	401	-1
3561	1	3561	1	10	1	-1	炼狱剑法	404:1:1	-1	0	0	0	-1	94500	-1	-1
3561	2	3562	1	10	115	-1	炼狱剑法	404:1:1	-1	0	0	0	-1	220500	-1	-1
3561	3	3563	1	10	215	-1	炼狱剑法	404:1:1	-1	0	0	0	-1	630000	-1	-1
3561	4	3564	1	10	315	-1	炼狱剑法	404:1:1	-1	0	0	0	-1	1102500	401	-1
3561	5	3565	1	10	365	-1	炼狱剑法	404:1:1	-1	0	0	0	-1	1575000	401	-1
3561	6	3566	1	10	415	-1	炼狱剑法	404:1:1	-1	0	0	0	-1	3150000	401	-1
3561	7	3567	1	10	465	-1	炼狱剑法	404:1:1	-1	0	0	0	-1	5355000	401	-1
3561	8	3568	1	10	515	-1	炼狱剑法	404:1:1	-1	0	0	0	-1	9450000	401	-1
3561	9	3569	1	10	545	-1	炼狱剑法	404:1:1	-1	0	0	0	-1	13500000	401	-1
3561	10	3570	1	10	585	-1	炼狱剑法	404:1:1	-1	0	0	0	-1	13500000	401	-1
3581	1	3581	1	10	1	-1	鬼影爪	405:1:1	-1	0	0	0	-1	63000	-1	-1
3581	2	3582	1	10	110	-1	鬼影爪	405:1:1	-1	0	0	0	-1	147000	-1	-1
3581	3	3583	1	10	210	-1	鬼影爪	405:1:1	-1	0	0	0	-1	420000	-1	-1
3581	4	3584	1	10	310	-1	鬼影爪	405:1:1	-1	0	0	0	-1	735000	401	-1
3581	5	3585	1	10	360	-1	鬼影爪	405:1:1	-1	0	0	0	-1	1050000	401	-1
3581	6	3586	1	10	410	-1	鬼影爪	405:1:1	-1	0	0	0	-1	2100000	401	-1
3581	7	3587	1	10	460	-1	鬼影爪	405:1:1	-1	0	0	0	-1	3570000	401	-1
3581	8	3588	1	10	510	-1	鬼影爪	405:1:1	-1	0	0	0	-1	6300000	401	-1
3581	9	3589	1	10	540	-1	鬼影爪	405:1:1	-1	0	0	0	-1	9000000	401	-1
3581	10	3590	1	10	580	-1	鬼影爪	405:1:1	-1	0	0	0	-1	9000000	401	-1
3601	1	3601	1	10	1	-1	圣体盾	406:1:1	-1	0	0	0	-1	21000	-1	-1
3601	2	3602	1	10	130	-1	圣体盾	406:1:1	-1	0	0	0	-1	42000	-1	-1
3601	3	3603	1	10	230	-1	圣体盾	406:1:1	-1	0	0	0	-1	70000	-1	-1
3601	4	3604	1	10	330	-1	圣体盾	406:1:1	-1	0	0	0	-1	140000	401	-1
3601	5	3605	1	10	380	-1	圣体盾	406:1:1	-1	0	0	0	-1	175000	401	-1
3601	6	3606	1	10	430	-1	圣体盾	406:1:1	-1	0	0	0	-1	210000	401	-1
3601	7	3607	1	10	480	-1	圣体盾	406:1:1	-1	0	0	0	-1	280000	401	-1
3601	8	3608	1	10	530	-1	圣体盾	406:1:1	-1	0	0	0	-1	350000	401	-1
3601	9	3609	1	10	560	-1	圣体盾	406:1:1	-1	0	0	0	-1	490000	401	-1
3601	10	3610	1	10	600	-1	圣体盾	406:1:1	-1	0	0	0	-1	490000	401	-1
3621	1	3621	1	10	1	-1	飞天一剑	407:1:1	-1	0	0	0	-1	113400	-1	-1
3621	2	3622	1	10	120	-1	飞天一剑	407:1:1	-1	0	0	0	-1	264600	-1	-1
3621	3	3623	1	10	220	-1	飞天一剑	407:1:1	-1	0	0	0	-1	756000	-1	-1
3621	4	3624	1	10	320	-1	飞天一剑	407:1:1	-1	0	0	0	-1	1323000	401	-1
3621	5	3625	1	10	370	-1	飞天一剑	407:1:1	-1	0	0	0	-1	1890000	401	-1
3621	6	3626	1	10	420	-1	飞天一剑	407:1:1	-1	0	0	0	-1	3780000	401	-1
3621	7	3627	1	10	470	-1	飞天一剑	407:1:1	-1	0	0	0	-1	6426000	401	-1
3621	8	3628	1	10	520	-1	飞天一剑	407:1:1	-1	0	0	0	-1	11340000	401	-1
3621	9	3629	1	10	550	-1	飞天一剑	407:1:1	-1	0	0	0	-1	16200000	401	-1
3621	10	3630	1	10	590	-1	飞天一剑	407:1:1	-1	0	0	0	-1	16200000	401	-1
3641	1	3641	1	10	1	-1	开天斩	408:1:1	-1	0	0	0	-1	113400	-1	-1
3641	2	3642	1	10	120	-1	开天斩	408:1:1	-1	0	0	0	-1	264600	-1	-1
3641	3	3643	1	10	220	-1	开天斩	408:1:1	-1	0	0	0	-1	756000	-1	-1
3641	4	3644	1	10	320	-1	开天斩	408:1:1	-1	0	0	0	-1	1323000	401	-1
3641	5	3645	1	10	370	-1	开天斩	408:1:1	-1	0	0	0	-1	1890000	401	-1
3641	6	3646	1	10	420	-1	开天斩	408:1:1	-1	0	0	0	-1	3780000	401	-1
3641	7	3647	1	10	470	-1	开天斩	408:1:1	-1	0	0	0	-1	6426000	401	-1
3641	8	3648	1	10	520	-1	开天斩	408:1:1	-1	0	0	0	-1	11340000	401	-1
3641	9	3649	1	10	550	-1	开天斩	408:1:1	-1	0	0	0	-1	16200000	401	-1
3641	10	3650	1	10	590	-1	开天斩	408:1:1	-1	0	0	0	-1	16200000	401	-1
3661	1	3661	1	10	1	-1	神威	-1	-1	0	0	0	-1	-1	-1	-1
3661	2	3662	1	10	1	-1	神威	-1	-1	0	0	0	-1	-1	-1	-1
3661	3	3663	1	10	1	-1	神威	-1	-1	0	0	0	-1	-1	-1	-1
3661	4	3664	1	10	1	-1	神威	-1	-1	0	0	0	-1	-1	-1	-1
3901	1	3901	1	10	0	-1	鲲灵护体	20:1:1	-1	0	0	0	-1	0	401	全部兽魂等级达到1级
3901	2	3902	1	10	0	-1	鲲灵护体	20:1:1	-1	0	0	0	-1	0	401	全部兽魂等级达到2级
3901	3	3903	1	10	0	-1	鲲灵护体	20:1:1	-1	0	0	0	-1	0	401	全部兽魂等级达到3级
3901	4	3904	1	10	0	-1	鲲灵护体	20:1:1	-1	0	0	0	-1	0	401	全部兽魂等级达到4级
3901	5	3905	1	10	0	-1	鲲灵护体	20:1:1	-1	0	0	0	-1	0	401	全部兽魂等级达到5级
4001	1	4001	1	10	1	-1	吞噬	-1	-1	0	0	0	-1	0	-1	鲲灵等级达到1级
4001	2	4002	1	10	120	-1	吞噬	-1	-1	0	0	0	-1	0	401	鲲灵等级达到10级
4001	3	4003	1	10	220	-1	吞噬	-1	-1	0	0	0	-1	0	401	鲲灵等级达到20级
4001	4	4004	1	10	320	-1	吞噬	-1	-1	0	0	0	-1	0	401	鲲灵等级达到30级
4001	5	4005	1	10	370	-1	吞噬	-1	-1	0	0	0	-1	0	401	鲲灵等级达到40级
4001	6	4006	1	10	420	-1	吞噬	-1	-1	0	0	0	-1	0	401	鲲灵等级达到50级
4001	7	4007	1	10	470	-1	吞噬	-1	-1	0	0	0	-1	0	401	鲲灵等级达到60级
4001	8	4008	1	10	520	-1	吞噬	-1	-1	0	0	0	-1	0	401	鲲灵等级达到70级
4001	9	4009	1	10	550	-1	吞噬	-1	-1	0	0	0	-1	0	401	鲲灵等级达到80级
4001	10	4010	1	10	590	-1	吞噬	-1	-1	0	0	0	-1	0	401	鲲灵等级达到90级
5001	1	5001	1	7	0	-1	魔神之锤	779:1:1	-1	0	0	0	-1	0	-1	魔符全部达到7阶
5001	2	5002	1	7	0	-1	魔神之锤	779:1:1	-1	0	0	0	-1	0	-1	魔符全部达到8阶
5001	3	5003	1	7	0	-1	魔神之锤	779:1:1	-1	0	0	0	-1	0	-1	魔符全部达到9阶
5001	4	5004	1	7	0	-1	魔神之锤	779:1:1	-1	0	0	0	-1	0	-1	魔符全部达到10阶
5001	5	5005	1	7	0	-1	魔神之锤	779:1:1	-1	0	0	0	-1	0	-1	魔符全部达到11阶
5001	6	5006	1	7	0	-1	魔神之锤	779:1:1	-1	0	0	0	-1	0	-1	魔符全部达到12阶
5001	7	5007	1	7	0	-1	魔神之锤	779:1:1	-1	0	0	0	-1	0	-1	魔符全部达到13阶
11001	1	11001	0	1	1	-1	愤怒	-1	-1	0	0	0	-1	0	-1	-1
11002	1	11002	0	1	1	-1	抵抗	-1	-1	0	0	0	-1	0	-1	-1
11010	1	11010	0	10	1	-1	觉醒Lv1	-1	-1	0	0	0	-1	0	-1	-1
11010	2	11011	0	10	1	-1	觉醒Lv2	-1	-1	0	0	0	-1	0	-1	-1
11010	3	11012	0	10	1	-1	觉醒Lv3	-1	-1	0	0	0	-1	0	-1	-1
11010	4	11013	0	10	1	-1	觉醒Lv4	-1	-1	0	0	0	-1	0	-1	-1
11010	5	11014	0	10	1	-1	觉醒Lv5	-1	-1	0	0	0	-1	0	-1	-1
11010	6	11015	0	10	1	-1	觉醒Lv6	-1	-1	0	0	0	-1	0	-1	-1
11010	7	11016	0	10	1	-1	觉醒Lv7	-1	-1	0	0	0	-1	0	-1	-1
11010	8	11017	0	10	1	-1	觉醒Lv8	-1	-1	0	0	0	-1	0	-1	-1
11010	9	11018	0	10	1	-1	觉醒Lv9	-1	-1	0	0	0	-1	0	-1	-1
11010	10	11019	0	10	1	-1	觉醒Lv10	-1	-1	0	0	0	-1	0	-1	-1
11020	1	11020	0	10	1	-1	神圣觉醒Lv1	-1	-1	0	0	0	-1	0	-1	-1
11020	2	11021	0	10	1	-1	神圣觉醒Lv2	-1	-1	0	0	0	-1	0	-1	-1
11020	3	11022	0	10	1	-1	神圣觉醒Lv3	-1	-1	0	0	0	-1	0	-1	-1
11020	4	11023	0	10	1	-1	神圣觉醒Lv4	-1	-1	0	0	0	-1	0	-1	-1
11020	5	11024	0	10	1	-1	神圣觉醒Lv5	-1	-1	0	0	0	-1	0	-1	-1
11020	6	11025	0	10	1	-1	神圣觉醒Lv6	-1	-1	0	0	0	-1	0	-1	-1
11020	7	11026	0	10	1	-1	神圣觉醒Lv7	-1	-1	0	0	0	-1	0	-1	-1
11020	8	11027	0	10	1	-1	神圣觉醒Lv8	-1	-1	0	0	0	-1	0	-1	-1
11020	9	11028	0	10	1	-1	神圣觉醒Lv9	-1	-1	0	0	0	-1	0	-1	-1
11020	10	11029	0	10	1	-1	神圣觉醒Lv10	-1	-1	0	0	0	-1	0	-1	-1
11030	1	11030	0	1	1	-1	长生	-1	-1	0	0	0	-1	0	-1	-1
11030	2	11031	0	1	1	-1	长生	-1	-1	0	0	0	-1	0	-1	-1
11030	3	11032	0	1	1	-1	长生	-1	-1	0	0	0	-1	0	-1	-1
11030	4	11033	0	1	1	-1	长生	-1	-1	0	0	0	-1	0	-1	-1
11030	5	11034	0	1	1	-1	长生	-1	-1	0	0	0	-1	0	-1	-1
11040	1	11040	0	1	1	-1	嗜血	-1	-1	0	0	0	-1	0	-1	-1
11040	2	11041	0	1	1	-1	嗜血	-1	-1	0	0	0	-1	0	-1	-1
11040	3	11042	0	1	1	-1	嗜血	-1	-1	0	0	0	-1	0	-1	-1
11040	4	11043	0	1	1	-1	嗜血	-1	-1	0	0	0	-1	0	-1	-1
11040	5	11044	0	1	1	-1	嗜血	-1	-1	0	0	0	-1	0	-1	-1
11050	1	11050	0	1	1	-1	霜冻	-1	-1	0	0	0	-1	0	-1	-1
11050	2	11051	0	1	1	-1	霜冻	-1	-1	0	0	0	-1	0	-1	-1
11050	3	11052	0	1	1	-1	霜冻	-1	-1	0	0	0	-1	0	-1	-1
11050	4	11053	0	1	1	-1	霜冻	-1	-1	0	0	0	-1	0	-1	-1
11050	5	11054	0	1	1	-1	霜冻	-1	-1	0	0	0	-1	0	-1	-1
11060	1	11060	0	1	1	-1	圣体	-1	-1	0	0	0	-1	0	-1	-1
11060	2	11061	0	1	1	-1	圣体	-1	-1	0	0	0	-1	0	-1	-1
11060	3	11062	0	1	1	-1	圣体	-1	-1	0	0	0	-1	0	-1	-1
11060	4	11063	0	1	1	-1	圣体	-1	-1	0	0	0	-1	0	-1	-1
11060	5	11064	0	1	1	-1	圣体	-1	-1	0	0	0	-1	0	-1	-1
12010	1	12010	0	1	0	-1	龙神之怒Lv1	-1	-1	0	0	0	-1	0	-1	所有龙晶部位淬炼+1
12010	2	12011	0	1	0	-1	龙神之怒Lv2	-1	-1	0	0	0	-1	0	-1	所有龙晶部位淬炼+20
12010	3	12012	0	1	0	-1	龙神之怒Lv3	-1	-1	0	0	0	-1	0	-1	所有龙晶部位淬炼+30
12010	4	12013	0	1	0	-1	龙神之怒Lv4	-1	-1	0	0	0	-1	0	-1	所有龙晶部位淬炼+40
12010	5	12014	0	1	0	-1	龙神之怒Lv5	-1	-1	0	0	0	-1	0	-1	所有龙晶部位淬炼+50
12010	6	12015	0	1	0	-1	龙神之怒Lv6	-1	-1	0	0	0	-1	0	-1	所有龙晶部位淬炼+60
12010	7	12016	0	1	0	-1	龙神之怒Lv7	-1	-1	0	0	0	-1	0	-1	所有龙晶部位淬炼+70
12010	8	12017	0	1	0	-1	龙神之怒Lv8	-1	-1	0	0	0	-1	0	-1	所有龙晶部位淬炼+80
12010	9	12018	0	1	0	-1	龙神之怒Lv9	-1	-1	0	0	0	-1	0	-1	所有龙晶部位淬炼+90
12010	10	12019	0	1	0	-1	龙神之怒Lv10	-1	-1	0	0	0	-1	0	-1	所有龙晶部位淬炼+100
6001	1	6001	1	1	280	-1	日圆诀Lv1	-1	-1	0	0	0	-1	0	-1	日月系统达到1级
6001	2	6002	1	1	280	-1	日圆诀Lv2	-1	-1	0	0	0	-1	0	-1	日月系统达到2级
6001	3	6003	1	1	280	-1	日圆诀Lv3	-1	-1	0	0	0	-1	0	-1	日月系统达到3级
6001	4	6004	1	1	280	-1	日圆诀Lv4	-1	-1	0	0	0	-1	0	-1	日月系统达到4级
6001	5	6005	1	1	280	-1	日圆诀Lv5	-1	-1	0	0	0	-1	0	-1	日月系统达到5级
6001	6	6006	1	1	280	-1	日圆诀Lv6	-1	-1	0	0	0	-1	0	-1	日月系统达到6级
6001	7	6007	1	1	280	-1	日圆诀Lv7	-1	-1	0	0	0	-1	0	-1	日月系统达到7级
6001	8	6008	1	1	280	-1	日圆诀Lv8	-1	-1	0	0	0	-1	0	-1	日月系统达到8级
6001	9	6009	1	1	280	-1	日圆诀Lv9	-1	-1	0	0	0	-1	0	-1	日月系统达到9级
6001	10	6010	1	1	280	-1	日圆诀Lv10	-1	-1	0	0	0	-1	0	-1	日月系统达到10级
6001	11	6011	1	1	280	-1	日圆诀Lv11	-1	-1	0	0	0	-1	0	-1	日月系统达到11级
6001	12	6012	1	1	280	-1	日圆诀Lv12	-1	-1	0	0	0	-1	0	-1	日月系统达到12级
6001	13	6013	1	1	280	-1	日圆诀Lv13	-1	-1	0	0	0	-1	0	-1	日月系统达到13级
6001	14	6014	1	1	280	-1	日圆诀Lv14	-1	-1	0	0	0	-1	0	-1	日月系统达到14级
6001	15	6015	1	1	280	-1	日圆诀Lv15	-1	-1	0	0	0	-1	0	-1	日月系统达到15级
6001	16	6016	1	1	280	-1	日圆诀Lv16	-1	-1	0	0	0	-1	0	-1	日月系统达到16级
6001	17	6017	1	1	280	-1	日圆诀Lv17	-1	-1	0	0	0	-1	0	-1	日月系统达到17级
6001	18	6018	1	1	280	-1	日圆诀Lv18	-1	-1	0	0	0	-1	0	-1	日月系统达到18级
6001	19	6019	1	1	280	-1	日圆诀Lv19	-1	-1	0	0	0	-1	0	-1	日月系统达到19级
6001	20	6020	1	1	280	-1	日圆诀Lv20	-1	-1	0	0	0	-1	0	-1	日月系统达到20级
6001	21	6021	1	1	280	-1	日圆诀Lv21	-1	-1	0	0	0	-1	0	-1	日月系统达到21级
6001	22	6022	1	1	280	-1	日圆诀Lv22	-1	-1	0	0	0	-1	0	-1	日月系统达到22级
6001	23	6023	1	1	280	-1	日圆诀Lv23	-1	-1	0	0	0	-1	0	-1	日月系统达到23级
6001	24	6024	1	1	280	-1	日圆诀Lv24	-1	-1	0	0	0	-1	0	-1	日月系统达到24级
6001	25	6025	1	1	280	-1	日圆诀Lv25	-1	-1	0	0	0	-1	0	-1	日月系统达到25级
6001	26	6026	1	1	280	-1	日圆诀Lv26	-1	-1	0	0	0	-1	0	-1	日月系统达到26级
6001	27	6027	1	1	280	-1	日圆诀Lv27	-1	-1	0	0	0	-1	0	-1	日月系统达到27级
6001	28	6028	1	1	280	-1	日圆诀Lv28	-1	-1	0	0	0	-1	0	-1	日月系统达到28级
6001	29	6029	1	1	280	-1	日圆诀Lv29	-1	-1	0	0	0	-1	0	-1	日月系统达到29级
6001	30	6030	1	1	280	-1	日圆诀Lv30	-1	-1	0	0	0	-1	0	-1	日月系统达到30级
6001	31	6031	1	1	280	-1	日圆诀Lv31	-1	-1	0	0	0	-1	0	-1	日月系统达到31级
6001	32	6032	1	1	280	-1	日圆诀Lv32	-1	-1	0	0	0	-1	0	-1	日月系统达到32级
6001	33	6033	1	1	280	-1	日圆诀Lv33	-1	-1	0	0	0	-1	0	-1	日月系统达到33级
6001	34	6034	1	1	280	-1	日圆诀Lv34	-1	-1	0	0	0	-1	0	-1	日月系统达到34级
6001	35	6035	1	1	280	-1	日圆诀Lv35	-1	-1	0	0	0	-1	0	-1	日月系统达到35级
6001	36	6036	1	1	280	-1	日圆诀Lv36	-1	-1	0	0	0	-1	0	-1	日月系统达到36级
6001	37	6037	1	1	280	-1	日圆诀Lv37	-1	-1	0	0	0	-1	0	-1	日月系统达到37级
6001	38	6038	1	1	280	-1	日圆诀Lv38	-1	-1	0	0	0	-1	0	-1	日月系统达到38级
6001	39	6039	1	1	280	-1	日圆诀Lv39	-1	-1	0	0	0	-1	0	-1	日月系统达到39级
6001	40	6040	1	1	280	-1	日圆诀Lv40	-1	-1	0	0	0	-1	0	-1	日月系统达到40级
6001	41	6041	1	1	280	-1	日圆诀Lv41	-1	-1	0	0	0	-1	0	-1	日月系统达到41级
6001	42	6042	1	1	280	-1	日圆诀Lv42	-1	-1	0	0	0	-1	0	-1	日月系统达到42级
6001	43	6043	1	1	280	-1	日圆诀Lv43	-1	-1	0	0	0	-1	0	-1	日月系统达到43级
6001	44	6044	1	1	280	-1	日圆诀Lv44	-1	-1	0	0	0	-1	0	-1	日月系统达到44级
6001	45	6045	1	1	280	-1	日圆诀Lv45	-1	-1	0	0	0	-1	0	-1	日月系统达到45级
6001	46	6046	1	1	280	-1	日圆诀Lv46	-1	-1	0	0	0	-1	0	-1	日月系统达到46级
6001	47	6047	1	1	280	-1	日圆诀Lv47	-1	-1	0	0	0	-1	0	-1	日月系统达到47级
6001	48	6048	1	1	280	-1	日圆诀Lv48	-1	-1	0	0	0	-1	0	-1	日月系统达到48级
6001	49	6049	1	1	280	-1	日圆诀Lv49	-1	-1	0	0	0	-1	0	-1	日月系统达到49级
6001	50	6050	1	1	280	-1	日圆诀Lv50	-1	-1	0	0	0	-1	0	-1	日月系统达到50级
6001	51	6051	1	1	280	-1	日圆诀Lv51	-1	-1	0	0	0	-1	0	-1	日月系统达到51级
6001	52	6052	1	1	280	-1	日圆诀Lv52	-1	-1	0	0	0	-1	0	-1	日月系统达到52级
6001	53	6053	1	1	280	-1	日圆诀Lv53	-1	-1	0	0	0	-1	0	-1	日月系统达到53级
6001	54	6054	1	1	280	-1	日圆诀Lv54	-1	-1	0	0	0	-1	0	-1	日月系统达到54级
6001	55	6055	1	1	280	-1	日圆诀Lv55	-1	-1	0	0	0	-1	0	-1	日月系统达到55级
6001	56	6056	1	1	280	-1	日圆诀Lv56	-1	-1	0	0	0	-1	0	-1	日月系统达到56级
6001	57	6057	1	1	280	-1	日圆诀Lv57	-1	-1	0	0	0	-1	0	-1	日月系统达到57级
6001	58	6058	1	1	280	-1	日圆诀Lv58	-1	-1	0	0	0	-1	0	-1	日月系统达到58级
6001	59	6059	1	1	280	-1	日圆诀Lv59	-1	-1	0	0	0	-1	0	-1	日月系统达到59级
6001	60	6060	1	1	280	-1	日圆诀Lv60	-1	-1	0	0	0	-1	0	-1	日月系统达到60级
6001	61	6061	1	1	280	-1	日圆诀Lv61	-1	-1	0	0	0	-1	0	-1	日月系统达到61级
6001	62	6062	1	1	280	-1	日圆诀Lv62	-1	-1	0	0	0	-1	0	-1	日月系统达到62级
6001	63	6063	1	1	280	-1	日圆诀Lv63	-1	-1	0	0	0	-1	0	-1	日月系统达到63级
6001	64	6064	1	1	280	-1	日圆诀Lv64	-1	-1	0	0	0	-1	0	-1	日月系统达到64级
6001	65	6065	1	1	280	-1	日圆诀Lv65	-1	-1	0	0	0	-1	0	-1	日月系统达到65级
6001	66	6066	1	1	280	-1	日圆诀Lv66	-1	-1	0	0	0	-1	0	-1	日月系统达到66级
6001	67	6067	1	1	280	-1	日圆诀Lv67	-1	-1	0	0	0	-1	0	-1	日月系统达到67级
6001	68	6068	1	1	280	-1	日圆诀Lv68	-1	-1	0	0	0	-1	0	-1	日月系统达到68级
6001	69	6069	1	1	280	-1	日圆诀Lv69	-1	-1	0	0	0	-1	0	-1	日月系统达到69级
6001	70	6070	1	1	280	-1	日圆诀Lv70	-1	-1	0	0	0	-1	0	-1	日月系统达到70级
6001	71	6071	1	1	280	-1	日圆诀Lv71	-1	-1	0	0	0	-1	0	-1	日月系统达到71级
6001	72	6072	1	1	280	-1	日圆诀Lv72	-1	-1	0	0	0	-1	0	-1	日月系统达到72级
6001	73	6073	1	1	280	-1	日圆诀Lv73	-1	-1	0	0	0	-1	0	-1	日月系统达到73级
6001	74	6074	1	1	280	-1	日圆诀Lv74	-1	-1	0	0	0	-1	0	-1	日月系统达到74级
6001	75	6075	1	1	280	-1	日圆诀Lv75	-1	-1	0	0	0	-1	0	-1	日月系统达到75级
6001	76	6076	1	1	280	-1	日圆诀Lv76	-1	-1	0	0	0	-1	0	-1	日月系统达到76级
6001	77	6077	1	1	280	-1	日圆诀Lv77	-1	-1	0	0	0	-1	0	-1	日月系统达到77级
6001	78	6078	1	1	280	-1	日圆诀Lv78	-1	-1	0	0	0	-1	0	-1	日月系统达到78级
6001	79	6079	1	1	280	-1	日圆诀Lv79	-1	-1	0	0	0	-1	0	-1	日月系统达到79级
6001	80	6080	1	1	280	-1	日圆诀Lv80	-1	-1	0	0	0	-1	0	-1	日月系统达到80级
6001	81	6081	1	1	280	-1	日圆诀Lv81	-1	-1	0	0	0	-1	0	-1	日月系统达到81级
6001	82	6082	1	1	280	-1	日圆诀Lv82	-1	-1	0	0	0	-1	0	-1	日月系统达到82级
6001	83	6083	1	1	280	-1	日圆诀Lv83	-1	-1	0	0	0	-1	0	-1	日月系统达到83级
6001	84	6084	1	1	280	-1	日圆诀Lv84	-1	-1	0	0	0	-1	0	-1	日月系统达到84级
6001	85	6085	1	1	280	-1	日圆诀Lv85	-1	-1	0	0	0	-1	0	-1	日月系统达到85级
6001	86	6086	1	1	280	-1	日圆诀Lv86	-1	-1	0	0	0	-1	0	-1	日月系统达到86级
6001	87	6087	1	1	280	-1	日圆诀Lv87	-1	-1	0	0	0	-1	0	-1	日月系统达到87级
6001	88	6088	1	1	280	-1	日圆诀Lv88	-1	-1	0	0	0	-1	0	-1	日月系统达到88级
6001	89	6089	1	1	280	-1	日圆诀Lv89	-1	-1	0	0	0	-1	0	-1	日月系统达到89级
6001	90	6090	1	1	280	-1	日圆诀Lv90	-1	-1	0	0	0	-1	0	-1	日月系统达到90级
6001	91	6091	1	1	280	-1	日圆诀Lv91	-1	-1	0	0	0	-1	0	-1	日月系统达到91级
6001	92	6092	1	1	280	-1	日圆诀Lv92	-1	-1	0	0	0	-1	0	-1	日月系统达到92级
6001	93	6093	1	1	280	-1	日圆诀Lv93	-1	-1	0	0	0	-1	0	-1	日月系统达到93级
6001	94	6094	1	1	280	-1	日圆诀Lv94	-1	-1	0	0	0	-1	0	-1	日月系统达到94级
6001	95	6095	1	1	280	-1	日圆诀Lv95	-1	-1	0	0	0	-1	0	-1	日月系统达到95级
6001	96	6096	1	1	280	-1	日圆诀Lv96	-1	-1	0	0	0	-1	0	-1	日月系统达到96级
6001	97	6097	1	1	280	-1	日圆诀Lv97	-1	-1	0	0	0	-1	0	-1	日月系统达到97级
6001	98	6098	1	1	280	-1	日圆诀Lv98	-1	-1	0	0	0	-1	0	-1	日月系统达到98级
6001	99	6099	1	1	280	-1	日圆诀Lv99	-1	-1	0	0	0	-1	0	-1	日月系统达到99级
6001	100	6100	1	1	280	-1	日圆诀Lv100	-1	-1	0	0	0	-1	0	-1	日月系统达到100级
6101	1	6101	1	1	280	-1	月缺诀Lv1	-1	-1	0	0	0	-1	0	-1	日月系统达到1级
6101	2	6102	1	1	280	-1	月缺诀Lv2	-1	-1	0	0	0	-1	0	-1	日月系统达到2级
6101	3	6103	1	1	280	-1	月缺诀Lv3	-1	-1	0	0	0	-1	0	-1	日月系统达到3级
6101	4	6104	1	1	280	-1	月缺诀Lv4	-1	-1	0	0	0	-1	0	-1	日月系统达到4级
6101	5	6105	1	1	280	-1	月缺诀Lv5	-1	-1	0	0	0	-1	0	-1	日月系统达到5级
6101	6	6106	1	1	280	-1	月缺诀Lv6	-1	-1	0	0	0	-1	0	-1	日月系统达到6级
6101	7	6107	1	1	280	-1	月缺诀Lv7	-1	-1	0	0	0	-1	0	-1	日月系统达到7级
6101	8	6108	1	1	280	-1	月缺诀Lv8	-1	-1	0	0	0	-1	0	-1	日月系统达到8级
6101	9	6109	1	1	280	-1	月缺诀Lv9	-1	-1	0	0	0	-1	0	-1	日月系统达到9级
6101	10	6110	1	1	280	-1	月缺诀Lv10	-1	-1	0	0	0	-1	0	-1	日月系统达到10级
6101	11	6111	1	1	280	-1	月缺诀Lv11	-1	-1	0	0	0	-1	0	-1	日月系统达到11级
6101	12	6112	1	1	280	-1	月缺诀Lv12	-1	-1	0	0	0	-1	0	-1	日月系统达到12级
6101	13	6113	1	1	280	-1	月缺诀Lv13	-1	-1	0	0	0	-1	0	-1	日月系统达到13级
6101	14	6114	1	1	280	-1	月缺诀Lv14	-1	-1	0	0	0	-1	0	-1	日月系统达到14级
6101	15	6115	1	1	280	-1	月缺诀Lv15	-1	-1	0	0	0	-1	0	-1	日月系统达到15级
6101	16	6116	1	1	280	-1	月缺诀Lv16	-1	-1	0	0	0	-1	0	-1	日月系统达到16级
6101	17	6117	1	1	280	-1	月缺诀Lv17	-1	-1	0	0	0	-1	0	-1	日月系统达到17级
6101	18	6118	1	1	280	-1	月缺诀Lv18	-1	-1	0	0	0	-1	0	-1	日月系统达到18级
6101	19	6119	1	1	280	-1	月缺诀Lv19	-1	-1	0	0	0	-1	0	-1	日月系统达到19级
6101	20	6120	1	1	280	-1	月缺诀Lv20	-1	-1	0	0	0	-1	0	-1	日月系统达到20级
6101	21	6121	1	1	280	-1	月缺诀Lv21	-1	-1	0	0	0	-1	0	-1	日月系统达到21级
6101	22	6122	1	1	280	-1	月缺诀Lv22	-1	-1	0	0	0	-1	0	-1	日月系统达到22级
6101	23	6123	1	1	280	-1	月缺诀Lv23	-1	-1	0	0	0	-1	0	-1	日月系统达到23级
6101	24	6124	1	1	280	-1	月缺诀Lv24	-1	-1	0	0	0	-1	0	-1	日月系统达到24级
6101	25	6125	1	1	280	-1	月缺诀Lv25	-1	-1	0	0	0	-1	0	-1	日月系统达到25级
6101	26	6126	1	1	280	-1	月缺诀Lv26	-1	-1	0	0	0	-1	0	-1	日月系统达到26级
6101	27	6127	1	1	280	-1	月缺诀Lv27	-1	-1	0	0	0	-1	0	-1	日月系统达到27级
6101	28	6128	1	1	280	-1	月缺诀Lv28	-1	-1	0	0	0	-1	0	-1	日月系统达到28级
6101	29	6129	1	1	280	-1	月缺诀Lv29	-1	-1	0	0	0	-1	0	-1	日月系统达到29级
6101	30	6130	1	1	280	-1	月缺诀Lv30	-1	-1	0	0	0	-1	0	-1	日月系统达到30级
6101	31	6131	1	1	280	-1	月缺诀Lv31	-1	-1	0	0	0	-1	0	-1	日月系统达到31级
6101	32	6132	1	1	280	-1	月缺诀Lv32	-1	-1	0	0	0	-1	0	-1	日月系统达到32级
6101	33	6133	1	1	280	-1	月缺诀Lv33	-1	-1	0	0	0	-1	0	-1	日月系统达到33级
6101	34	6134	1	1	280	-1	月缺诀Lv34	-1	-1	0	0	0	-1	0	-1	日月系统达到34级
6101	35	6135	1	1	280	-1	月缺诀Lv35	-1	-1	0	0	0	-1	0	-1	日月系统达到35级
6101	36	6136	1	1	280	-1	月缺诀Lv36	-1	-1	0	0	0	-1	0	-1	日月系统达到36级
6101	37	6137	1	1	280	-1	月缺诀Lv37	-1	-1	0	0	0	-1	0	-1	日月系统达到37级
6101	38	6138	1	1	280	-1	月缺诀Lv38	-1	-1	0	0	0	-1	0	-1	日月系统达到38级
6101	39	6139	1	1	280	-1	月缺诀Lv39	-1	-1	0	0	0	-1	0	-1	日月系统达到39级
6101	40	6140	1	1	280	-1	月缺诀Lv40	-1	-1	0	0	0	-1	0	-1	日月系统达到40级
6101	41	6141	1	1	280	-1	月缺诀Lv41	-1	-1	0	0	0	-1	0	-1	日月系统达到41级
6101	42	6142	1	1	280	-1	月缺诀Lv42	-1	-1	0	0	0	-1	0	-1	日月系统达到42级
6101	43	6143	1	1	280	-1	月缺诀Lv43	-1	-1	0	0	0	-1	0	-1	日月系统达到43级
6101	44	6144	1	1	280	-1	月缺诀Lv44	-1	-1	0	0	0	-1	0	-1	日月系统达到44级
6101	45	6145	1	1	280	-1	月缺诀Lv45	-1	-1	0	0	0	-1	0	-1	日月系统达到45级
6101	46	6146	1	1	280	-1	月缺诀Lv46	-1	-1	0	0	0	-1	0	-1	日月系统达到46级
6101	47	6147	1	1	280	-1	月缺诀Lv47	-1	-1	0	0	0	-1	0	-1	日月系统达到47级
6101	48	6148	1	1	280	-1	月缺诀Lv48	-1	-1	0	0	0	-1	0	-1	日月系统达到48级
6101	49	6149	1	1	280	-1	月缺诀Lv49	-1	-1	0	0	0	-1	0	-1	日月系统达到49级
6101	50	6150	1	1	280	-1	月缺诀Lv50	-1	-1	0	0	0	-1	0	-1	日月系统达到50级
6101	51	6151	1	1	280	-1	月缺诀Lv51	-1	-1	0	0	0	-1	0	-1	日月系统达到51级
6101	52	6152	1	1	280	-1	月缺诀Lv52	-1	-1	0	0	0	-1	0	-1	日月系统达到52级
6101	53	6153	1	1	280	-1	月缺诀Lv53	-1	-1	0	0	0	-1	0	-1	日月系统达到53级
6101	54	6154	1	1	280	-1	月缺诀Lv54	-1	-1	0	0	0	-1	0	-1	日月系统达到54级
6101	55	6155	1	1	280	-1	月缺诀Lv55	-1	-1	0	0	0	-1	0	-1	日月系统达到55级
6101	56	6156	1	1	280	-1	月缺诀Lv56	-1	-1	0	0	0	-1	0	-1	日月系统达到56级
6101	57	6157	1	1	280	-1	月缺诀Lv57	-1	-1	0	0	0	-1	0	-1	日月系统达到57级
6101	58	6158	1	1	280	-1	月缺诀Lv58	-1	-1	0	0	0	-1	0	-1	日月系统达到58级
6101	59	6159	1	1	280	-1	月缺诀Lv59	-1	-1	0	0	0	-1	0	-1	日月系统达到59级
6101	60	6160	1	1	280	-1	月缺诀Lv60	-1	-1	0	0	0	-1	0	-1	日月系统达到60级
6101	61	6161	1	1	280	-1	月缺诀Lv61	-1	-1	0	0	0	-1	0	-1	日月系统达到61级
6101	62	6162	1	1	280	-1	月缺诀Lv62	-1	-1	0	0	0	-1	0	-1	日月系统达到62级
6101	63	6163	1	1	280	-1	月缺诀Lv63	-1	-1	0	0	0	-1	0	-1	日月系统达到63级
6101	64	6164	1	1	280	-1	月缺诀Lv64	-1	-1	0	0	0	-1	0	-1	日月系统达到64级
6101	65	6165	1	1	280	-1	月缺诀Lv65	-1	-1	0	0	0	-1	0	-1	日月系统达到65级
6101	66	6166	1	1	280	-1	月缺诀Lv66	-1	-1	0	0	0	-1	0	-1	日月系统达到66级
6101	67	6167	1	1	280	-1	月缺诀Lv67	-1	-1	0	0	0	-1	0	-1	日月系统达到67级
6101	68	6168	1	1	280	-1	月缺诀Lv68	-1	-1	0	0	0	-1	0	-1	日月系统达到68级
6101	69	6169	1	1	280	-1	月缺诀Lv69	-1	-1	0	0	0	-1	0	-1	日月系统达到69级
6101	70	6170	1	1	280	-1	月缺诀Lv70	-1	-1	0	0	0	-1	0	-1	日月系统达到70级
6101	71	6171	1	1	280	-1	月缺诀Lv71	-1	-1	0	0	0	-1	0	-1	日月系统达到71级
6101	72	6172	1	1	280	-1	月缺诀Lv72	-1	-1	0	0	0	-1	0	-1	日月系统达到72级
6101	73	6173	1	1	280	-1	月缺诀Lv73	-1	-1	0	0	0	-1	0	-1	日月系统达到73级
6101	74	6174	1	1	280	-1	月缺诀Lv74	-1	-1	0	0	0	-1	0	-1	日月系统达到74级
6101	75	6175	1	1	280	-1	月缺诀Lv75	-1	-1	0	0	0	-1	0	-1	日月系统达到75级
6101	76	6176	1	1	280	-1	月缺诀Lv76	-1	-1	0	0	0	-1	0	-1	日月系统达到76级
6101	77	6177	1	1	280	-1	月缺诀Lv77	-1	-1	0	0	0	-1	0	-1	日月系统达到77级
6101	78	6178	1	1	280	-1	月缺诀Lv78	-1	-1	0	0	0	-1	0	-1	日月系统达到78级
6101	79	6179	1	1	280	-1	月缺诀Lv79	-1	-1	0	0	0	-1	0	-1	日月系统达到79级
6101	80	6180	1	1	280	-1	月缺诀Lv80	-1	-1	0	0	0	-1	0	-1	日月系统达到80级
6101	81	6181	1	1	280	-1	月缺诀Lv81	-1	-1	0	0	0	-1	0	-1	日月系统达到81级
6101	82	6182	1	1	280	-1	月缺诀Lv82	-1	-1	0	0	0	-1	0	-1	日月系统达到82级
6101	83	6183	1	1	280	-1	月缺诀Lv83	-1	-1	0	0	0	-1	0	-1	日月系统达到83级
6101	84	6184	1	1	280	-1	月缺诀Lv84	-1	-1	0	0	0	-1	0	-1	日月系统达到84级
6101	85	6185	1	1	280	-1	月缺诀Lv85	-1	-1	0	0	0	-1	0	-1	日月系统达到85级
6101	86	6186	1	1	280	-1	月缺诀Lv86	-1	-1	0	0	0	-1	0	-1	日月系统达到86级
6101	87	6187	1	1	280	-1	月缺诀Lv87	-1	-1	0	0	0	-1	0	-1	日月系统达到87级
6101	88	6188	1	1	280	-1	月缺诀Lv88	-1	-1	0	0	0	-1	0	-1	日月系统达到88级
6101	89	6189	1	1	280	-1	月缺诀Lv89	-1	-1	0	0	0	-1	0	-1	日月系统达到89级
6101	90	6190	1	1	280	-1	月缺诀Lv90	-1	-1	0	0	0	-1	0	-1	日月系统达到90级
6101	91	6191	1	1	280	-1	月缺诀Lv91	-1	-1	0	0	0	-1	0	-1	日月系统达到91级
6101	92	6192	1	1	280	-1	月缺诀Lv92	-1	-1	0	0	0	-1	0	-1	日月系统达到92级
6101	93	6193	1	1	280	-1	月缺诀Lv93	-1	-1	0	0	0	-1	0	-1	日月系统达到93级
6101	94	6194	1	1	280	-1	月缺诀Lv94	-1	-1	0	0	0	-1	0	-1	日月系统达到94级
6101	95	6195	1	1	280	-1	月缺诀Lv95	-1	-1	0	0	0	-1	0	-1	日月系统达到95级
6101	96	6196	1	1	280	-1	月缺诀Lv96	-1	-1	0	0	0	-1	0	-1	日月系统达到96级
6101	97	6197	1	1	280	-1	月缺诀Lv97	-1	-1	0	0	0	-1	0	-1	日月系统达到97级
6101	98	6198	1	1	280	-1	月缺诀Lv98	-1	-1	0	0	0	-1	0	-1	日月系统达到98级
6101	99	6199	1	1	280	-1	月缺诀Lv99	-1	-1	0	0	0	-1	0	-1	日月系统达到99级
6101	100	6200	1	1	280	-1	月缺诀Lv100	-1	-1	0	0	0	-1	0	-1	日月系统达到100级
